f1,f2,f3,f4,f5,f6,f7,f8,f9,f10,f11,f12,f13,f14
882,497,385,99478,41796,57682,50430,13542,36888,444.37903,5901717.5,88100,49900,0
76,40,36,14534,9082,5452,10340,6844,3496,467.97382,5845745,7500,4900,0
159,83,76,26554,15090,11464,17796,10444,7352,500.57465,5142588.5,15800,10100,0
74,35,39,32180,3790,28390,28054,1778,26276,514.91876,5052273,7300,2500,0
67,31,36,13042,7198,5844,9348,5468,3880,933.786,409036800,6600,4100,0
65,29,36,16510,3750,12760,12928,2124,10804,1338.6733,393241344,6300,3500,100
74,36,38,32186,3850,28336,28054,1778,26276,1326.5815,374797696,7300,2500,0
51,25,26,10860,2552,8308,8030,1134,6896,1296.3413,363109600,5000,2300,0
46,21,25,10910,2312,8598,8374,1134,7240,1282.7224,354036640,4500,2300,0
44,21,23,7722,2900,4822,5294,1722,3572,1280.3464,345719072,4300,2600,100
96,51,45,12760,5714,7046,7468,2864,4604,1252.8319,325629600,9500,6400,0
238,136,102,34138,14278,19860,21114,6770,14344,1183.7147,282732032,23700,14600,0
397,224,173,86310,20772,65538,64332,8148,56184,1104.0702,231927456,39600,27100,0
26,12,14,3292,1320,1972,1560,520,1040,1065.1694,229854976,2500,1200,0
28,13,15,3440,1394,2046,1560,520,1040,357.5,129091.25,2600,1200,0
103,48,55,12489,7043,5446,6791,4323,2468,1017.6479,2745081.8,10200,5300,0
86,30,56,11599,5963,5636,6927,4323,2604,1180.3265,1969782.8,8500,5400,0
26,12,14,3292,1320,1972,1560,520,1040,1153.0321,1825267.4,2500,1200,0
25,11,14,3142,1178,1964,1472,436,1036,1082.976,1706091.6,2200,1100,200
31,15,16,4597,2289,2308,2535,1291,1244,1008.99567,1584544.5,3000,1700,0
61,25,36,8511,4623,3888,5159,3235,1924,974.0815,1388839.5,5800,3600,300
92,37,55,11573,6127,5446,6535,4067,2468,1358.8485,44018188,9100,5300,0
26,12,14,3292,1320,1972,1560,520,1040,1623.4987,41625792,2500,1200,0
98,34,64,12721,6277,6444,7359,4415,2944,1569.1235,35699508,9700,6200,0
85,31,54,11415,6023,5392,6791,4323,2468,1530.7686,31578444,8400,5200,0
32,20,12,1896,1200,696,0,0,0,2895494.5,1210495330000000,1200,0,1000
25,12,13,3242,1336,1906,1576,536,1040,5481040.5,1165251740000000,2400,1200,0
27,12,15,3370,1320,2050,1560,520,1040,5274929.5,1123266490000000,2600,1200,0
105,48,57,12493,6803,5690,6687,4083,2604,4799242,973394280000000,10400,5500,0
26,12,14,3292,1320,1972,1560,520,1040,4402271,943916370000000,2500,1200,0
42,19,23,6041,3475,2566,3715,2411,1304,4227445,899346960000000,4100,2400,0
26,12,14,3012,1204,1808,1560,520,1040,4065977.8,874123760000000,2500,1200,0
26,12,14,3292,1320,1972,1560,520,1040,3951448,850276290000000,2500,1200,0
26,12,14,3292,1320,1972,1560,520,1040,3843197.5,827695030000000,2500,1200,0
24,11,13,4117,2367,1750,2787,1747,1040,3745264.2,808182590000000,2300,1100,0
33,19,14,1952,1140,812,0,0,0,5606480,1666754270000000,1400,0,900
26,12,14,3292,1320,1972,1560,520,1040,7340909.5,1626975220000000,2500,1200,0
26,12,14,3292,1320,1972,1560,520,1040,7162066.5,1589048640000000,2500,1200,0
87,31,56,11473,5893,5580,6735,4199,2536,6851044.5,1494053900000000,8600,5400,0
89,31,58,11647,5767,5880,6807,4067,2740,6441702,1409767310000000,8800,5600,0
26,12,14,3292,1320,1972,1560,520,1040,6189013,1381195040000000,2500,1200,0
3,2,1,178,120,58,0,0,0,6118753.5,1378654840000000,100,0,100
26,12,14,3308,1336,1972,1576,536,1040,6050071.5,1351316840000000,2500,1200,0
86,32,54,11219,5827,5392,6535,4067,2468,5821388,1279793420000000,8500,5300,0
111,54,57,13333,7687,5646,7155,4619,2536,5412313,1173583980000000,11000,5600,0
26,12,14,3292,1320,1972,1560,520,1040,5137282.5,1153711300000000,2500,1200,0
3,2,1,178,120,58,0,0,0,5088783.5,1151938010000000,100,0,100
24,11,13,3192,1322,1870,1592,588,1004,5045125.5,1134500040000000,2200,1100,200
26,12,14,3292,1320,1972,1560,520,1040,4963822.5,1115917870000000,2500,1200,0
5,3,2,330,182,148,32,0,32,4914790.5,1112604500000000,400,100,100
26,12,14,3292,1320,1972,1560,520,1040,4866719,1094726630000000,2500,1200,0
26,12,14,3292,1320,1972,1560,520,1040,4787472,1077414090000000,2500,1200,0
24,11,13,4117,2367,1750,2787,1747,1040,4714199,1062143530000000,2300,1100,0
85,32,53,11013,5671,5342,6375,3907,2468,4577431.5,1017438760000000,8400,5200,0
22,10,12,2896,1104,1792,1440,436,1004,4451437.5,1005156100000000,2000,1000,200
24,11,13,4189,2435,1754,2851,1811,1040,4393985.5,991851760000000,2300,1100,0
49,23,26,7464,3584,3880,4198,2050,2148,4467735,1043792950000000,4700,2200,0
26,12,14,3292,1320,1972,1560,520,1040,4535457.5,1029251000000000,2500,1200,0
26,12,14,3012,1204,1808,1560,520,1040,4471458.5,1015108540000000,2500,1200,0
102,46,56,12431,6795,5636,6799,4195,2604,4316439.5,961083020000000,10100,5400,0
26,12,14,3308,1336,1972,1576,536,1040,4171811.5,948739950000000,2500,1200,0
24,11,13,4117,2367,1750,2787,1747,1040,4120038.2,937790880000000,2300,1100,0
25,12,13,3242,1336,1906,1576,536,1040,4069536,926035010000000,2400,1200,0
115,38,77,14449,6787,7662,8115,4695,3420,3958662.5,888566860000000,11300,7100,0
87,32,55,11341,5827,5514,6603,4067,2536,3811551,859432020000000,8600,5300,0
26,12,14,3292,1320,1972,1560,520,1040,3726013,849547820000000,2500,1200,0
21,11,10,1240,660,580,0,0,0,4725964,2175049550000000,1000,0,500
24,13,11,1418,780,638,0,0,0,6775146.5,3149442610000000,1100,0,600
26,12,14,3292,1320,1972,1560,520,1040,7756113,3114553520000000,2500,1200,0
85,31,54,11159,5767,5392,6535,4067,2468,7595362.5,3023212720000000,8400,5200,0
24,11,13,4185,2367,1818,2855,1747,1108,7444829.5,2993944660000000,2300,1200,0
33,12,21,2346,720,1626,480,0,480,7432775,2969112770000000,3000,1500,0
10,3,7,586,180,406,0,0,0,7876286,3695443820000000,700,0,100
24,11,13,4117,2367,1750,2787,1747,1040,8254408,3660464800000000,2300,1100,0
85,31,54,11159,5767,5392,6535,4067,2468,8097497.5,3559389990000000,8400,5200,0
97,31,66,14231,6687,7544,8923,4991,3932,7873024.5,3463744830000000,9500,6300,0
26,12,14,3292,1320,1972,1560,520,1040,7726660.5,3429950150000000,2500,1200,0
26,12,14,3012,1204,1808,1560,520,1040,7650332.5,3396808300000000,2500,1200,0
26,12,14,3292,1320,1972,1560,520,1040,7575498.5,3364300500000000,2500,1200,0
24,11,13,4125,2371,1754,2787,1747,1040,7505420,3335283160000000,2300,1100,0
29,15,14,3586,1726,1860,1968,872,1096,7426902,3295489750000000,2800,1500,0
26,12,14,3292,1320,1972,1560,520,1040,7346839.5,3264883010000000,2500,1200,0
23,11,12,3541,1701,1840,2007,967,1040,7280909,3237547960000000,2200,1000,0
11,4,7,680,246,434,0,0,0,7240704,3229435840000000,700,0,100
87,32,55,11459,6001,5458,6715,4247,2468,7137604,3147935880000000,8600,5300,0
91,40,51,12053,6335,5718,7015,4083,2932,6934289,3051065310000000,9000,5100,100
23,11,12,3541,1701,1840,2007,967,1040,6798724.5,3027179390000000,2200,1000,0
26,12,14,3292,1320,1972,1560,520,1040,6742227.5,3001333080000000,2500,1200,0
26,12,14,3308,1336,1972,1576,536,1040,6684038.5,2975924320000000,2500,1200,0
85,31,54,11159,5767,5392,6535,4067,2468,6578244.5,2908764190000000,8400,5200,0
26,12,14,3292,1320,1972,1560,520,1040,6475748,2884891950000000,2500,1200,0
23,11,12,2956,1164,1792,1440,436,1004,6424471.5,2863527440000000,2000,1000,300
25,11,14,3226,1254,1972,1560,520,1040,6376386.5,2842477000000000,2400,1200,0
85,31,54,11175,5783,5392,6551,4083,2468,6282352.5,2781141920000000,8400,5200,0
31,14,17,5047,2877,2170,3339,2095,1244,6184312.5,2755377480000000,2900,1700,200
26,12,14,3012,1204,1808,1560,520,1040,6130907.5,2733946940000000,2500,1200,0
23,10,13,3386,1104,2282,1864,436,1428,6087102,2716659160000000,2100,1100,200
26,12,14,3292,1320,1972,1560,520,1040,6043919,2695824270000000,2500,1200,0
76,29,47,10351,5461,4890,6195,3863,2332,5961490,2644203060000000,7500,4700,100
108,41,67,13695,6953,6742,7751,4671,3080,5823036,2573796200000000,10700,6500,0
36,15,21,5679,3157,2522,3707,2327,1380,5717568,2550031610000000,3500,2100,100
85,31,54,11223,5831,5392,6599,4131,2468,5634391,2500556270000000,8400,5200,0
92,33,59,12125,6235,5890,7099,4427,2672,5521216.5,2449855520000000,9100,5700,0
32,15,17,4088,1722,2366,1960,724,1236,5440147,2428314380000000,3100,1800,0
102,36,66,13139,6507,6632,7543,4531,3012,5356372.5,2376083550000000,10100,6400,0
90,36,54,11715,6323,5392,6791,4323,2468,5241069,2326052010000000,8900,5200,0
26,12,14,3012,1204,1808,1560,520,1040,5167957.5,2310760050000000,2500,1200,0
24,12,12,3028,1236,1792,1440,436,1004,5133703,2295668070000000,2200,1000,200
15,10,5,890,600,290,0,0,0,5683681,3006158210000000,500,0,500
26,12,14,3292,1320,1972,1560,520,1040,6227110,2986786560000000,2500,1200,0
27,12,15,3410,1320,2090,1612,520,1092,6186592.5,2967662950000000,2600,1300,0
2,1,1,118,60,58,0,0,0,6166530.5,2967662950000000,100,0,0
26,12,14,3292,1320,1972,1560,520,1040,6146598.5,2948782540000000,2500,1200,0
9,3,6,634,206,428,0,0,0,6123217,2945375290000000,800,0,0
26,12,14,3308,1336,1972,1576,536,1040,6100013,2926776470000000,2500,1200,0
85,31,54,11351,5959,5392,6727,4259,2468,6027949,2877225970000000,8400,5200,0
26,11,15,3316,1222,2094,1576,488,1088,5959268,2861079850000000,2400,1200,200
30,14,16,4024,1464,2560,2016,520,1496,5920478.5,2840358780000000,2900,1400,0
26,12,14,3012,1204,1808,1560,520,1040,5880533.5,2823058650000000,2500,1200,0
13,7,6,2871,1619,1252,2135,1215,920,5852579,2813710120000000,1200,500,100
26,12,14,3308,1336,1972,1576,536,1040,5824889,2796732110000000,2500,1200,0
87,33,54,11295,5903,5392,6551,4083,2468,5755976.5,2748485670000000,8600,5200,0
26,12,14,3308,1336,1972,1576,536,1040,5688676,2732283170000000,2500,1200,0
26,12,14,3292,1320,1972,1560,520,1040,5654844,2716270460000000,2500,1200,0
26,12,14,3891,1851,2040,2159,1051,1108,5621412,2700444580000000,2500,1200,0
26,12,14,3012,1204,1808,1560,520,1040,5588373,2684801770000000,2500,1200,0
92,33,59,12067,6189,5878,7047,4375,2672,5524913,2640308870000000,9100,5600,0
11,6,5,1233,439,794,497,41,456,5471452.5,2633489530000000,900,300,100
26,12,14,3292,1320,1972,1560,520,1040,5448649.5,2618610690000000,2500,1200,0
22,10,12,2896,1104,1792,1440,436,1004,5420412.5,2606561430000000,2000,1000,200
22,10,12,2896,1104,1792,1440,436,1004,5395248.5,2594622760000000,2000,1000,200
9,5,4,556,300,256,32,0,32,5377220,2589351490000000,800,100,0
26,12,14,3292,1320,1972,1560,520,1040,5356566.5,2574965770000000,2500,1200,0
22,10,12,2896,1104,1792,1440,436,1004,5329273.5,2563314060000000,2000,1000,200
26,12,14,3292,1320,1972,1560,520,1040,5302257,2549215290000000,2500,1200,0
36,16,20,5461,3105,2356,3483,2215,1268,5267543,2530237980000000,3500,2100,0
26,12,14,3012,1204,1808,1560,520,1040,5233280.5,2516499720000000,2500,1200,0
26,12,14,3292,1320,1972,1560,520,1040,5204635,2502909910000000,2500,1200,0
24,11,13,4117,2367,1750,2787,1747,1040,5177583.5,2490682140000000,2300,1100,0
23,10,13,2970,1104,1866,1440,436,1004,5153350,2479778830000000,2100,1000,200
23,11,12,3541,1701,1840,2007,967,1040,5129342,2467775730000000,2200,1000,0
21,8,13,6910,2504,4406,5718,2046,3672,5108108,2459441080000000,2000,1200,100
23,11,12,3541,1701,1840,2007,967,1040,5087049.5,2447633410000000,2200,1000,0
82,27,55,11255,5381,5874,6763,3903,2860,5042925.5,2417456970000000,8100,5500,100
22,10,12,2896,1104,1792,1440,436,1004,5000756,2407183950000000,2000,1000,200
22,10,12,2896,1104,1792,1440,436,1004,4979330.5,2396997890000000,2000,1000,200
26,12,14,3292,1320,1972,1560,520,1040,4955739,2384664900000000,2500,1200,0
3,2,1,184,122,62,0,0,0,4941691,2383549810000000,100,0,100
3,2,1,184,122,62,0,0,0,4939357.5,2382436080000000,100,0,100
70,27,43,9545,5087,4458,5731,3603,2128,4908073,2353836690000000,6800,4300,200
28,13,15,3588,1538,2050,1712,672,1040,4864708,2340867230000000,2700,1300,0
26,12,14,3292,1320,1972,1560,520,1040,4838828,2329103320000000,2500,1200,0
101,37,64,13285,6897,6388,7731,4855,2876,4786797.5,2291416860000000,10000,6100,0
24,11,13,4185,2367,1818,2855,1747,1108,4736947,2281163970000000,2300,1200,0
26,12,14,3292,1320,1972,1560,520,1040,4714529,2269991150000000,2500,1200,0
26,12,14,3292,1320,1972,1560,520,1040,4691269.5,2258927310000000,2500,1200,0
29,13,16,4241,2001,2240,2311,1135,1176,4667197.5,2246979920000000,2800,1400,0
92,33,59,12321,6419,5902,7283,4611,2672,4621835,2215729340000000,9100,5700,0
24,11,13,3192,1322,1870,1592,588,1004,4579349.5,2206140960000000,2200,1100,200
98,34,64,13925,6765,7160,8527,4875,3652,4536661.5,2175079750000000,9500,5800,0
26,12,14,3292,1320,1972,1560,520,1040,4493796.5,2164919600000000,2500,1200,0
6,2,4,420,140,280,0,0,0,4482244.5,2164000620000000,500,100,0
26,14,12,3462,1674,1788,2004,876,1128,4468842,2152124760000000,2500,1400,0
6,4,2,356,240,116,0,0,0,4681444,2632413370000000,200,0,200
26,12,14,3292,1320,1972,1560,520,1040,4894679.5,2620260490000000,2500,1200,0
3,2,1,184,122,62,0,0,0,4882244,2619160980000000,100,0,100
6,1,5,372,62,310,0,0,0,4881210.5,2619160980000000,500,0,0
26,12,14,3292,1320,1972,1560,520,1040,4869872,2607129970000000,2500,1200,0
26,12,14,3292,1320,1972,1560,520,1040,4847352,2595208760000000,2500,1200,0
24,11,13,4117,2367,1750,2787,1747,1040,4826048.5,2584465700000000,2300,1100,0
24,11,13,4185,2367,1818,2855,1747,1108,4805933.5,2573810960000000,2300,1200,0
24,11,13,3192,1322,1870,1592,588,1004,4785985.5,2563243730000000,2200,1100,200
85,31,54,11175,5783,5392,6551,4083,2468,4746586,2532056630000000,8400,5200,0
23,11,12,3541,1701,1840,2007,967,1040,4707829.5,2521828700000000,2200,1000,0
23,11,12,3541,1701,1840,2007,967,1040,4688685.5,2511683180000000,2200,1000,0
26,12,14,3292,1320,1972,1560,520,1040,4668750.5,2500617200000000,2500,1200,0
23,11,12,3557,1717,1840,2023,983,1040,4648985,2490641330000000,2200,1000,0
99,44,55,11993,6547,5446,6535,4067,2468,4599858.5,2448636290000000,9800,5300,0
22,10,12,2896,1104,1792,1440,436,1004,4552659.5,2440023270000000,2000,1000,200
3,2,1,178,120,58,0,0,0,4543689.5,2439069780000000,100,0,100
85,31,54,11175,5783,5392,6551,4083,2468,4516110,2410814270000000,8400,5200,0
26,12,14,3012,1204,1808,1560,520,1040,4480142.5,2400617210000000,2500,1200,0
92,38,54,11803,6411,5392,6759,4291,2468,4438784.5,2366941440000000,9100,5200,0
86,31,55,11605,6079,5526,6915,4379,2536,4382308.5,2340323120000000,8500,5300,0
90,33,57,11757,6015,5742,6851,4195,2656,4331289.5,2312582190000000,8900,5500,0
26,12,14,3292,1320,1972,1560,520,1040,4296596,2303197420000000,2500,1200,0
92,33,59,12923,6181,6742,7891,4367,3524,4262456,2276324610000000,9100,5700,0
23,11,12,3541,1701,1840,2007,967,1040,4229629.5,2268054920000000,2200,1000,0
23,11,12,3541,1701,1840,2007,967,1040,4214171,2259845090000000,2200,1000,0
26,12,14,3292,1320,1972,1560,520,1040,4198061,2250882700000000,2500,1200,0
24,11,13,4117,2367,1750,2787,1747,1040,4182074,2242796620000000,2300,1100,0
51,20,31,7421,3727,3694,4579,2607,1972,4160205.8,2227591630000000,4900,3000,0
26,12,14,3292,1320,1972,1560,520,1040,4137822.5,2218882780000000,2500,1200,0
26,12,14,3012,1204,1808,1560,520,1040,4121553.2,2210241710000000,2500,1200,0
23,11,12,3541,1701,1840,2007,967,1040,4106142.2,2202444470000000,2200,1000,0
28,13,15,3440,1394,2046,1560,520,1040,4090121,2193159950000000,2600,1200,0
7,2,5,502,140,362,0,0,0,4080718.5,2192389680000000,600,0,0
26,12,14,3292,1320,1972,1560,520,1040,4072077.5,2183953420000000,2500,1200,0
26,12,14,3292,1320,1972,1560,520,1040,4056320.2,2175581730000000,2500,1200,0
86,32,54,11219,5827,5392,6535,4067,2468,4026578.8,2152330380000000,8500,5200,0
23,11,12,3541,1701,1840,2007,967,1040,3997963.2,2144935520000000,2200,1000,0
21,10,11,2690,1016,1674,1228,316,912,3984840,2138323560000000,1900,700,0
85,31,54,11159,5767,5392,6535,4067,2468,3958173.2,2116574920000000,8400,5200,0
87,32,55,11651,6193,5458,6907,4439,2468,3917171,2094561330000000,8600,5300,0
26,12,14,4020,1248,2772,2288,436,1852,3889429.8,2086859650000000,2400,1200,200
17,8,9,3449,1983,1466,2503,1531,972,3877659.5,2081988080000000,1600,800,100
24,11,13,4117,2367,1750,2787,1747,1040,3866607.8,2075067950000000,2300,1100,0
26,12,14,3292,1320,1972,1560,520,1040,3853042,2067508670000000,2500,1200,0
24,11,13,4117,2367,1750,2787,1747,1040,3839571.2,2060684370000000,2300,1100,0
21,10,11,2700,1442,1258,1262,774,488,3827471.8,2054580690000000,2000,900,0
86,31,55,11585,6071,5514,6907,4371,2536,3802869.5,2034494060000000,8500,5300,0
26,12,14,3292,1320,1972,1560,520,1040,3777336.5,2027227110000000,2500,1200,0
26,12,14,3292,1320,1972,1560,520,1040,3763774.8,2020011840000000,2500,1200,0
26,12,14,3292,1320,1972,1560,520,1040,3750309.5,2012847700000000,2500,1200,0
25,12,13,3530,1248,2282,1864,436,1428,3736940.8,2005734290000000,2300,1100,200
87,32,55,11523,6065,5458,6779,4311,2468,3711685.2,1985955030000000,8600,5400,0
24,11,13,4181,2431,1750,2851,1811,1040,3687358.8,1979657530000000,2300,1100,0
23,11,12,3541,1701,1840,2007,967,1040,3675605.2,1973399900000000,2200,1000,0
85,31,54,11159,5767,5392,6535,4067,2468,3652325.8,1954862020000000,8400,5200,0
14,7,7,2925,1619,1306,2135,1215,920,3631625.2,1951196130000000,1300,500,0
29,13,16,4241,2001,2240,2311,1135,1176,3621361,1943905550000000,2800,1400,0
106,42,64,13025,6761,6264,7155,4415,2740,3591479.8,1919401830000000,10300,6000,0
94,34,60,13041,6297,6744,7891,4427,3464,3550576.5,1900123460000000,9200,5700,0
26,12,14,3292,1320,1972,1560,520,1040,3526692,1893783150000000,2500,1200,0
86,32,54,11219,5827,5392,6535,4067,2468,3504190.8,1876140360000000,8500,5200,0
89,34,55,11445,5947,5498,6587,4067,2520,3470452.2,1857717100000000,8800,5400,0
22,10,12,2896,1104,1792,1440,436,1004,3448661.2,1852755210000000,2000,1000,200
26,12,14,3292,1320,1972,1560,520,1040,3438378,1846726550000000,2500,1200,0
38,17,21,5627,3165,2462,3535,2215,1320,3424593.8,1838027230000000,3700,2200,0
22,10,12,2896,1104,1792,1440,436,1004,3411929,1833169890000000,2000,1000,200
26,12,14,3292,1320,1972,1560,520,1040,3401864,1827267800000000,2500,1200,0
99,42,57,12117,6427,5690,6671,4067,2604,3375996.2,1805599550000000,9800,5500,0
26,12,14,3292,1320,1972,1560,520,1040,3350519.2,1799873420000000,2500,1200,0
26,12,14,3292,1320,1972,1560,520,1040,3339845,1794183400000000,2500,1200,0
26,12,14,3292,1320,1972,1560,520,1040,3329238.5,1788529340000000,2500,1200,0
97,43,54,12007,6615,5392,6663,4195,2468,3303965.8,1767264690000000,9600,5200,0
26,12,14,3292,1320,1972,1560,520,1040,3279074,1761778670000000,2500,1200,0
96,42,54,12075,6683,5392,6791,4323,2468,3255025.5,1741627360000000,9500,5200,0
26,12,14,3891,1851,2040,2159,1051,1108,3231327.5,1736299050000000,2500,1200,0
26,12,14,3292,1320,1972,1560,520,1040,3221398.5,1731003350000000,2500,1200,0
24,11,13,4181,2431,1750,2851,1811,1040,3211977.5,1726217020000000,2300,1100,0
26,12,14,3292,1320,1972,1560,520,1040,3202611.5,1720982520000000,2500,1200,0
24,11,13,4117,2367,1750,2787,1747,1040,3193300,1716251350000000,2300,1100,0
26,12,14,3292,1320,1972,1560,520,1040,3184042.5,1711077120000000,2500,1200,0
26,12,14,3292,1320,1972,1560,520,1040,3174401.8,1705933900000000,2500,1200,0
26,12,14,3292,1320,1972,1560,520,1040,3164819.2,1700821410000000,2500,1200,0
7,4,3,478,272,206,0,0,0,3158751.2,1699432530000000,600,0,0
33,14,19,5333,2987,2346,3523,2211,1312,3151845.2,1693439700000000,3200,1900,100
24,11,13,4189,2435,1754,2851,1811,1040,3141971,1688858580000000,2300,1100,0
24,11,13,3623,1717,1906,2023,983,1040,3133434,1684302160000000,2300,1100,0
8,5,3,504,302,202,32,0,32,3127485.5,1682486460000000,600,100,200
27,12,15,3374,1336,2038,1576,536,1040,3121137.2,1677513430000000,2600,1200,0
26,12,14,3292,1320,1972,1560,520,1040,3111872.8,1672569650000000,2500,1200,0
26,12,14,3292,1320,1972,1560,520,1040,3102663.2,1667655000000000,2500,1200,0
23,12,11,3288,1554,1734,2004,876,1128,3093508,1662769210000000,2200,1400,0
92,33,59,12205,6315,5890,7179,4507,2672,3075772.5,1648717010000000,9100,5700,0
89,34,55,11515,6057,5458,6651,4183,2468,3049347.2,1634472490000000,8800,5300,0
26,12,14,3292,1320,1972,1560,520,1040,3031714.8,1629778760000000,2500,1200,0
24,11,13,4117,2367,1750,2787,1747,1040,3023369.2,1625535200000000,2300,1100,0
24,11,13,4177,2371,1806,2839,1747,1092,3015464.5,1621313650000000,2300,1200,0
24,11,13,4125,2371,1754,2787,1747,1040,3007601.2,1617113840000000,2300,1100,0
103,43,60,13673,6505,7168,7987,4083,3904,2987367.2,1599709830000000,10100,5600,0
26,12,14,3292,1320,1972,1560,520,1040,2967022,1595213400000000,2500,1200,0
26,12,14,3292,1320,1972,1560,520,1040,2958648.8,1590742200000000,2500,1200,0
85,31,54,11159,5767,5392,6535,4067,2468,2943173.2,1578674420000000,8400,5200,0
24,11,13,4125,2371,1754,2787,1747,1040,2928230.8,1574692450000000,2300,1100,0
26,12,14,3292,1320,1972,1560,520,1040,2920445,1570335470000000,2500,1200,0
28,13,15,3452,1402,2050,1576,536,1040,2911964.5,1565609670000000,2700,1300,0
85,31,54,11159,5767,5392,6535,4067,2468,2896608.2,1553918770000000,8400,5200,0
26,12,14,3292,1320,1972,1560,520,1040,2881773.2,1549675740000000,2500,1200,0
23,11,12,4131,2367,1764,2855,1747,1108,2874232.2,1545838590000000,2200,1200,100
24,11,13,4117,2367,1750,2787,1747,1040,2867087.2,1542020230000000,2300,1100,0
26,12,14,3292,1320,1972,1560,520,1040,2859622.8,1537841900000000,2500,1200,0
26,12,14,3292,1320,1972,1560,520,1040,2851844.5,1533686110000000,2500,1200,0
26,12,14,3292,1320,1972,1560,520,1040,2844108.2,1529552740000000,2500,1200,0
26,12,14,3308,1336,1972,1576,536,1040,2836413.8,1525441520000000,2500,1200,0
88,33,55,11349,5903,5446,6551,4083,2468,2821497.5,1513606340000000,8700,5300,0
85,31,54,11159,5767,5392,6535,4067,2468,2800266,1502676450000000,8400,5200,0
26,12,14,3292,1320,1972,1560,520,1040,2786399.2,1498708300000000,2500,1200,0
27,13,14,3066,1262,1804,1562,522,1040,2778678.8,1494403270000000,2600,1200,0
26,12,14,3324,1352,1972,1592,552,1040,2771001,1490478610000000,2500,1200,0
26,12,14,3292,1320,1972,1560,520,1040,2763696.5,1486574480000000,2500,1200,0
26,12,14,3308,1336,1972,1576,536,1040,2756430.5,1482690890000000,2500,1200,0
26,12,14,3308,1336,1972,1576,536,1040,2749202.8,1478827440000000,2500,1200,0
23,11,12,3541,1701,1840,2007,967,1040,2742338.8,1475332670000000,2200,1000,0
24,11,13,4125,2371,1754,2787,1747,1040,2735833.5,1471854290000000,2300,1100,0
84,30,54,11227,5835,5392,6663,4195,2468,2723239.2,1461859230000000,8300,5200,0
26,12,14,3292,1320,1972,1560,520,1040,2710442,1458103410000000,2500,1200,0
89,33,56,11769,6189,5580,6911,4375,2536,2696818.8,1447286400000000,8800,5400,0
24,11,13,3056,1186,1870,1456,452,1004,2683644,1443938880000000,2200,1100,200
27,12,15,3358,1320,2038,1560,520,1040,2677103.2,1440274600000000,2600,1200,0
85,31,54,11159,5767,5392,6535,4067,2468,2664427.5,1430374570000000,8400,5200,0
23,11,12,4131,2367,1764,2855,1747,1108,2652176.5,1427104760000000,2100,1300,200
119,50,69,13544,5810,7734,5650,2502,3148,2634311,1411296460000000,11800,6500,0
99,48,51,12063,6869,5194,6575,4143,2432,2605750.5,1396458960000000,9800,5200,100
26,12,14,3292,1320,1972,1560,520,1040,2588791.5,1393031300000000,2500,1200,0
87,32,55,11395,5937,5458,6651,4183,2468,2576648.5,1383461450000000,8600,5300,0
94,40,54,11923,6531,5392,6759,4291,2468,2556662.5,1371607070000000,9300,5300,0
23,11,12,3541,1701,1840,2007,967,1040,2542854.5,1368600190000000,2200,1000,0
40,16,24,5963,2999,2964,3747,2095,1652,2535873.5,1364114360000000,3800,2300,100
26,12,14,3308,1336,1972,1576,536,1040,2528653.8,1360843340000000,2500,1200,0
22,10,12,2896,1104,1792,1440,436,1004,2523121.8,1358178850000000,2000,1000,200
25,12,13,4355,2537,1818,2971,1863,1108,2517614.2,1354936290000000,2300,1300,200
86,32,54,11235,5843,5392,6551,4083,2468,2506129,1345881020000000,8500,5200,0
91,36,55,11513,6067,5446,6535,4067,2468,2488294.8,1335801540000000,9000,5300,0
102,39,63,12578,4836,7742,5790,2234,3556,2468864.5,1325027740000000,10000,6000,0
26,12,14,3292,1320,1972,1560,520,1040,2455990.2,1321941410000000,2500,1200,0
16,8,8,3113,1749,1364,2207,1287,920,2451292.5,1319984780000000,1500,600,0
26,12,14,3292,1320,1972,1560,520,1040,2446612.2,1316921930000000,2500,1200,0
24,11,13,3176,1270,1906,1576,536,1040,2441174.8,1314149670000000,2300,1200,0
26,12,14,3012,1204,1808,1560,520,1040,2435761.5,1311113790000000,2500,1200,0
24,11,13,4117,2367,1750,2787,1747,1040,2430372.2,1308365960000000,2300,1100,0
60,23,37,8447,4517,3930,5179,3255,1924,2422207.2,1302361050000000,5900,3700,100
13,7,6,2871,1619,1252,2135,1215,920,2415109.8,1300732990000000,1200,500,100
26,12,14,3292,1320,1972,1560,520,1040,2410820.2,1297758590000000,2500,1200,0
26,12,14,3308,1336,1972,1576,536,1040,2405289.8,1294797890000000,2500,1200,0
26,12,14,3292,1320,1972,1560,520,1040,2399784.5,1291850600000000,2500,1200,0
26,12,14,3292,1320,1972,1560,520,1040,2394304.2,1288916600000000,2500,1200,0
85,31,54,11287,5895,5392,6663,4195,2468,2384160.8,1280982320000000,8400,5200,0
26,12,14,3308,1336,1972,1576,536,1040,2374102.8,1278097580000000,2500,1200,0
27,12,15,3358,1320,2038,1560,520,1040,2368739.2,1275225720000000,2600,1200,0
24,11,13,4125,2371,1754,2787,1747,1040,2363642.5,1272626060000000,2300,1100,0
28,13,15,3588,1538,2050,1712,672,1040,2358326.5,1269520530000000,2700,1300,0
29,13,16,4241,2001,2240,2311,1135,1176,2352554.2,1266430160000000,2800,1400,0
26,12,14,3308,1336,1972,1576,536,1040,2347049,1263610380000000,2500,1200,0
26,12,14,3292,1320,1972,1560,520,1040,2341806.8,1260803220000000,2500,1200,0
76,24,52,9450,3322,6128,4402,1730,2672,2333757,1254973740000000,7500,5000,0
93,38,55,11765,6251,5514,6667,4131,2536,2319689.8,1245708150000000,9200,5300,0
26,12,14,3292,1320,1972,1560,520,1040,2308555,1242979910000000,2500,1200,0
107,49,58,13301,7205,6096,7363,4431,2932,2295012.2,1231213040000000,10600,5400,0
6,1,5,372,62,310,0,0,0,2284112.5,1231213040000000,500,0,0
26,12,14,3292,1320,1972,1560,520,1040,2281627.2,1228547750000000,2500,1200,0
29,13,16,3538,1394,2144,1592,520,1072,2276449,1225653340000000,2700,1300,0
96,37,59,13367,7521,5846,8083,5479,2604,2265720.2,1217051460000000,9500,5700,0
90,35,55,11521,6007,5514,6603,4067,2536,2250254.8,1209037450000000,8900,5300,0
41,20,21,5755,3345,2410,3483,2215,1268,2238689.2,1204604780000000,4000,2200,0
92,32,60,12473,6409,6064,7447,4655,2792,2227888.8,1197442120000000,9100,5800,0
107,37,70,14815,6423,8392,8895,4367,4528,2213581,1189230140000000,10500,6800,100
26,12,14,3308,1336,1972,1576,536,1040,2203654.2,1186743350000000,2500,1200,0
103,49,54,12495,7103,5392,6791,4323,2468,2191307.2,1176012650000000,10200,5200,0
26,12,14,3292,1320,1972,1560,520,1040,2179097.8,1173580750000000,2500,1200,0
24,11,13,4125,2371,1754,2787,1747,1040,2174784,1171378780000000,2300,1200,0
22,10,12,2896,1104,1792,1440,436,1004,2170895.8,1169403900000000,2000,1000,200
23,11,12,4077,2377,1700,2787,1747,1040,2167021.5,1167217490000000,2200,1100,0
26,12,14,3292,1320,1972,1560,520,1040,2162755.8,1164821840000000,2500,1200,0
85,31,54,11159,5767,5392,6535,4067,2468,2154477,1158337920000000,8400,5200,0
85,31,54,11287,5895,5392,6663,4195,2468,2142476.5,1151925800000000,8400,5200,0
75,32,43,10103,5689,4414,5971,3911,2060,2130411.5,1145374090000000,7400,4300,100
26,12,14,3292,1320,1972,1560,520,1040,2122182,1143067290000000,2500,1200,0
91,36,55,11513,6067,5446,6535,4067,2468,2113249.8,1135788400000000,9000,5300,0
6,1,5,444,74,370,0,0,0,2106506.2,1135788400000000,500,0,0
24,11,13,4185,2367,1818,2855,1747,1108,2104584.8,1133725740000000,2300,1200,0
26,12,14,3308,1336,1972,1576,536,1040,2100560.8,1131465510000000,2500,1200,0
5,1,4,310,62,248,0,0,0,2098459,1131465510000000,400,0,0
26,12,14,3292,1320,1972,1560,520,1040,2096361.5,1129214150000000,2500,1200,0
36,16,20,5461,3105,2356,3483,2215,1268,2091420.5,1126158680000000,3500,2100,0
96,37,59,12233,6411,5822,6967,4363,2604,2081799.8,1118892400000000,9500,5700,0
25,11,14,4775,2435,2340,3383,1811,1572,2073198.6,1116890610000000,2400,1300,0
85,31,54,12235,6831,5404,7599,5131,2468,2065775.9,1110927990000000,8400,5200,0
26,12,14,3292,1320,1972,1560,520,1040,2058221.9,1108757620000000,2500,1200,0
89,33,56,11523,5887,5636,6671,4067,2604,2050358.4,1102491730000000,8800,5500,0
4,2,2,246,122,124,0,0,0,2044365.1,1102297050000000,200,0,100
23,11,12,3541,1701,1840,2007,967,1040,2042374.6,1100354180000000,2200,1000,0
23,11,12,3541,1701,1840,2007,967,1040,2038764.8,1098418090000000,2200,1000,0
22,10,12,2896,1104,1792,1440,436,1004,2035347.2,1096681450000000,2000,1000,200
87,32,55,11341,5827,5514,6603,4067,2536,2028192,1090741440000000,8600,5300,0
22,10,12,2896,1104,1792,1440,436,1004,2021086.9,1089029020000000,2000,1000,200
41,19,22,6041,3397,2644,3775,2327,1448,2016323.2,1085620090000000,4000,2200,100
20,10,10,2692,1020,1672,1368,364,1004,2011581.9,1083923650000000,1700,900,200
26,12,14,3292,1320,1972,1560,520,1040,2008079.9,1081857430000000,2500,1200,0
24,11,13,4181,2431,1750,2851,1811,1040,2004416.1,1079985830000000,2300,1100,0
43,14,29,7705,2971,4734,5343,2195,3148,2000431.8,1077562330000000,4200,2900,100
12,6,6,2811,1559,1252,2135,1215,920,1997327.4,1076633140000000,1100,500,100
23,11,12,4071,2371,1700,2787,1747,1040,1994737.4,1074779600000000,2200,1100,0
89,32,57,12303,6221,6082,7451,4467,2984,1987694.6,1069073870000000,8800,5500,0
26,12,14,3308,1336,1972,1576,536,1040,1980531.4,1067063820000000,2500,1200,0
22,10,12,2896,1104,1792,1440,436,1004,1977137,1065424820000000,2000,1000,200
26,12,14,3292,1320,1972,1560,520,1040,1973754,1063428470000000,2500,1200,0
22,10,12,2896,1104,1792,1440,436,1004,1970382.5,1061800610000000,2000,1000,200
26,12,14,3292,1320,1972,1560,520,1040,1967022.6,1059817740000000,2500,1200,0
22,10,12,2896,1104,1792,1440,436,1004,1963674.1,1058200950000000,2000,1000,200
26,12,14,3308,1336,1972,1576,536,1040,1960337.2,1056231510000000,2500,1200,0
26,12,14,3292,1320,1972,1560,520,1040,1956679.8,1054269380000000,2500,1200,0
85,31,54,11159,5767,5392,6535,4067,2468,1949901.5,1048955030000000,8400,5200,0
96,34,62,12833,6149,6684,7575,4267,3308,1939580.6,1043170780000000,9400,5900,0
26,12,14,3891,1851,2040,2159,1051,1108,1932436.8,1041256840000000,2500,1200,0
26,12,14,3292,1320,1972,1560,520,1040,1928882.4,1039349940000000,2500,1200,0
49,20,29,7123,3897,3226,4443,2791,1652,1924057.5,1036072540000000,4700,2900,200
24,11,13,4117,2367,1750,2787,1747,1040,1919416.5,1034355900000000,2300,1100,0
22,10,12,2896,1104,1792,1440,436,1004,1916387.5,1032815750000000,2000,1000,200
23,11,12,3541,1701,1840,2007,967,1040,1913367.9,1031109910000000,2200,1000,0
26,11,15,4365,2435,1930,2919,1811,1108,1910199.8,1029409640000000,2500,1200,0
27,12,15,3378,1332,2046,1560,520,1040,1906884.9,1027545830000000,2600,1200,0
26,12,14,3292,1320,1972,1560,520,1040,1903424.1,1025688790000000,2500,1200,0
26,12,14,3012,1204,1808,1560,520,1040,1899975.5,1023838400000000,2500,1200,0
92,35,57,12061,6483,5578,7023,4555,2468,1892962.6,1018160990000000,9100,5400,0
22,10,12,2896,1104,1792,1440,436,1004,1886309.8,1016668690000000,2000,1000,200
26,12,14,3292,1320,1972,1560,520,1040,1883230.4,1014850710000000,2500,1200,0
24,11,13,4125,2371,1754,2787,1747,1040,1880008,1013203590000000,2300,1100,0
91,36,55,11709,6195,5514,6731,4195,2536,1873141.5,1007480610000000,9000,5400,0
26,12,14,3308,1336,1972,1576,536,1040,1866174.1,1005695310000000,2500,1200,0
88,32,56,11581,6001,5580,6783,4247,2536,1859858.1,1000697780000000,8700,5400,0
40,19,21,5731,3285,2446,3519,2215,1304,1852548.2,997818680000000,3900,2200,0
26,12,14,3292,1320,1972,1560,520,1040,1848250,996067410000000,2500,1200,0
24,11,13,4117,2367,1750,2787,1747,1040,1845146,994480690000000,2300,1100,0
23,11,12,3541,1701,1840,2007,967,1040,1842199.5,992899000000000,2200,1000,0
26,12,14,3308,1336,1972,1576,536,1040,1839115.6,991164970000000,2500,1200,0
24,11,13,4125,2371,1754,2787,1747,1040,1836042.4,989593750000000,2300,1100,0
6,1,5,372,62,310,0,0,0,1834582.5,989593750000000,500,0,0
26,12,14,3292,1320,1972,1560,520,1040,1832979.2,987871200000000,2500,1200,0
26,12,14,3292,1320,1972,1560,520,1040,1829781,986154690000000,2500,1200,0
3,2,1,184,122,62,0,0,0,1828041.2,985998930000000,100,0,100
24,11,13,4177,2371,1806,2839,1747,1092,1826449.8,984444090000000,2300,1200,0
26,12,14,3012,1204,1808,1560,520,1040,1823418.8,982739390000000,2500,1200,0
23,11,12,3541,1701,1840,2007,967,1040,1820397.4,981194810000000,2200,1000,0
26,12,14,3292,1320,1972,1560,520,1040,1817386,979501320000000,2500,1200,0
94,33,61,12151,5997,6154,7023,4183,2840,1811254,974607940000000,9300,6000,0
27,12,15,3410,1320,2090,1612,520,1092,1805163.4,972937130000000,2600,1300,0
45,19,26,6499,3615,2884,4035,2563,1472,1801077.6,970215400000000,4400,2700,0
9,6,3,534,360,174,0,0,0,1879393.2,1077697560000000,300,0,300
23,10,13,3426,1104,2322,1904,436,1468,1958799.4,1076193780000000,2100,1100,200
6,4,2,412,272,140,0,0,0,1956971.5,1075693480000000,500,0,0
28,13,15,3588,1538,2050,1712,672,1040,1954691.4,1073696790000000,2700,1300,0
26,12,14,3292,1320,1972,1560,520,1040,1951205.5,1071873040000000,2500,1200,0
26,12,14,3292,1320,1972,1560,520,1040,1947882.9,1070055470000000,2500,1200,0
19,10,9,3569,2103,1466,2503,1531,972,1944872,1068572900000000,1600,800,300
24,11,13,3044,1178,1866,1440,436,1004,1942020.4,1066930480000000,2100,1000,200
24,11,13,4117,2367,1750,2787,1747,1040,1939027.8,1065293090000000,2300,1100,0
105,42,63,13009,6647,6362,7227,4299,2928,1931441.4,1058631860000000,10400,6100,0
24,11,13,4125,2371,1754,2787,1747,1040,1923914.2,1057019770000000,2300,1100,0
36,16,20,5461,3105,2356,3483,2215,1268,1920244.5,1054610900000000,3500,2100,0
26,12,14,3308,1336,1972,1576,536,1040,1916442.6,1052851300000000,2500,1200,0
87,32,55,11401,5955,5446,6663,4195,2468,1910334.2,1047923970000000,8500,5200,100
23,11,12,3541,1701,1840,2007,967,1040,1904408.8,1046344360000000,2200,1000,0
26,12,14,3292,1320,1972,1560,520,1040,1901386.9,1044612210000000,2500,1200,0
24,11,13,4185,2367,1818,2855,1747,1108,1898374.9,1043042540000000,2300,1200,0
22,10,12,2896,1104,1792,1440,436,1004,1895658.1,1041633860000000,2000,1000,200
26,12,14,3891,1851,2040,2159,1051,1108,1892806.5,1039917350000000,2500,1200,0
26,12,14,3292,1320,1972,1560,520,1040,1889679.5,1038206410000000,2500,1200,0
26,12,14,3292,1320,1972,1560,520,1040,1886562.9,1036501100000000,2500,1200,0
24,11,13,4321,2555,1766,2971,1931,1040,1883597.9,1034955720000000,2300,1100,0
38,18,20,5581,3225,2356,3483,2215,1268,1879799.6,1032339010000000,3700,2200,0
26,12,14,3308,1336,1972,1576,536,1040,1875876.8,1030652970000000,2500,1200,0
104,50,54,12299,6907,5392,6535,4067,2468,1867533,1023208510000000,10300,5300,0
26,12,14,3308,1336,1972,1576,536,1040,1859263.1,1021552130000000,2500,1200,0
22,10,12,2896,1104,1792,1440,436,1004,1856519.9,1020200830000000,2000,1000,200
6,1,5,372,62,310,0,0,0,1855288.1,1020200830000000,500,0,0
24,11,13,4125,2371,1754,2787,1747,1040,1853921.4,1018703630000000,2300,1100,0
25,12,13,3226,1320,1906,1560,520,1040,1851057.9,1017061740000000,2400,1200,0
23,11,12,3541,1701,1840,2007,967,1040,1848203,1015573740000000,2200,1000,0
26,12,14,3292,1320,1972,1560,520,1040,1845357,1013941920000000,2500,1200,0
20,10,10,2692,1020,1672,1368,364,1004,1842654.6,1012610680000000,1700,900,200
82,31,51,11101,5803,5298,6627,4091,2536,1837409.5,1008198410000000,8000,5100,200
21,10,11,3949,2307,1642,2787,1747,1040,1832194.2,1006882200000000,2000,1100,100
22,10,12,2896,1104,1792,1440,436,1004,1829796.4,1005569420000000,2000,1000,200
3,2,1,184,122,62,0,0,0,1828466.9,1005423790000000,100,0,100
85,31,54,11303,5911,5392,6679,4211,2468,1824359.5,1001073730000000,8400,5200,0
26,12,14,3292,1320,1972,1560,520,1040,1818954.8,999488150000000,2500,1200,0
89,35,54,11415,6023,5392,6551,4083,2468,1813060,994618860000000,8800,5200,0
26,12,14,3292,1320,1972,1560,520,1040,1807203.4,993053620000000,2500,1200,0
95,38,57,11877,6187,5690,6671,4067,2604,1800997.9,987824760000000,9400,5500,0
116,38,78,14505,6645,7860,8129,4561,3568,1791522.1,982650600000000,11500,7700,0
26,12,14,3292,1320,1972,1560,520,1040,1785430.6,981122800000000,2500,1200,0
26,12,14,3308,1336,1972,1576,536,1040,1782648.2,979599700000000,2500,1200,0
32,15,17,4088,1722,2366,1960,724,1236,1779497.4,977668100000000,3100,1800,0
120,48,72,14038,6046,7992,6018,2870,3148,1771858.5,971238670000000,11900,7000,0
88,33,55,11871,5893,5978,7067,4067,3000,1762063,966909410000000,8700,5300,0
3,2,1,184,122,62,0,0,0,1758003.2,966774720000000,100,0,100
85,31,54,11159,5767,5392,6535,4067,2468,1754206.4,962752020000000,8400,5200,0
2,1,1,118,60,58,0,0,0,1750547.8,962752020000000,100,0,0
26,12,14,3292,1320,1972,1560,520,1040,1749209.2,961285420000000,2500,1200,0
6,1,5,372,62,310,0,0,0,1747873,961285420000000,500,0,0
26,11,15,4927,2477,2450,3495,1863,1632,1746660.4,959955990000000,2500,1500,100
85,31,54,11159,5767,5392,6535,4067,2468,1741826.8,955989790000000,8400,5200,0
26,12,14,3292,1320,1972,1560,520,1040,1736899.6,954543660000000,2500,1200,0
27,14,13,3728,1886,1842,2228,1100,1128,1734031.8,952840240000000,2600,1600,0
51,20,31,7411,4041,3370,4623,2935,1688,1730222,950361570000000,5000,3000,0
85,31,54,11355,5951,5404,6719,4251,2468,1724415.5,946474090000000,8400,5200,0
24,11,13,3056,1186,1870,1456,452,1004,1719704.1,945185270000000,2200,1100,200
24,11,13,4117,2367,1750,2787,1747,1040,1717357.2,943900000000000,2300,1100,0
26,12,14,3292,1320,1972,1560,520,1040,1714899.9,942490240000000,2500,1200,0
22,10,12,2896,1104,1792,1440,436,1004,1712566.1,941339930000000,2000,1000,200
27,12,15,3370,1320,2050,1560,520,1040,1710238.6,939937760000000,2600,1200,0
24,11,13,4117,2367,1750,2787,1747,1040,1707801.6,938666710000000,2300,1100,0
88,34,54,11339,5947,5392,6535,4067,2468,1702834.8,934496500000000,8700,5300,0
26,12,14,3292,1320,1972,1560,520,1040,1697782.1,933114660000000,2500,1200,0
26,12,14,3308,1336,1972,1576,536,1040,1695266.1,931736850000000,2500,1200,0
26,12,14,3308,1336,1972,1576,536,1040,1692757.5,930363200000000,2500,1200,0
24,11,13,4117,2367,1750,2787,1747,1040,1690370,929117860000000,2300,1100,0
31,14,17,3658,1472,2186,1560,520,1040,1687763.1,927503960000000,2900,1200,0
24,11,13,4117,2367,1750,2787,1747,1040,1685164.1,926266270000000,2300,1100,0
35,15,20,5457,3049,2408,3523,2211,1312,1682461.1,924539020000000,3300,1900,100
26,12,14,3292,1320,1972,1560,520,1040,1679654.5,923186510000000,2500,1200,0
26,12,14,3891,1851,2040,2159,1051,1108,1677191.9,921837820000000,2500,1200,0
23,11,12,3541,1701,1840,2007,967,1040,1674848,920615230000000,2200,1000,0
83,36,47,10897,5407,5490,6303,3371,2932,1669851.6,916361540000000,8200,4700,100
85,31,54,11159,5767,5392,6535,4067,2468,1662686.8,912746650000000,8400,5200,0
26,12,14,3292,1320,1972,1560,520,1040,1658196.8,911428300000000,2500,1200,0
85,31,54,11159,5767,5392,6535,4067,2468,1653731.1,907852200000000,8400,5200,0
26,12,14,3292,1320,1972,1560,520,1040,1649289.6,906547940000000,2500,1200,0
65,30,35,8645,4891,3754,5059,3203,1856,1644980.1,903127400000000,6300,3500,200
51,20,31,7537,4135,3402,4755,3035,1720,1639838.5,900900330000000,5000,3100,100
29,13,16,3606,1438,2168,1664,572,1092,1636533.9,899499430000000,2800,1400,0
85,31,54,11175,5783,5392,6551,4083,2468,1632078.2,896016080000000,8400,5200,0
85,31,54,11351,5959,5392,6727,4259,2468,1625756,892559640000000,8400,5200,0
87,32,55,11341,5827,5514,6603,4067,2536,1619378.1,889015880000000,8600,5300,0
24,11,13,4181,2431,1750,2851,1811,1040,1615118.9,887878720000000,2300,1100,0
26,12,14,3308,1336,1972,1576,536,1040,1612945.2,886631240000000,2500,1200,0
50,20,30,7309,3961,3348,4575,2855,1720,1609850.9,884484690000000,4800,3000,200
85,31,54,11351,5959,5392,6727,4259,2468,1604823.5,881116430000000,8400,5200,0
26,12,14,3028,1220,1808,1576,536,1040,1600640.6,879887870000000,2500,1200,0
26,12,14,3292,1320,1972,1560,520,1040,1598404,878662660000000,2500,1200,0
26,12,14,3292,1320,1972,1560,520,1040,1596173.8,877440950000000,2500,1200,0
39,18,21,5635,3225,2410,3483,2215,1268,1593344.5,875559420000000,3800,2200,0
26,12,14,3012,1204,1808,1560,520,1040,1590525.2,874346290000000,2500,1200,0
22,10,12,2896,1104,1792,1440,436,1004,1588517.5,873356170000000,2000,1000,200
94,33,61,12163,6009,6154,7023,4183,2840,1584419.5,869853960000000,9300,5900,0
85,31,54,11287,5895,5392,6663,4195,2468,1578263.1,866596020000000,8400,5200,0
26,12,14,3292,1320,1972,1560,520,1040,1574217.2,865407590000000,2500,1200,0
86,31,55,11425,5927,5498,6747,4227,2520,1570192.1,862182810000000,8500,5300,0
29,13,16,4957,2561,2396,3307,1811,1496,1566090.8,860899620000000,2700,1200,0
26,12,14,3292,1320,1972,1560,520,1040,1563853.1,859726760000000,2500,1200,0
24,11,13,4117,2367,1750,2787,1747,1040,1561815.4,858663220000000,2300,1100,0
26,12,14,3292,1320,1972,1560,520,1040,1559782.9,857496390000000,2500,1200,0
26,12,14,3308,1336,1972,1576,536,1040,1557659.2,856332790000000,2500,1200,0
31,16,15,4945,2951,1994,3219,2043,1176,1555157,854751040000000,2900,1500,200
27,12,15,3426,1320,2106,1628,520,1108,1552663,853594820000000,2600,1300,0
25,14,11,3152,1542,1610,1744,736,1008,1550376.5,852232380000000,2400,1100,100
32,16,16,4334,2106,2228,2564,1212,1352,1547715.6,850665720000000,3100,2100,0
26,12,14,3308,1336,1972,1576,536,1040,1545245,849520570000000,2500,1200,0
26,12,14,3292,1320,1972,1560,520,1040,1543160.8,848378450000000,2500,1200,0
19,10,9,3569,2103,1466,2503,1531,972,1541270.8,847446240000000,1600,800,300
26,12,14,3308,1336,1972,1576,536,1040,1539385.5,846309680000000,2500,1200,0
85,31,54,11159,5767,5392,6535,4067,2468,1535536.6,843225430000000,8400,5200,0
26,12,14,3292,1320,1972,1560,520,1040,1531707,842100210000000,2500,1200,0
14,8,6,2931,1679,1252,2135,1215,920,1530031,841385640000000,1100,500,300
86,31,55,11281,5767,5514,6603,4067,2536,1526598.9,838337150000000,8500,5300,0
85,31,54,11159,5767,5392,6535,4067,2468,1521066.5,835310610000000,8400,5200,0
26,12,14,3292,1320,1972,1560,520,1040,1517308.6,834206330000000,2500,1200,0
44,18,26,6553,3557,2996,4143,2559,1584,1514752.4,832505520000000,4200,2600,200
26,12,14,3292,1320,1972,1560,520,1040,1512204.9,831408630000000,2500,1200,0
21,10,11,2842,1104,1738,1440,436,1004,1510390,830513400000000,2000,1000,100
24,11,13,4125,2371,1754,2787,1747,1040,1508670.1,829520860000000,2300,1100,0
24,11,13,4117,2367,1750,2787,1747,1040,1506863.9,828530730000000,2300,1100,0
38,17,21,5575,3165,2410,3483,2215,1268,1504522.4,826951460000000,3700,2200,0
12,6,6,2811,1559,1252,2135,1215,920,1502636.4,826459150000000,1100,500,100
24,11,13,4181,2431,1750,2851,1811,1040,1501292.1,825476340000000,2300,1100,0
22,11,11,2800,1134,1666,1320,400,920,1499503.9,824495810000000,2100,900,0
23,11,12,3541,1701,1840,2007,967,1040,1497719.8,823517630000000,2200,1000,0
26,12,14,3028,1220,1808,1576,536,1040,1495850.4,822444290000000,2500,1200,0
85,31,54,11473,6069,5404,6843,4375,2468,1492216,819531230000000,8400,5300,100
26,12,14,3292,1320,1972,1560,520,1040,1488599.2,818468300000000,2500,1200,0
85,31,54,11223,5831,5392,6599,4131,2468,1484999.9,815583290000000,8400,5200,0
23,11,12,3541,1701,1840,2007,967,1040,1481504.9,814626110000000,2200,1000,0
26,12,14,3292,1320,1972,1560,520,1040,1479675.9,813575860000000,2500,1200,0
89,33,56,11695,6171,5524,6831,4363,2468,1475946.4,810535830000000,8800,5500,0
24,11,13,4125,2371,1754,2787,1747,1040,1472321.8,809590460000000,2300,1100,0
24,11,13,4117,2367,1750,2787,1747,1040,1470601.5,808647320000000,2300,1100,0
92,33,59,11771,5889,5882,6739,4067,2672,1467003.5,805643990000000,9000,5500,0
26,12,14,3292,1320,1972,1560,520,1040,1463337.9,804616690000000,2500,1200,0
26,12,14,3292,1320,1972,1560,520,1040,1461468.5,803592070000000,2500,1200,0
25,12,13,4245,2427,1818,2855,1747,1108,1459604,802570000000000,2400,1200,0
22,10,12,2896,1104,1792,1440,436,1004,1457913.1,801735770000000,2000,1000,200
24,11,13,4117,2367,1750,2787,1747,1040,1456310.5,800810810000000,2300,1100,0
86,31,55,11361,5847,5514,6683,4147,2536,1452949.6,798048750000000,8500,5300,0
105,42,63,12682,5124,7558,5604,2344,3260,1447025.6,794304540000000,10400,6100,0
26,12,14,3292,1320,1972,1560,520,1040,1442717.8,793305960000000,2500,1200,0
98,35,63,13167,6925,6242,7799,4991,2808,1439009,790235260000000,9700,5800,0
20,10,10,2692,1020,1672,1368,364,1004,1435482.9,789426460000000,1700,900,200
26,12,14,3292,1320,1972,1560,520,1040,1433847.2,788440100000000,2500,1200,0
24,11,13,4117,2367,1750,2787,1747,1040,1432134.1,787545540000000,2300,1100,0
29,14,15,3526,1472,2054,1560,520,1040,1430262.9,786385690000000,2700,1200,0
26,12,14,3308,1336,1972,1576,536,1040,1428315.2,785406910000000,2500,1200,0
44,20,24,5792,2208,3584,2880,872,2008,1426032.2,783721940000000,4000,2000,400
22,10,12,2896,1104,1792,1440,436,1004,1423918.1,782926370000000,2000,1000,200
26,12,14,3292,1320,1972,1560,520,1040,1422309.2,781956170000000,2500,1200,0
25,12,13,3570,1248,2322,1904,436,1468,1420543.8,780988460000000,2300,1100,200
26,12,14,3292,1320,1972,1560,520,1040,1418782.8,780023040000000,2500,1200,0
22,10,12,2896,1104,1792,1440,436,1004,1417185.5,779234980000000,2000,1000,200
23,11,12,3541,1701,1840,2007,967,1040,1415671.4,778361150000000,2200,1000,0
92,33,59,12315,6013,6302,7295,4199,3096,1412337.6,775578150000000,9100,5800,0
26,12,14,3292,1320,1972,1560,520,1040,1408940.6,774626140000000,2500,1200,0
85,38,47,10118,4224,5894,4474,1714,2760,1405167.1,771440820000000,8300,4600,100
89,33,56,11523,5887,5636,6671,4067,2604,1399779.4,768707010000000,8800,5400,0
26,12,14,3308,1336,1972,1576,536,1040,1396442.5,767771710000000,2500,1200,0
26,12,14,3292,1320,1972,1560,520,1040,1394740.5,766838690000000,2500,1200,0
22,10,12,2896,1104,1792,1440,436,1004,1393196.9,766077010000000,2000,1000,200
26,12,14,3292,1320,1972,1560,520,1040,1391656.6,765148160000000,2500,1200,0
26,12,14,3012,1204,1808,1560,520,1040,1389966.2,764221450000000,2500,1200,0
25,11,14,4247,2431,1816,2851,1811,1040,1388356.6,763381040000000,2400,1100,0
26,12,14,3292,1320,1972,1560,520,1040,1386750.8,762458630000000,2500,1200,0
97,42,55,12393,6867,5526,7043,4507,2536,1382794,759040240000000,9600,5400,0
26,12,14,3292,1320,1972,1560,520,1040,1378859.6,758128370000000,2500,1200,0
84,30,54,11163,5771,5392,6599,4131,2468,1375847,755734660000000,8300,5200,0
26,12,14,3292,1320,1972,1560,520,1040,1372847.4,754830640000000,2500,1200,0
28,14,14,3488,1464,2024,1612,520,1092,1371053,753765080000000,2700,1300,0
26,12,14,3292,1320,1972,1560,520,1040,1369263.5,752865760000000,2500,1200,0
26,12,14,3292,1320,1972,1560,520,1040,1367627.2,751968650000000,2500,1200,0
22,10,12,2896,1104,1792,1440,436,1004,1366143,751236220000000,2000,1000,200
85,31,54,11159,5767,5392,6535,4067,2468,1363259.4,748805000000000,8400,5200,0
110,42,68,13689,6789,6900,7631,4447,3184,1358046,745507610000000,10900,6600,0
26,12,14,3292,1320,1972,1560,520,1040,1354253.8,744627940000000,2500,1200,0
28,13,15,3424,1386,2038,1560,520,1040,1352580.4,743670630000000,2700,1200,0
102,46,56,12517,6937,5580,6879,4343,2536,1348452.6,740102460000000,10100,5400,0
91,31,60,12865,6585,6280,7911,4891,3020,1343065.4,737742640000000,9000,5900,0
26,12,14,3012,1204,1808,1560,520,1040,1340140.5,736881160000000,2500,1200,0
26,12,14,3292,1320,1972,1560,520,1040,1338573,736021700000000,2500,1200,0
22,10,12,2896,1104,1792,1440,436,1004,1337151.1,735319940000000,2000,1000,200
24,11,13,4125,2371,1754,2787,1747,1040,1335803.2,734541820000000,2300,1200,0
11,6,5,1256,430,826,508,20,488,1334741.5,734153390000000,900,400,100
6,2,4,370,122,248,0,0,0,1334318.6,734075740000000,400,0,100
10,3,7,620,186,434,0,0,0,1334108.1,733920520000000,700,0,0
104,50,54,12315,6923,5392,6551,4083,2468,1330519.4,730137730000000,10300,5200,0
21,9,12,2830,1038,1792,1440,436,1004,1326530,729523880000000,1900,1000,200
26,12,14,3012,1204,1808,1560,520,1040,1325203.5,728681470000000,2500,1200,0
27,12,15,4641,2647,1994,3155,1979,1176,1323670.8,727841000000000,2600,1500,100
85,31,54,11287,5895,5392,6663,4195,2468,1320825.4,725558620000000,8400,5200,0
26,12,14,3292,1320,1972,1560,520,1040,1317992,724725330000000,2500,1200,0
30,13,17,4088,1470,2618,2068,604,1464,1316407.1,723818490000000,2900,1400,0
26,12,14,3292,1320,1972,1560,520,1040,1314826,722989160000000,2500,1200,0
26,12,14,3292,1320,1972,1560,520,1040,1313317.1,722161770000000,2500,1200,0
26,12,14,3633,1625,2008,1901,825,1076,1311811.6,721336270000000,2500,1300,0
26,12,14,3308,1336,1972,1576,536,1040,1310309.8,720512640000000,2500,1200,0
26,12,14,3907,1867,2040,2175,1067,1108,1308811.2,719690890000000,2500,1200,0
106,34,72,15029,7289,7740,9235,5427,3808,1305829.9,717236860000000,10500,7100,0
26,12,14,3308,1336,1972,1576,536,1040,1302862.1,716422560000000,2500,1200,0
85,31,54,11159,5767,5392,6535,4067,2468,1300105.4,714211120000000,8400,5200,0
26,12,14,3308,1336,1972,1576,536,1040,1297360.2,713403660000000,2500,1200,0
26,12,14,3308,1336,1972,1576,536,1040,1295891.2,712598090000000,2500,1200,0
105,49,56,12415,6847,5568,6603,4067,2536,1291974.6,709103800000000,10400,5400,0
86,32,54,11341,5937,5404,6651,4183,2468,1286766.6,706865250000000,8500,5300,100
24,11,13,4117,2367,1750,2787,1747,1040,1284077.5,706146180000000,2300,1100,0
92,33,59,11997,6107,5890,6971,4299,2672,1281334.4,703854880000000,9100,5700,0
26,12,14,3028,1220,1808,1576,536,1040,1278538,703070640000000,2500,1200,0
26,12,14,3292,1320,1972,1560,520,1040,1277111.1,702288220000000,2500,1200,0
85,31,54,11367,5975,5392,6743,4275,2468,1274462,700163020000000,8400,5200,0
85,31,54,11175,5783,5392,6551,4083,2468,1270605.6,698050700000000,8400,5200,0
23,11,12,3541,1701,1840,2007,967,1040,1268047.2,697349410000000,2200,1000,0
26,12,14,3292,1320,1972,1560,520,1040,1266707.6,696579610000000,2500,1200,0
22,10,12,2896,1104,1792,1440,436,1004,1265434.4,695951060000000,2000,1000,200
34,15,19,5609,2811,2798,3715,1963,1752,1263974,694975570000000,3300,1800,0
40,17,23,6085,3387,2698,3891,2443,1448,1262074.4,693864050000000,3800,2300,200
14,7,7,2925,1619,1306,2135,1215,920,1260684.8,693448110000000,1300,600,0
22,10,12,2896,1104,1792,1440,436,1004,1259738.6,692825200000000,2000,1000,200
24,11,13,4125,2371,1754,2787,1747,1040,1258542.5,692134380000000,2300,1100,0
23,11,12,3541,1701,1840,2007,967,1040,1257285.6,691444910000000,2200,1000,0
23,10,13,2994,1104,1890,1472,436,1036,1256094,690825560000000,2100,1100,200
27,13,14,3374,1402,1972,1576,536,1040,1254779.5,690001530000000,2600,1200,0
26,12,14,3292,1320,1972,1560,520,1040,1253343,689247900000000,2500,1200,0
87,32,55,11341,5827,5514,6603,4067,2536,1250729.6,687132760000000,8600,5300,0
88,32,56,11459,5891,5568,6667,4131,2536,1246892.5,685030570000000,8700,5300,0
26,12,14,3292,1320,1972,1560,520,1040,1244305.9,684287750000000,2500,1200,0
26,12,14,3292,1320,1972,1560,520,1040,1242954.5,683546460000000,2500,1200,0
26,12,14,3292,1320,1972,1560,520,1040,1241606,682806850000000,2500,1200,0
86,31,55,11213,5767,5446,6535,4067,2468,1239102.2,680797820000000,8500,5200,0
26,12,14,4361,2489,1872,2923,1815,1108,1236608.5,680064120000000,2500,1400,0
26,12,14,3292,1320,1972,1560,520,1040,1235274.1,679331960000000,2500,1200,0
89,34,55,11461,5947,5514,6603,4067,2536,1232614.9,677145080000000,8800,5300,0
26,12,14,3292,1320,1972,1560,520,1040,1229967,676419230000000,2500,1200,0
26,12,14,3292,1320,1972,1560,520,1040,1228646.6,675694930000000,2500,1200,0
26,12,14,3292,1320,1972,1560,520,1040,1227329.1,674972160000000,2500,1200,0
88,33,55,11403,5957,5446,6599,4131,2468,1224763.8,672878370000000,8700,5200,0
3,2,1,178,120,58,0,0,0,1222802.8,672813200000000,100,0,100
100,46,54,12315,6923,5392,6791,4323,2468,1220081.8,669891220000000,9900,5200,0
27,12,15,3426,1336,2090,1628,536,1092,1216784.8,669180870000000,2600,1300,0
88,32,56,11587,6067,5520,6779,4311,2468,1214321.8,667186930000000,8600,5300,0
14,7,7,2925,1619,1306,2135,1215,920,1212160.4,666802400000000,1300,600,0
36,16,20,5461,3105,2356,3483,2215,1268,1210936.5,665842940000000,3500,2200,0
26,12,14,3292,1320,1972,1560,520,1040,1209424.5,665141120000000,2500,1200,0
23,10,13,3386,1104,2282,1864,436,1428,1208263.9,664567940000000,2100,1100,200
87,32,55,11341,5827,5514,6603,4067,2536,1205950.8,662601380000000,8600,5300,0
26,12,14,3308,1336,1972,1576,536,1040,1203531.4,661906400000000,2500,1200,0
23,10,13,3002,1156,1846,1492,488,1004,1202382,661338800000000,2000,1100,200
26,12,14,3012,1204,1808,1560,520,1040,1201234.8,660646430000000,2500,1200,0
22,10,12,2896,1104,1792,1440,436,1004,1200089.8,660081040000000,2000,1000,200
22,10,12,2896,1104,1792,1440,436,1004,1199061.1,659516590000000,2000,1000,200
26,12,14,3292,1320,1972,1560,520,1040,1197920.2,658827980000000,2500,1200,0
89,35,54,11655,6263,5392,6791,4323,2468,1195362.6,656708750000000,8800,5200,0
64,22,42,10431,5307,5124,6827,4099,2728,1192257.6,655406570000000,6300,4200,100
36,16,20,5461,3105,2356,3483,2215,1268,1190235.6,654479670000000,3500,2100,0
26,12,14,3292,1320,1972,1560,520,1040,1188775,653801530000000,2500,1200,0
26,12,14,3292,1320,1972,1560,520,1040,1187541.8,653124870000000,2500,1200,0
24,11,13,3028,1178,1850,1424,436,988,1186367.1,652510890000000,2100,1000,200
26,12,14,3324,1352,1972,1592,552,1040,1185194.8,651836850000000,2500,1200,0
26,12,14,3308,1336,1972,1576,536,1040,1183968.8,651164220000000,2500,1200,0
26,12,14,3308,1336,1972,1576,536,1040,1182745.4,650493000000000,2500,1200,0
26,12,14,3292,1320,1972,1560,520,1040,1181524.4,649823120000000,2500,1200,0
66,25,41,9139,4857,4282,5547,3487,2060,1179588.1,648366380000000,6500,4100,100
23,11,12,3541,1701,1840,2007,967,1040,1177713.1,647761330000000,2200,1000,0
26,12,14,3292,1320,1972,1560,520,1040,1176557.5,647097090000000,2500,1200,0
26,12,14,3292,1320,1972,1560,520,1040,1175349.4,646434190000000,2500,1200,0
32,15,17,4088,1722,2366,1960,724,1236,1173979.6,645592440000000,3100,1800,0
26,12,14,3292,1320,1972,1560,520,1040,1172613.2,644932620000000,2500,1200,0
26,12,14,3292,1320,1972,1560,520,1040,1171413.1,644274220000000,2500,1200,0
89,33,56,11577,5997,5580,6719,4183,2536,1169075.8,642366250000000,8800,5500,0
26,12,14,3292,1320,1972,1560,520,1040,1166747.6,641713010000000,2500,1200,0
27,14,13,3699,1757,1942,1901,825,1076,1165451.5,640942730000000,2600,1300,0
25,12,13,3226,1320,1906,1560,520,1040,1164158.4,640292380000000,2400,1200,0
29,13,16,4241,2001,2240,2311,1135,1176,1162921.9,639584380000000,2800,1400,0
26,12,14,3292,1320,1972,1560,520,1040,1161688,638936850000000,2500,1200,0
97,36,61,12417,6351,6066,7103,4363,2740,1159229.8,636885000000000,9600,5900,0
86,32,54,11219,5827,5392,6535,4067,2468,1155721.4,635078630000000,8500,5200,0
27,12,15,3358,1320,2038,1560,520,1040,1153499.1,634440090000000,2600,1200,0
23,11,12,3541,1701,1840,2007,967,1040,1152390.5,633860740000000,2200,1000,0
87,33,54,11407,6015,5392,6663,4195,2468,1150181,632013900000000,8600,5200,0
26,12,14,3891,1851,2040,2159,1051,1108,1147927.6,631381530000000,2500,1200,0
3,2,1,184,122,62,0,0,0,1147300,631324160000000,100,0,100
24,11,13,4117,2367,1750,2787,1747,1040,1146725.4,630750440000000,2300,1100,0
87,32,55,11401,5955,5446,6663,4195,2468,1144589.8,628978630000000,8600,5200,0
88,31,57,11525,5767,5758,6739,4067,2672,1141427.6,627273460000000,8700,5500,0
22,10,12,2896,1104,1792,1440,436,1004,1139414.9,626763710000000,2000,1000,200
27,14,13,4475,2657,1818,2971,1863,1108,1138281.9,626028860000000,2500,1300,200
91,33,58,12045,5889,6156,7067,4067,3000,1135972.8,624227330000000,8900,5400,0
25,13,12,3673,1833,1840,2007,967,1040,1133723.9,623554420000000,2400,1000,0
39,17,22,5629,3165,2464,3483,2215,1268,1132296.6,622659460000000,3800,2100,0
26,12,14,3292,1320,1972,1560,520,1040,1130924,622045680000000,2500,1200,0
29,12,17,3626,1320,2306,1696,520,1176,1129807.9,621433110000000,2800,1400,0
22,10,12,2896,1104,1792,1440,436,1004,1128795,620932750000000,2000,1000,200
90,36,54,11475,6083,5392,6551,4083,2468,1126574.5,618994780000000,8900,5300,0
26,12,14,3292,1320,1972,1560,520,1040,1124262.1,618388180000000,2500,1200,0
26,12,14,3292,1320,1972,1560,520,1040,1123159,617782790000000,2500,1200,0
24,11,13,3192,1322,1870,1592,588,1004,1122108,617233440000000,2200,1100,200
26,12,14,3292,1320,1972,1560,520,1040,1121059.1,616630270000000,2500,1200,0
26,12,14,3292,1320,1972,1560,520,1040,1119962.2,616028300000000,2500,1200,0
99,45,54,11999,6607,5392,6535,4067,2468,1117230.5,613632110000000,9800,5300,0
88,32,56,11517,5937,5580,6719,4183,2536,1113527.6,611955060000000,8700,5400,0
26,12,14,3292,1320,1972,1560,520,1040,1111464.9,611362220000000,2500,1200,0
52,18,34,7421,3617,3804,4519,2619,1900,1110094.1,610448200000000,5100,2900,0
24,11,13,4117,2367,1750,2787,1747,1040,1108775.6,609911800000000,2300,1100,0
3,2,1,178,120,58,0,0,0,1108238.9,609858240000000,100,0,100
30,13,17,4404,1350,3054,2384,484,1900,1107605.6,609215950000000,2900,1300,0
31,17,14,3714,1850,1864,1968,872,1096,1106245.9,608361580000000,3000,1500,0
62,28,34,8297,4597,3700,4879,3023,1856,1104163.1,606925390000000,6100,3400,100
3,2,1,184,122,62,0,0,0,1102809.9,606872370000000,100,0,100
24,11,13,4117,2367,1750,2787,1747,1040,1102279,606342210000000,2300,1100,0
26,12,14,3891,1851,2040,2159,1051,1108,1101266.8,605760170000000,2500,1200,0
13,7,6,2871,1619,1252,2135,1215,920,1100451.2,605443150000000,1200,500,100
78,29,49,10573,5619,4954,6327,4027,2300,1098822,603968100000000,7700,4800,0
23,11,12,3541,1701,1840,2007,967,1040,1097003.9,603443040000000,2200,1000,0
27,12,15,3358,1320,2038,1560,520,1040,1096001.2,602866510000000,2600,1200,0
29,13,16,4241,2001,2240,2311,1135,1176,1094905.2,602238900000000,2800,1400,0
45,19,26,6961,3621,3340,4491,2563,1928,1093479.4,601299850000000,4400,2700,0
9,6,3,534,360,174,0,0,0,1118721.6,619620230000000,300,0,300
24,11,13,4181,2431,1750,2851,1811,1040,1144310,619084240000000,2300,1100,0
23,11,12,2956,1164,1792,1440,436,1004,1143318.9,618549180000000,2000,1000,300
26,12,14,3292,1320,1972,1560,520,1040,1142279.9,617961710000000,2500,1200,0
97,33,64,13722,6822,6900,8414,5014,3400,1140160.2,616258890000000,9600,6200,0
86,31,55,11409,5895,5514,6731,4195,2536,1137118.1,614671090000000,8500,5300,0
89,32,57,11585,5827,5758,6739,4067,2672,1134140.2,613038870000000,8800,5500,0
26,12,14,3292,1320,1972,1560,520,1040,1132098.5,612461800000000,2500,1200,0
26,12,14,3292,1320,1972,1560,520,1040,1131031.4,611885800000000,2500,1200,0
36,16,20,5461,3105,2356,3483,2215,1268,1129772.9,611102110000000,3500,2100,0
27,13,14,3358,1386,1972,1560,520,1040,1128469,610476590000000,2600,1200,0
23,11,12,3541,1701,1840,2007,967,1040,1127408.6,609956290000000,2200,1000,0
22,10,12,2896,1104,1792,1440,436,1004,1126494.5,609488810000000,2000,1000,200
23,11,12,3541,1701,1840,2007,967,1040,1125581.9,608970190000000,2200,1000,0
26,12,14,3292,1320,1972,1560,520,1040,1124574.9,608400770000000,2500,1200,0
24,11,13,4117,2367,1750,2787,1747,1040,1123569.8,607883970000000,2300,1100,0
29,14,15,3554,1464,2090,1612,520,1092,1122471,607213480000000,2800,1300,0
26,12,14,3292,1320,1972,1560,520,1040,1121326.8,606647350000000,2500,1200,0
95,33,62,12653,6017,6636,7459,4195,3264,1119284.4,605006270000000,9300,5800,0
24,11,13,4181,2431,1750,2851,1811,1040,1117296.9,604495240000000,2300,1100,0
26,12,14,3308,1336,1972,1576,536,1040,1116304.8,603934140000000,2500,1200,0
6,1,5,350,60,290,0,0,0,1115785.8,603934140000000,500,0,0
18,12,6,1068,720,348,0,0,0,1163319.4,629863870000000,600,0,600
23,11,12,3541,1701,1840,2007,967,1040,1210297.8,629333440000000,2200,1000,0
26,12,14,3292,1320,1972,1560,520,1040,1209225.8,628751000000000,2500,1200,0
85,31,54,11159,5767,5392,6535,4067,2468,1207139.5,627167970000000,8400,5200,0
100,44,56,12183,6547,5636,6671,4067,2604,1203443.2,624912840000000,9900,5400,0
104,46,58,12677,6909,5768,6919,4315,2604,1199017.8,622570070000000,10300,5700,0
29,15,14,3490,1518,1972,1560,520,1040,1196069,621844830000000,2800,1200,0
92,33,59,12083,6221,5862,7063,4407,2656,1193779.9,620193410000000,9100,5600,0
26,12,14,3292,1320,1972,1560,520,1040,1191647.9,619627750000000,2500,1200,0
49,21,28,7357,3749,3608,4639,2559,2080,1190115.5,618601930000000,4700,2700,100
26,12,14,3308,1336,1972,1576,536,1040,1188587,618039150000000,2500,1200,0
52,23,29,7303,4077,3226,4443,2791,1652,1186966.6,616916690000000,5000,2900,200
22,10,12,2896,1104,1792,1440,436,1004,1185448.8,616458670000000,2000,1000,200
22,10,12,2896,1104,1792,1440,436,1004,1184567.1,616001390000000,2000,1000,200
24,11,13,4189,2435,1754,2851,1811,1040,1183638.2,615494050000000,2300,1100,0
31,15,16,1828,900,928,0,0,0,1264402.2,690010520000000,1600,0,700
87,32,55,11597,6083,5514,6859,4323,2536,1343844.9,688255890000000,8600,5300,0
48,6,42,3888,360,3528,1248,0,1248,1348831.4,689635650000000,4500,3900,0
90,34,56,11589,5953,5636,6671,4067,2604,1353692,687774720000000,8900,5500,0
98,42,56,12011,6443,5568,6619,4083,2536,1349596.1,685476650000000,9700,5400,0
26,12,14,3308,1336,1972,1576,536,1040,1346732.4,684862670000000,2500,1200,0
22,10,12,2896,1104,1792,1440,436,1004,1345633.6,684361160000000,2000,1000,200
26,12,14,3292,1320,1972,1560,520,1040,1344536.6,683749200000000,2500,1200,0
63,24,39,8857,4751,4106,5427,3435,1992,1342676.4,682473190000000,6200,3900,100
26,12,14,3292,1320,1972,1560,520,1040,1340821.4,681864580000000,2500,1200,0
26,12,14,3292,1320,1972,1560,520,1040,1339623.2,681257110000000,2500,1200,0
72,33,39,12479,7229,5250,8489,5369,3120,1337329.5,679495770000000,6900,3300,0
23,11,12,4131,2367,1764,2855,1747,1108,1335097.8,678947290000000,2100,1200,200
22,10,12,2896,1104,1792,1440,436,1004,1334072,678454440000000,2000,1000,200
75,28,47,10305,5495,4810,6227,3963,2264,1332133.4,676980060000000,7400,4700,100
26,12,14,3292,1320,1972,1560,520,1040,1330093.2,676381180000000,2500,1200,0
3,2,1,178,120,58,0,0,0,1329450,676326820000000,100,0,100
26,12,14,3308,1336,1972,1576,536,1040,1328807.2,675729150000000,2500,1200,0
26,12,14,3012,1204,1808,1560,520,1040,1327630.6,675132550000000,2500,1200,0
22,10,12,2896,1104,1792,1440,436,1004,1326562.8,674645140000000,2000,1000,200
26,12,14,3308,1336,1972,1576,536,1040,1325496.8,674050420000000,2500,1200,0
89,33,56,11523,5887,5636,6671,4067,2604,1323211.6,672326330000000,8800,5400,0
26,12,14,3292,1320,1972,1560,520,1040,1320934.2,671735700000000,2500,1200,0
26,12,14,3292,1320,1972,1560,520,1040,1319771.6,671146090000000,2500,1200,0
90,33,57,11645,5887,5758,6739,4067,2672,1317506.1,669436760000000,8900,5500,0
3,2,1,178,120,58,0,0,0,1315773,669383470000000,100,0,100
26,12,14,3292,1320,1972,1560,520,1040,1315143.5,668798010000000,2500,1200,0
46,18,28,6839,3667,3172,4327,2675,1652,1313677.4,667895200000000,4500,2800,100
91,35,56,11961,6373,5588,6975,4439,2536,1311016.4,666096880000000,8700,5400,400
87,33,54,11279,5887,5392,6535,4067,2468,1307588.9,664413120000000,8600,5300,0
26,11,15,4819,2369,2450,3371,1747,1624,1305417,663888730000000,2400,1400,100
26,12,14,3292,1320,1972,1560,520,1040,1304333.5,663312800000000,2500,1200,0
18,9,9,1984,918,1066,772,316,456,1303354.6,662894580000000,1700,500,0
28,13,15,4383,2497,1886,2787,1747,1040,1302326,662268250000000,2600,1100,0
26,12,14,3292,1320,1972,1560,520,1040,1301144.8,661695140000000,2500,1200,0
23,11,12,3541,1701,1840,2007,967,1040,1300067.8,661174980000000,2200,1000,0
27,12,15,3370,1320,2050,1560,520,1040,1298992.6,660603820000000,2600,1200,0
26,12,14,3308,1336,1972,1576,536,1040,1297868.2,660033600000000,2500,1200,0
87,31,56,11599,5951,5648,6855,4251,2604,1295779.2,658483380000000,8600,5400,0
29,13,16,3570,1398,2172,1628,520,1108,1293646.4,657865380000000,2800,1300,0
69,32,37,8979,4901,4078,5147,3087,2060,1291470.5,656274160000000,6800,3700,100
36,15,21,5517,2939,2578,3511,2095,1416,1289201.9,655558040000000,3300,2000,200
26,12,14,3292,1320,1972,1560,520,1040,1287944.1,654996470000000,2500,1200,0
13,7,6,2871,1619,1252,2135,1215,920,1287089.8,654690590000000,1200,500,100
26,12,14,3292,1320,1972,1560,520,1040,1286236.6,654130570000000,2500,1200,0
26,12,14,3012,1204,1808,1560,520,1040,1285134.1,653571410000000,2500,1200,0
28,13,15,4701,2707,1994,3155,1979,1176,1283983.8,652962600000000,2600,1500,200
29,13,16,4062,1466,2596,2120,588,1532,1282786.9,652354870000000,2700,1400,200
96,36,60,12093,6177,5916,6839,4183,2656,1280449.4,650588830000000,9500,5600,0
26,12,14,3308,1336,1972,1576,536,1040,1278168.6,650035720000000,2500,1200,0
24,11,13,3607,1701,1906,2007,967,1040,1277129.4,649533740000000,2300,1100,0
102,45,57,13089,7047,6042,7451,4507,2944,1274468.4,647334180000000,10100,5500,0
24,11,13,4117,2367,1750,2787,1747,1040,1271818.4,646836370000000,2300,1100,0
22,10,12,2896,1104,1792,1440,436,1004,1270887.5,646389020000000,2000,1000,200
23,11,12,3557,1717,1840,2023,983,1040,1269958,645892620000000,2200,1000,0
22,10,12,2896,1104,1792,1440,436,1004,1269029.8,645446540000000,2000,1000,200
28,13,15,3456,1410,2046,1576,536,1040,1268005.5,644852770000000,2600,1200,0
28,13,15,3488,1438,2050,1612,572,1040,1266837.2,644260060000000,2700,1300,0
26,12,14,3292,1320,1972,1560,520,1040,1265719.6,643717690000000,2500,1200,0
26,12,14,3292,1320,1972,1560,520,1040,1264652,643176180000000,2500,1200,0
92,38,54,11723,6331,5392,6679,4211,2468,1262330.5,641361630000000,9100,5300,0
87,32,55,11341,5827,5514,6603,4067,2536,1259056.8,639849130000000,8600,5300,0
85,31,54,11159,5767,5392,6535,4067,2468,1256134.2,638392190000000,8400,5200,0
24,11,13,4125,2371,1754,2787,1747,1040,1254225,637908070000000,2300,1100,0
24,11,13,4117,2367,1750,2787,1747,1040,1253272.1,637424620000000,2300,1100,0
42,19,23,4730,2224,2506,2344,1140,1204,1251941.4,636556300000000,4000,2100,0
26,12,14,3292,1320,1972,1560,520,1040,1250566,636026810000000,2500,1200,0
3,2,1,178,120,58,0,0,0,1249997.4,635978690000000,100,0,100
23,11,12,3541,1701,1840,2007,967,1040,1249476.5,635498190000000,2200,1000,0
26,12,14,3292,1320,1972,1560,520,1040,1248483.5,634970450000000,2500,1200,0
38,18,20,5581,3225,2356,3483,2215,1268,1247162.1,634156620000000,3700,2100,0
24,11,13,3192,1322,1870,1592,588,1004,1245890.6,633678870000000,2200,1100,200
37,17,20,5763,3295,2468,3719,2339,1380,1244668.8,632915910000000,3600,2000,100
26,12,14,3292,1320,1972,1560,520,1040,1243402.5,632392460000000,2500,1200,0
23,11,12,2962,1170,1792,1440,436,1004,1242419.2,631917400000000,2100,1000,200
26,12,14,3308,1336,1972,1576,536,1040,1241437.5,631395560000000,2500,1200,0
86,32,54,11671,6267,5404,6975,4507,2468,1239479.8,629929700000000,8500,5200,0
98,39,59,12235,6357,5878,6855,4183,2672,1236281.4,628141990000000,9700,5700,0
26,12,14,3012,1204,1808,1560,520,1040,1234020.9,627626460000000,2500,1200,0
28,13,15,3452,1402,2050,1576,536,1040,1232960.2,627064960000000,2700,1300,0
88,33,55,11333,5887,5446,6535,4067,2468,1230937.2,625572520000000,8700,5300,0
22,10,12,2896,1104,1792,1440,436,1004,1229058.1,625154100000000,2000,1000,200
26,12,14,3292,1320,1972,1560,520,1040,1228143,624643400000000,2500,1200,0
90,33,57,11753,6107,5646,6835,4299,2536,1226181.1,623162440000000,8900,5500,0
88,32,56,11459,5891,5568,6667,4131,2536,1223318.6,621734500000000,8700,5400,0
27,12,15,4705,2711,1994,3219,2043,1176,1221417.6,621229370000000,2600,1500,100
26,12,14,3012,1204,1808,1560,520,1040,1220423.8,620725120000000,2500,1200,0
48,22,26,8234,4734,3500,5574,3494,2080,1218991.9,619764520000000,4600,2200,0
86,31,55,11281,5767,5514,6603,4067,2536,1216711.1,618397580000000,8500,5300,0
25,11,14,4191,2371,1820,2787,1747,1040,1214919.8,617943250000000,2400,1100,0
47,22,25,7148,3402,3746,4014,1934,2080,1226233.1,625688020000000,4500,2100,0
26,12,14,3308,1336,1972,1576,536,1040,1237475.1,625183630000000,2500,1200,0
23,11,12,3541,1701,1840,2007,967,1040,1236521,624725740000000,2200,1000,0
86,32,54,11219,5827,5392,6535,4067,2468,1234663.6,623310620000000,8500,5300,0
48,24,24,6691,3871,2820,4023,2507,1516,1232226.9,622264790000000,4600,2400,200
26,12,14,3292,1320,1972,1560,520,1040,1230697.5,621765910000000,2500,1200,0
82,30,52,11015,5707,5308,6535,4067,2468,1228902.2,620454330000000,8100,5200,100
26,12,14,3292,1320,1972,1560,520,1040,1227112.4,619958330000000,2500,1200,0
2,1,1,118,60,58,0,0,0,1226620.8,619958330000000,100,0,0
25,12,13,4355,2537,1818,2971,1863,1108,1226129.6,619463130000000,2300,1300,200
6,1,5,372,62,310,0,0,0,1225638.9,619463130000000,500,0,0
6,4,2,356,240,116,0,0,0,1246518.6,643486830000000,200,0,200
26,12,14,3292,1320,1972,1560,520,1040,1266887,642973380000000,2500,1200,0
87,32,55,11613,6099,5514,6875,4339,2536,1264955.9,641530680000000,8600,5300,0
32,16,16,5289,2777,2512,3503,1863,1640,1262851.5,640834960000000,3100,1600,100
26,12,14,4271,2431,1840,2819,1747,1072,1261666.4,640325670000000,2500,1300,0
26,12,14,3308,1336,1972,1576,536,1040,1260662.1,639817250000000,2500,1200,0
85,30,55,11285,5771,5514,6667,4131,2536,1258841,638480710000000,8400,5300,0
26,12,14,3292,1320,1972,1560,520,1040,1257025.1,637975180000000,2500,1200,0
20,12,8,1184,720,464,0,0,0,1321832.9,763919860000000,800,0,600
80,30,50,10897,5789,5108,6543,4143,2400,1385640.4,762329920000000,7800,5000,200
22,10,12,2896,1104,1792,1440,436,1004,1383748.1,761837880000000,2000,1000,200
24,11,13,4141,2387,1754,2803,1763,1040,1382803.6,761291880000000,2300,1100,0
26,12,14,3292,1320,1972,1560,520,1040,1381761.1,760692190000000,2500,1200,0
23,11,12,3557,1717,1840,2023,983,1040,1380720.1,760147810000000,2200,1000,0
26,12,14,3292,1320,1972,1560,520,1040,1379680.6,759549930000000,2500,1200,0
37,16,21,5515,3105,2410,3483,2215,1268,1378396.1,758736100000000,3600,2100,0
24,11,13,4125,2371,1754,2787,1747,1040,1377163.2,758194540000000,2300,1100,0
26,12,14,3292,1320,1972,1560,520,1040,1376129.2,757599680000000,2500,1200,0
26,12,14,3292,1320,1972,1560,520,1040,1375047.6,757005770000000,2500,1200,0
85,31,54,11159,5767,5392,6535,4067,2468,1373037.1,755390790000000,8400,5200,0
30,14,16,3620,1464,2156,1612,520,1092,1370934.9,754693060000000,2900,1300,0
41,20,21,5755,3345,2410,3483,2215,1268,1369376.8,753675690000000,4000,2200,0
86,31,55,11213,5767,5446,6535,4067,2468,1366997.4,752074810000000,8500,5200,0
27,13,14,3358,1386,1972,1560,520,1040,1364962.1,751436410000000,2600,1200,0
38,18,20,5581,3225,2356,3483,2215,1268,1363560.8,750533790000000,3700,2200,0
8,2,6,528,132,396,0,0,0,1362692.8,750480770000000,600,0,0
34,14,20,4378,1738,2640,2118,806,1312,1362019.1,749792100000000,3300,1900,0
23,11,12,3541,1701,1840,2007,967,1040,1360913,749263220000000,2200,1000,0
39,17,22,6201,3201,3000,4043,2251,1792,1359663.4,748418590000000,3800,2300,0
46,18,28,8081,4205,3876,5527,3207,2320,1358081.2,747523220000000,4500,2800,0
48,22,26,8234,4734,3500,5574,3494,2080,1356303.5,746420020000000,4600,2200,0
98,40,58,12187,6307,5880,6807,4067,2740,1353487,744379980000000,9700,5700,0
9,3,6,634,206,428,0,0,0,1351545,744275690000000,800,0,0
24,11,13,4117,2367,1750,2787,1747,1040,1350977.1,743754520000000,2300,1100,0
23,12,11,3288,1554,1734,2004,876,1128,1349982,743182150000000,2200,1400,0
6,2,4,420,140,280,0,0,0,1349414.2,743130140000000,500,0,0
65,25,40,10183,5555,4628,6627,4179,2448,1348233.8,741884530000000,6400,4000,100
23,10,13,3426,1104,2322,1904,436,1468,1346678,741418460000000,2100,1100,200
26,12,14,3012,1204,1808,1560,520,1040,1345736.5,740849650000000,2500,1200,0
23,11,12,3541,1701,1840,2007,967,1040,1344749,740333310000000,2200,1000,0
91,34,57,11759,6057,5702,6787,4183,2604,1342732.8,738634450000000,9000,5500,0
26,12,14,3308,1336,1972,1576,536,1040,1340675.8,738069930000000,2500,1200,0
86,31,55,11345,5831,5514,6667,4131,2536,1338764.8,736534610000000,8500,5300,0
85,31,54,11159,5767,5392,6535,4067,2468,1335978.5,735005670000000,8400,5300,0
88,33,55,11465,5951,5514,6667,4131,2536,1333111.4,733381840000000,8700,5300,0
85,31,54,11383,5991,5392,6759,4291,2468,1330256.5,731865920000000,8400,5200,0
26,12,14,3292,1320,1972,1560,520,1040,1328375,731311660000000,2500,1200,0
29,13,16,3586,1470,2116,1644,604,1040,1327321.4,730708020000000,2800,1300,0
26,12,14,3292,1320,1972,1560,520,1040,1326269.5,730155510000000,2500,1200,0
24,11,13,4117,2367,1750,2787,1747,1040,1325310.5,729653940000000,2300,1100,0
36,19,17,4970,2672,2298,2968,1596,1372,1324034.2,728752870000000,3500,2000,0
26,12,14,3292,1320,1972,1560,520,1040,1322715,728203320000000,2500,1200,0
30,14,16,3604,1484,2120,1576,536,1040,1321625.1,727554910000000,2700,1200,0
13,6,7,1410,420,990,542,22,520,1320809,727305870000000,1100,500,100
26,12,14,3292,1320,1972,1560,520,1040,1320084.5,726758460000000,2500,1200,0
90,33,57,11709,5951,5758,6803,4131,2672,1318141.5,725170800000000,8900,5600,0
23,11,12,4131,2367,1764,2855,1747,1108,1316249.5,724676070000000,2200,1200,100
24,11,13,3184,1194,1990,1578,454,1124,1315350.8,724182020000000,2200,1300,100
26,12,14,3292,1320,1972,1560,520,1040,1314408.1,723639380000000,2500,1200,0
9,5,4,1008,324,684,480,24,456,1313739,723442210000000,800,300,0
24,11,13,4125,2371,1754,2787,1747,1040,1313115.4,722949830000000,2300,1100,0
24,11,13,4117,2367,1750,2787,1747,1040,1312220.2,722458130000000,2300,1100,0
26,12,14,3292,1320,1972,1560,520,1040,1311281.5,721918030000000,2500,1200,0
97,43,54,12007,6615,5392,6663,4195,2468,1308920.2,719863230000000,9600,5200,0
85,31,54,11287,5895,5392,6663,4195,2468,1305726.1,718402670000000,8400,5200,0
26,12,14,3292,1320,1972,1560,520,1040,1303913.5,717868620000000,2500,1200,0
26,12,14,3292,1320,1972,1560,520,1040,1302942.4,717335300000000,2500,1200,0
26,12,14,3012,1204,1808,1560,520,1040,1301972.8,716802860000000,2500,1200,0
102,46,56,12303,6667,5636,6671,4067,2604,1299512.5,714632760000000,10100,5400,0
95,36,59,12051,6241,5810,6851,4247,2604,1296014.6,712953970000000,9400,5600,0
94,31,63,12653,5767,6886,7543,4067,3476,1293186.9,711521260000000,9300,6100,0
3,2,1,178,120,58,0,0,0,1291842.9,711473610000000,100,0,100
22,10,12,2896,1104,1792,1440,436,1004,1291409.5,711044990000000,2000,1000,200
26,12,14,3308,1336,1972,1576,536,1040,1290543.5,710521810000000,2500,1200,0
26,12,14,3292,1320,1972,1560,520,1040,1289592.4,709999430000000,2500,1200,0
38,17,21,5575,3165,2410,3483,2215,1268,1288426.9,709240900000000,3700,2200,0
24,11,13,4125,2371,1754,2787,1747,1040,1287306.8,708767650000000,2300,1100,0
24,11,13,3607,1701,1906,2007,967,1040,1286446.2,708295070000000,2300,1100,0
36,17,19,4242,1804,2438,1850,674,1176,1285329.5,707540230000000,3500,1600,0
23,11,12,3541,1701,1840,2007,967,1040,1284214.6,707069260000000,2200,1000,0
95,40,55,11753,6307,5446,6535,4067,2468,1282120.6,705238390000000,9400,5300,0
102,45,57,12627,6941,5686,6995,4407,2588,1278589.6,703184260000000,10100,5500,0
28,13,15,3440,1394,2046,1560,520,1040,1276217.6,702626050000000,2600,1200,0
26,12,14,3292,1320,1972,1560,520,1040,1275245.2,702115220000000,2500,1200,0
3,2,1,184,122,62,0,0,0,1274738.5,702068780000000,100,0,100
37,17,20,5521,3165,2356,3483,2215,1268,1274021.4,701327160000000,3600,2200,0
26,12,14,3292,1320,1972,1560,520,1040,1272883.9,700818140000000,2500,1200,0
101,47,54,11348,5328,6020,4654,2218,2436,1270489.8,698697700000000,10000,5300,0
26,12,14,3292,1320,1972,1560,520,1040,1268104.6,698192500000000,2500,1200,0
23,11,12,2956,1164,1792,1440,436,1004,1267227.9,697733880000000,2000,1000,300
26,12,14,3292,1320,1972,1560,520,1040,1266352.4,697230090000000,2500,1200,0
100,37,63,12884,6542,6342,7402,4494,2908,1264400,695586460000000,9900,6200,0
52,26,26,7033,4037,2996,4143,2559,1584,1261880.2,694449570000000,5100,2700,100
40,17,23,6168,3182,2986,3962,2238,1724,1260192.6,693723860000000,3900,2300,0
39,18,21,5635,3225,2410,3483,2215,1268,1258833.2,692954520000000,3800,2200,0
26,12,14,3308,1336,1972,1576,536,1040,1257681.9,692457650000000,2500,1200,0
24,11,13,4133,2383,1750,2803,1763,1040,1256819.6,692006540000000,2300,1100,0
23,11,12,3541,1701,1840,2007,967,1040,1255999.4,691555970000000,2200,1000,0
24,10,14,3956,1104,2852,2368,436,1932,1255221.4,691151040000000,2200,1200,200
26,12,14,3292,1320,1972,1560,520,1040,1254403.4,690656710000000,2500,1200,0
26,12,14,3308,1336,1972,1576,536,1040,1253504.6,690163060000000,2500,1200,0
27,12,15,3358,1320,2038,1560,520,1040,1252607.2,689670210000000,2600,1200,0
24,11,13,4125,2371,1754,2787,1747,1040,1251751.9,689222660000000,2300,1100,0
22,10,12,2896,1104,1792,1440,436,1004,1250979,688820480000000,2000,1000,200
26,12,14,3012,1204,1808,1560,520,1040,1250166.4,688329440000000,2500,1200,0
24,11,13,4117,2367,1750,2787,1747,1040,1249314.4,687883710000000,2300,1100,0
98,37,61,11390,4684,6706,4906,2234,2672,1247453.2,686283760000000,9700,5600,0
26,12,14,3292,1320,1972,1560,520,1040,1245557.5,685796350000000,2500,1200,0
85,31,54,11287,5895,5392,6663,4195,2468,1243908,684470620000000,8400,5200,0
24,11,13,4189,2435,1754,2851,1811,1040,1242303.1,684029850000000,2300,1100,0
23,11,12,2956,1164,1792,1440,436,1004,1241501.9,683589680000000,2000,1000,300
3,2,1,178,120,58,0,0,0,1241061.6,683545660000000,100,0,100
26,12,14,3302,1282,2020,1576,488,1088,1240581.6,683062200000000,2300,1200,300
26,12,14,3308,1336,1972,1576,536,1040,1239702.8,682579360000000,2500,1200,0
26,12,14,3292,1320,1972,1560,520,1040,1238825,682097250000000,2500,1200,0
89,33,56,12075,6071,6004,7211,4251,2960,1237114.2,680698500000000,8800,5500,0
26,12,14,3292,1320,1972,1560,520,1040,1235408.2,680219000000000,2500,1200,0
86,32,54,11219,5827,5392,6535,4067,2468,1233746,678871320000000,8500,5200,0
27,13,14,3358,1386,1972,1560,520,1040,1232048.8,678351090000000,2600,1200,0
24,11,13,4295,2477,1818,2971,1863,1108,1231181.9,677918170000000,2300,1300,100
24,11,13,3623,1717,1906,2023,983,1040,1230394.9,677485790000000,2300,1100,0
26,12,14,3292,1320,1972,1560,520,1040,1229569.6,677010800000000,2500,1200,0
85,31,54,11287,5895,5392,6663,4195,2468,1227962.4,675718820000000,8400,5200,0
26,12,14,3292,1320,1972,1560,520,1040,1226359.2,675246300000000,2500,1200,0
104,49,55,12505,6991,5514,6747,4211,2536,1224060.2,673192170000000,10300,5400,0
26,12,14,3292,1320,1972,1560,520,1040,1221769.9,672723210000000,2500,1200,0
22,10,12,2896,1104,1792,1440,436,1004,1220994.8,672340020000000,2000,1000,200
26,16,10,1540,960,580,0,0,0,1278347.8,712709290000000,1000,0,800
26,12,14,3308,1336,1972,1576,536,1040,1335529.1,712214030000000,2500,1200,0
35,16,19,5449,3111,2338,3519,2215,1304,1334430.4,711539780000000,3400,2100,0
26,12,14,3292,1320,1972,1560,520,1040,1333333.6,711046130000000,2500,1200,0
103,49,54,12239,6847,5392,6535,4067,2468,1330851.8,708900060000000,10200,5200,0
26,12,14,3324,1352,1972,1592,552,1040,1328379.1,708410090000000,2500,1200,0
26,12,14,3292,1320,1972,1560,520,1040,1327459.1,707920800000000,2500,1200,0
22,10,12,2896,1104,1792,1440,436,1004,1326624,707520900000000,2000,1000,200
98,38,60,12370,4802,7568,5850,2250,3600,1324709.4,705881830000000,9700,5800,0
87,32,55,11523,6065,5458,6779,4311,2468,1321889,704514420000000,8600,5300,0
35,18,17,4821,2403,2418,2495,1207,1288,1319904,703766830000000,3400,1800,0
26,12,14,3891,1851,2040,2159,1051,1108,1318748.4,703283920000000,2500,1200,0
90,34,56,11583,5947,5636,6671,4067,2604,1316937.1,701839130000000,8900,5400,0
37,17,20,5521,3165,2356,3483,2215,1268,1314926.2,701140730000000,3600,2100,0
26,12,14,3292,1320,1972,1560,520,1040,1313820.5,700661440000000,2500,1200,0
26,12,14,3292,1320,1972,1560,520,1040,1312920.6,700182750000000,2500,1200,0
90,36,54,11459,6067,5392,6535,4067,2468,1311043.9,698664070000000,8900,5200,0
26,12,14,3292,1320,1972,1560,520,1040,1309172.5,698188140000000,2500,1200,0
97,42,55,12075,6561,5514,6731,4195,2536,1307064.6,696419820000000,9600,5300,0
27,12,15,3358,1320,2038,1560,520,1040,1304963.5,695946970000000,2600,1200,0
25,13,12,4313,2581,1732,2923,1847,1076,1304035.5,695431840000000,2400,1300,0
25,11,14,4179,2371,1808,2787,1747,1040,1303149.2,695003090000000,2400,1100,0
16,7,9,942,420,522,0,0,0,1351817.6,774503400000000,900,0,300
24,11,13,4125,2371,1754,2787,1747,1040,1400438,774026460000000,2300,1100,0
26,12,14,3907,1867,2040,2175,1067,1108,1399530.8,773502540000000,2500,1200,0
25,11,14,3110,1178,1932,1440,436,1004,1398625,773026800000000,2200,1000,200
26,12,14,3308,1336,1972,1576,536,1040,1397720.2,772504230000000,2500,1200,0
26,12,14,3012,1204,1808,1560,520,1040,1396773.4,771982320000000,2500,1200,0
27,10,17,3504,1450,2054,1654,774,880,1395915.2,771555840000000,2500,900,0
55,21,34,7941,4241,3700,4943,3087,1856,1394672.6,770609810000000,5400,3400,100
24,11,13,4125,2371,1754,2787,1747,1040,1393388,770137630000000,2300,1200,0
28,12,16,3888,1320,2568,2024,520,1504,1392489.9,769618950000000,2700,1300,0
26,12,14,3292,1320,1972,1560,520,1040,1391550.2,769100930000000,2500,1200,0
26,12,14,3324,1352,1972,1592,552,1040,1390611.8,768583590000000,2500,1200,0
26,12,14,3292,1320,1972,1560,520,1040,1389674.6,768066990000000,2500,1200,0
85,31,54,11159,5767,5392,6535,4067,2468,1387932.1,766661590000000,8400,5300,0
23,11,12,3541,1701,1840,2007,967,1040,1386236.2,766194250000000,2200,1000,0
23,11,12,2956,1164,1792,1440,436,1004,1385389.6,765727510000000,2000,1000,300
88,31,57,11525,5767,5758,6739,4067,2672,1383700.2,764330570000000,8700,5600,0
26,12,14,3292,1320,1972,1560,520,1040,1381972.9,763819670000000,2500,1200,0
20,10,10,2692,1020,1672,1368,364,1004,1381131.4,763402180000000,1700,900,200
25,11,14,3599,1559,2040,1933,825,1108,1380332.9,762938800000000,2400,1300,0
86,31,55,11213,5767,5446,6535,4067,2468,1378655.6,761552060000000,8500,5200,0
24,11,13,4117,2367,1750,2787,1747,1040,1376982.5,761090950000000,2300,1100,0
106,51,55,12429,6983,5446,6551,4083,2468,1374483,758793680000000,10500,5300,0
22,9,13,3320,1038,2282,1864,436,1428,1372075.6,758427400000000,2000,1100,200
56,22,34,8065,4365,3700,5007,3151,1856,1370873.9,757467550000000,5400,3400,200
26,12,14,3292,1320,1972,1560,520,1040,1369550,756965770000000,2500,1200,0
26,12,14,3308,1336,1972,1576,536,1040,1368640.9,756464670000000,2500,1200,0
91,34,57,11721,5963,5758,6755,4083,2672,1366827.4,754965260000000,9000,5600,0
26,12,14,3308,1336,1972,1576,536,1040,1365018.6,754466840000000,2500,1200,0
39,18,21,5703,3225,2478,3551,2215,1336,1363869.8,753697770000000,3800,2200,0
27,12,15,3358,1320,2038,1560,520,1040,1362722.8,753200970000000,2600,1200,0
23,11,12,3541,1701,1840,2007,967,1040,1361863.8,752749860000000,2200,1000,0
26,12,14,3292,1320,1972,1560,520,1040,1361005.8,752254330000000,2500,1200,0
26,13,13,3420,1610,1810,1968,872,1096,1360067.2,751714440000000,2500,1500,0
35,18,17,4821,2403,2418,2495,1207,1288,1358885.9,750951010000000,3400,1800,0
85,31,54,11495,6103,5392,6871,4403,2468,1356976.2,749607420000000,8400,5200,0
26,12,14,3292,1320,1972,1560,520,1040,1355314.9,749115980000000,2500,1200,0
26,12,14,3292,1320,1972,1560,520,1040,1354424.6,748625210000000,2500,1200,0
22,10,12,2896,1104,1792,1440,436,1004,1353616.4,748224170000000,2000,1000,200
8,5,3,504,302,202,32,0,32,1353091.5,748046070000000,600,100,200
26,12,14,3292,1320,1972,1560,520,1040,1352486.4,747556640000000,2500,1200,0
26,12,14,3292,1320,1972,1560,520,1040,1351599.9,747067950000000,2500,1200,0
22,10,12,2896,1104,1792,1440,436,1004,1350795,746668520000000,2000,1000,200
26,12,14,3292,1320,1972,1560,520,1040,1349991,746180910000000,2500,1200,0
26,12,14,3292,1320,1972,1560,520,1040,1349107.8,745693970000000,2500,1200,0
26,12,14,3292,1320,1972,1560,520,1040,1348225.6,745207700000000,2500,1200,0
92,37,55,11637,6191,5446,6599,4131,2468,1346346,743620570000000,9100,5200,0
26,12,14,3292,1320,1972,1560,520,1040,1344471.5,743136920000000,2500,1200,0
93,34,59,12003,6057,5946,6923,4183,2740,1342721.5,741689850000000,9200,5700,0
42,15,27,6391,3141,3250,4083,2311,1772,1340858.1,741077680000000,4100,2700,100
102,48,54,12435,7043,5392,6791,4323,2468,1338447.2,739029790000000,10100,5300,0
26,12,14,3292,1320,1972,1560,520,1040,1336162.1,738552110000000,2500,1200,0
26,12,14,3292,1320,1972,1560,520,1040,1335297,738075030000000,2500,1200,0
22,10,12,2896,1104,1792,1440,436,1004,1334511.5,737685190000000,2000,1000,200
26,12,14,3292,1320,1972,1560,520,1040,1333726.9,737209260000000,2500,1200,0
98,45,53,11945,6607,5338,6535,4067,2468,1331574.5,735311690000000,9500,5200,300
24,11,13,4117,2367,1750,2787,1747,1040,1329468,734881790000000,2300,1100,0
49,20,29,7123,3897,3226,4443,2791,1652,1328339.5,734066350000000,4800,2900,100
93,33,60,11981,6013,5968,6907,4199,2708,1326360.2,732697060000000,9200,5800,0
26,12,14,3292,1320,1972,1560,520,1040,1324695.9,732227570000000,2500,1200,0
26,12,14,3292,1320,1972,1560,520,1040,1323845.5,731758680000000,2500,1200,0
15,10,5,890,600,290,0,0,0,1378661.2,816046470000000,500,0,500
26,12,14,3012,1204,1808,1560,520,1040,1433413,815524560000000,2500,1200,0
26,12,14,3292,1320,1972,1560,520,1040,1432494.4,815003330000000,2500,1200,0
95,35,60,13069,6989,6080,7863,5055,2808,1430620.1,813396410000000,9400,5800,0
26,12,14,3292,1320,1972,1560,520,1040,1428750.8,812877930000000,2500,1200,0
85,31,54,11159,5767,5392,6535,4067,2468,1427051.6,811467100000000,8400,5200,0
14,8,6,2931,1679,1252,2135,1215,920,1425521.8,811138600000000,1100,500,300
102,34,68,15151,7359,7792,9567,5491,4076,1423872.6,809593550000000,10100,6600,0
26,12,14,3292,1320,1972,1560,520,1040,1422062.8,809079900000000,2500,1200,0
24,11,13,4133,2383,1750,2803,1763,1040,1421199.8,808613490000000,2300,1100,0
26,12,14,3292,1320,1972,1560,520,1040,1420337.9,808100980000000,2500,1200,0
24,11,13,4125,2371,1754,2787,1747,1040,1419477,807635720000000,2300,1100,0
26,12,14,3292,1320,1972,1560,520,1040,1418617.2,807124480000000,2500,1200,0
89,34,55,11393,5947,5446,6535,4067,2468,1416819.8,805594730000000,8800,5300,0
88,33,55,11333,5887,5446,6535,4067,2468,1414173,804116860000000,8700,5300,0
27,12,15,3378,1332,2046,1560,520,1040,1412427.4,803610060000000,2600,1200,0
24,11,13,4181,2431,1750,2851,1811,1040,1411576.1,803149960000000,2300,1100,0
85,31,54,11223,5831,5392,6599,4131,2468,1409958.1,801772680000000,8400,5200,0
101,36,65,14796,7114,7682,9238,5130,4108,1407338.1,800171800000000,9900,6200,0
26,12,14,3292,1320,1972,1560,520,1040,1405490,799669960000000,2500,1200,0
3,2,1,178,120,58,0,0,0,1405008.1,799624390000000,100,0,100
26,12,14,3292,1320,1972,1560,520,1040,1404526.6,799123230000000,2500,1200,0
26,12,14,3292,1320,1972,1560,520,1040,1403644.8,798622730000000,2500,1200,0
22,10,12,2896,1104,1792,1440,436,1004,1402844,798213700000000,2000,1000,200
26,12,14,3292,1320,1972,1560,520,1040,1402044.1,797714340000000,2500,1200,0
96,42,54,11835,6443,5392,6551,4083,2468,1399969.8,795858580000000,9500,5300,0
65,25,40,9893,4861,5032,6307,3471,2836,1397385.9,794776320000000,6200,3800,200
100,45,55,12185,6671,5514,6667,4131,2536,1394693.2,792799760000000,9900,5400,0
65,25,40,8975,4747,4228,5431,3371,2060,1392010.8,791725750000000,6400,4000,100
105,45,60,13105,7037,6068,7311,4503,2808,1389338.6,789764290000000,10400,5900,0
36,16,20,5461,3105,2356,3483,2215,1268,1387028.2,789097830000000,3500,2100,0
37,16,21,4116,1634,2482,1578,538,1040,1385856.5,788432450000000,3200,1200,0
101,46,55,12427,6969,5458,6843,4375,2468,1383518.8,786443210000000,10000,5400,0
86,32,54,11283,5891,5392,6599,4131,2468,1380568.5,785078620000000,8500,5200,0
89,33,56,11120,4348,6772,5218,2150,3068,1378133.1,783674970000000,8800,5500,0
14,7,7,2925,1619,1306,2135,1215,920,1376668.4,783412370000000,1300,500,0
32,13,19,3994,1540,2454,1850,674,1176,1375975.5,782887650000000,3100,1600,0
26,12,14,3292,1320,1972,1560,520,1040,1375091,782407280000000,2500,1200,0
26,12,14,3308,1336,1972,1576,536,1040,1374245.6,781927520000000,2500,1200,0
26,12,14,3292,1320,1972,1560,520,1040,1373401.4,781448290000000,2500,1200,0
24,10,14,3044,1104,1940,1440,436,1004,1372635,781056650000000,2200,1000,200
26,12,14,3292,1320,1972,1560,520,1040,1371869.5,780578560000000,2500,1200,0
24,11,13,4181,2431,1750,2851,1811,1040,1371066.4,780144370000000,2300,1100,0
20,10,10,3785,2197,1588,2671,1631,1040,1370340.6,779754060000000,1900,1000,100
24,11,13,4117,2367,1750,2787,1747,1040,1369615.6,779320810000000,2300,1100,0
23,11,12,3541,1701,1840,2007,967,1040,1368853.1,778888020000000,2200,1000,0
56,24,32,7777,4281,3496,4699,2943,1756,1367597.4,777894540000000,5500,3300,0
13,7,6,2871,1619,1252,2135,1215,920,1366495.8,777635770000000,1200,500,100
26,12,14,3292,1320,1972,1560,520,1040,1365850.5,777161850000000,2500,1200,0
3,2,1,184,122,62,0,0,0,1365395.5,777118770000000,100,0,100
26,12,14,3292,1320,1972,1560,520,1040,1364940.8,776645450000000,2500,1200,0
24,11,13,4185,2367,1818,2855,1747,1108,1364145.8,776215680000000,2300,1200,0
26,12,14,3308,1336,1972,1576,536,1040,1363351.6,775743440000000,2500,1200,0
26,12,14,3308,1336,1972,1576,536,1040,1362520.8,775271800000000,2500,1200,0
26,12,14,3292,1320,1972,1560,520,1040,1361690.8,774800690000000,2500,1200,0
26,12,14,3292,1320,1972,1560,520,1040,1360861.8,774330190000000,2500,1200,0
24,11,13,4125,2371,1754,2787,1747,1040,1360071.5,773902980000000,2300,1200,0
23,11,12,3541,1701,1840,2007,967,1040,1359319.8,773476230000000,2200,1000,0
26,12,14,3292,1320,1972,1560,520,1040,1358531.1,773007340000000,2500,1200,0
48,22,26,8234,4734,3500,5574,3494,2080,1357353.6,772113650000000,4600,2200,0
27,13,14,3374,1402,1972,1576,536,1040,1356140.9,771603960000000,2600,1200,0
22,10,12,2896,1104,1792,1440,436,1004,1355356,771222110000000,2000,1000,200
22,10,12,2880,1104,1776,1424,436,988,1354684.1,770840660000000,2000,1000,200
85,31,54,11415,6023,5392,6791,4323,2468,1353231.1,769571900000000,8400,5200,0
29,12,17,4854,1396,3458,2912,596,2316,1351707,769107710000000,2700,1500,200
26,12,14,3308,1336,1972,1576,536,1040,1350890.4,768644060000000,2500,1200,0
93,34,59,11104,4530,6574,4938,2266,2672,1349260.8,767256580000000,9200,5600,0
26,12,14,3308,1336,1972,1576,536,1040,1347635.1,766795210000000,2500,1200,0
26,12,14,3292,1320,1972,1560,520,1040,1346823.2,766334370000000,2500,1200,0
85,31,54,11159,5767,5392,6535,4067,2468,1345313.4,765080380000000,8400,5200,0
102,41,61,12833,6715,6118,7219,4427,2792,1342745.5,763414730000000,10100,6000,0
24,11,13,4117,2367,1750,2787,1747,1040,1340917.5,762999400000000,2300,1100,0
85,31,54,11287,5895,5392,6663,4195,2468,1339457.5,761756270000000,8400,5200,0
147,53,94,17981,9065,8916,9995,6167,3828,1336474.5,759611140000000,14500,9300,100
85,31,54,11223,5831,5392,6599,4131,2468,1333504.6,758379020000000,8400,5200,0
18,9,9,3509,2043,1466,2503,1531,972,1332132.8,758051120000000,1700,900,100
23,11,12,3541,1701,1840,2007,967,1040,1331483.6,757641630000000,2200,1000,0
26,12,14,2586,1150,1436,774,318,456,1330727.8,757191730000000,2100,500,0
26,12,14,3292,1320,1972,1560,520,1040,1329936.9,756742370000000,2500,1200,0
23,11,12,3541,1701,1840,2007,967,1040,1329182.1,756334350000000,2200,1000,0
26,12,14,3308,1336,1972,1576,536,1040,1328428.1,755885990000000,2500,1200,0
26,12,14,3308,1336,1972,1576,536,1040,1327639.2,755438170000000,2500,1200,0
24,11,13,4141,2387,1754,2803,1763,1040,1326887.1,755031490000000,2300,1100,0
26,12,14,3308,1336,1972,1576,536,1040,1326135.9,754584680000000,2500,1200,0
3,2,1,178,120,58,0,0,0,1325706.9,754544080000000,100,0,100
24,11,13,3056,1186,1870,1456,452,1004,1325314,754138410000000,2200,1100,200
6,4,2,412,272,140,0,0,0,1324849.9,754016810000000,500,0,0
85,31,54,11159,5767,5392,6535,4067,2468,1323673.9,752802740000000,8400,5300,0
22,10,12,2896,1104,1792,1440,436,1004,1322286.6,752439280000000,2000,1000,200
26,12,14,3292,1320,1972,1560,520,1040,1321576,751995560000000,2500,1200,0
26,12,14,3292,1320,1972,1560,520,1040,1320795.1,751552370000000,2500,1200,0
3,2,1,184,122,62,0,0,0,1320369.6,751512040000000,100,0,100
3,2,1,184,122,62,0,0,0,1320298.8,751471840000000,100,0,100
23,11,12,3557,1717,1840,2023,983,1040,1319908.9,751069390000000,2200,1000,0
22,10,12,2896,1104,1792,1440,436,1004,1319236.2,750707670000000,2000,1000,200
85,31,54,11159,5767,5392,6535,4067,2468,1317858.2,749504210000000,8400,5200,0
88,32,56,11517,5937,5580,6719,4183,2536,1315709.1,748264710000000,8700,5400,0
22,10,12,2896,1104,1792,1440,436,1004,1314303.5,747905610000000,2000,1000,200
14,7,7,2925,1619,1306,2135,1215,920,1313776.9,747666430000000,1300,500,0
24,11,13,4117,2367,1750,2787,1747,1040,1313215.8,747268070000000,2300,1100,0
26,12,14,3308,1336,1972,1576,536,1040,1312479.9,746830460000000,2500,1200,0
98,35,63,13136,6482,6654,7762,4566,3196,1310906.6,745480900000000,9700,6100,0
26,12,14,3292,1320,1972,1560,520,1040,1309337.1,745045290000000,2500,1200,0
24,11,13,4125,2371,1754,2787,1747,1040,1308605.5,744649750000000,2300,1100,0
87,33,54,11535,6143,5392,6791,4323,2468,1307145.5,743386830000000,8600,5200,0
21,10,11,3955,2313,1642,2787,1747,1040,1305723.5,743032430000000,2000,1100,100
26,12,14,3292,1320,1972,1560,520,1040,1305030.6,742599710000000,2500,1200,0
24,11,13,4181,2431,1750,2851,1811,1040,1304303.9,742206790000000,2300,1100,0
26,12,14,3308,1336,1972,1576,536,1040,1303578,741775010000000,2500,1200,0
87,33,54,11279,5887,5392,6535,4067,2468,1302094.6,740521820000000,8600,5200,0
18,12,6,1068,720,348,0,0,0,1319320,747846350000000,600,0,600
26,12,14,3923,1883,2040,2191,1083,1108,1337247.2,747412620000000,2500,1200,0
20,10,10,2692,1020,1672,1368,364,1004,1336540.8,747058090000000,1700,900,200
26,12,14,3012,1204,1808,1560,520,1040,1335835,746625240000000,2500,1200,0
38,17,21,5627,3165,2462,3535,2215,1320,1334883.6,745996560000000,3700,2300,0
88,31,57,11781,6023,5758,6995,4323,2672,1333266.5,744820610000000,8700,5600,0
26,12,14,3292,1320,1972,1560,520,1040,1331828.4,744390380000000,2500,1200,0
26,12,14,3292,1320,1972,1560,520,1040,1331057.5,743960610000000,2500,1200,0
26,12,14,3292,1320,1972,1560,520,1040,1330287.6,743531320000000,2500,1200,0
37,19,18,4982,1966,3016,2896,872,2024,1329278.4,742829960000000,3600,1700,0
24,11,13,4125,2371,1754,2787,1747,1040,1328305.6,742440860000000,2300,1100,0
12,6,6,2811,1559,1252,2135,1215,920,1327782.8,742246520000000,1100,500,100
24,11,13,4381,2551,1830,3039,1931,1108,1327260.5,741858020000000,2300,1200,0
78,34,44,9973,5505,4468,5691,3607,2084,1325765.9,740579000000000,7700,4500,0
97,42,55,11941,6427,5514,6603,4067,2536,1323202.8,738995970000000,9600,5300,0
26,12,14,3292,1320,1972,1560,520,1040,1321407.6,738572440000000,2500,1200,0
89,35,54,11399,6007,5392,6535,4067,2468,1319857.4,737266370000000,8800,5300,0
28,14,14,4359,2551,1808,2787,1747,1040,1318242.1,736768150000000,2600,1100,100
37,16,21,5583,3105,2478,3551,2215,1336,1317281.4,736194170000000,3600,2200,0
24,11,13,4125,2371,1754,2787,1747,1040,1316424.9,735812050000000,2300,1100,0
26,12,14,3292,1320,1972,1560,520,1040,1315706.1,735392150000000,2500,1200,0
22,10,12,2896,1104,1792,1440,436,1004,1315022.2,735048890000000,2000,1000,200
26,12,14,3308,1336,1972,1576,536,1040,1314339.1,734629860000000,2500,1200,0
26,12,14,3292,1320,1972,1560,520,1040,1313588.5,734211300000000,2500,1200,0
26,12,14,3292,1320,1972,1560,520,1040,1312838.6,733793220000000,2500,1200,0
24,11,13,4125,2371,1754,2787,1747,1040,1312123.9,733413580000000,2300,1100,0
26,12,14,3292,1320,1972,1560,520,1040,1311409.8,732996370000000,2500,1200,0
26,12,14,3292,1320,1972,1560,520,1040,1310662.4,732579690000000,2500,1200,0
85,31,54,11159,5767,5392,6535,4067,2468,1309272.6,731445610000000,8400,5200,0
87,31,56,11403,5767,5636,6671,4067,2604,1307244.5,730315030000000,8600,5400,0
24,11,13,4125,2371,1754,2787,1747,1040,1305895.8,729938950000000,2300,1100,0
27,12,15,3426,1320,2106,1628,520,1108,1305188.5,729525700000000,2600,1300,0
34,14,20,4168,1344,2824,1834,386,1448,1304381.6,729037950000000,2800,1100,100
25,12,13,3570,1248,2322,1904,436,1468,1303575.8,728625770000000,2300,1100,200
18,8,10,3967,1983,1984,2967,1531,1436,1302971.6,728363640000000,1700,900,100
24,11,13,4117,2367,1750,2787,1747,1040,1302401.6,727989570000000,2300,1100,0
113,52,61,14167,7753,6414,7871,4803,3068,1300361.8,726087780000000,11100,5800,0
24,11,13,4117,2367,1750,2787,1747,1040,1298328.2,725716060000000,2300,1100,0
9,4,5,652,282,370,0,0,0,1297895.6,725604590000000,500,0,100
26,12,14,3308,1336,1972,1576,536,1040,1297430,725196240000000,2500,1200,0
26,12,14,3292,1320,1972,1560,520,1040,1296698.5,724788350000000,2500,1200,0
26,12,14,3308,1336,1972,1576,536,1040,1295967.9,724380930000000,2500,1200,0
26,12,14,3292,1320,1972,1560,520,1040,1295238,723973980000000,2500,1200,0
26,12,14,3292,1320,1972,1560,520,1040,1294509,723567440000000,2500,1200,0
41,16,25,6779,3913,2866,4519,3023,1496,1293648.9,723013860000000,4000,2600,0
88,34,54,11355,5963,5392,6551,4083,2468,1292064.4,721798920000000,8700,5300,0
26,12,14,3292,1320,1972,1560,520,1040,1290614.9,721394850000000,2500,1200,0
30,14,16,4929,2845,2084,3275,2063,1212,1289825.4,720917910000000,2900,1700,0
88,34,54,11467,6075,5392,6663,4195,2468,1288315.4,719709950000000,8700,5200,0
23,11,12,3541,1701,1840,2007,967,1040,1286907.1,719344750000000,2200,1000,0
43,18,25,5979,3265,2714,3571,2251,1320,1286024.4,718724660000000,4000,2200,0
67,26,41,9225,4715,4510,5531,3267,2264,1284654.8,717814730000000,6500,4100,200
23,11,12,3541,1701,1840,2007,967,1040,1283515.5,717451470000000,2200,1000,0
87,32,55,11539,6081,5458,6795,4327,2468,1282182.6,716327460000000,8600,5300,0
85,31,54,11303,5911,5392,6679,4211,2468,1280205.2,715243190000000,8400,5200,0
108,50,58,12735,6923,5812,6755,4083,2672,1277653.2,713479090000000,10700,5500,0
26,12,14,3292,1320,1972,1560,520,1040,1275721.6,713084290000000,2500,1200,0
29,14,15,3734,1616,2118,1780,672,1108,1274950.2,712618220000000,2800,1400,0
24,11,13,4117,2367,1750,2787,1747,1040,1274211.9,712260200000000,2300,1100,0
85,31,54,11175,5783,5392,6551,4083,2468,1272930.2,711188070000000,8400,5200,0
26,12,14,3292,1320,1972,1560,520,1040,1271619.2,710795810000000,2500,1200,0
85,31,54,11159,5767,5392,6535,4067,2468,1270311,709728110000000,8400,5200,0
26,12,14,3308,1336,1972,1576,536,1040,1269005.5,709337470000000,2500,1200,0
27,12,15,3390,1320,2070,1592,520,1072,1268305.8,708947230000000,2600,1300,0
26,12,14,3907,1867,2040,2175,1067,1108,1267606.8,708557400000000,2500,1200,0
26,12,14,3012,1204,1808,1560,520,1040,1266908.5,708168030000000,2500,1200,0
22,10,12,2896,1104,1792,1440,436,1004,1266274.4,707849730000000,2000,1000,200
26,12,14,3292,1320,1972,1560,520,1040,1265640.9,707461110000000,2500,1200,0
26,12,14,3292,1320,1972,1560,520,1040,1264944.9,707072950000000,2500,1200,0
113,51,62,13571,7371,6200,7291,4483,2808,1263020.6,705313830000000,11200,6000,0
26,12,14,3292,1320,1972,1560,520,1040,1261102.4,704927950000000,2500,1200,0
22,10,12,2896,1104,1792,1440,436,1004,1260474.1,704612600000000,2000,1000,200
26,12,14,3292,1320,1972,1560,520,1040,1259846.5,704227530000000,2500,1200,0
26,12,14,3292,1320,1972,1560,520,1040,1259156.9,703842870000000,2500,1200,0
26,12,14,3308,1336,1972,1576,536,1040,1258467.9,703458670000000,2500,1200,0
22,10,12,2896,1104,1792,1440,436,1004,1257842.2,703144600000000,2000,1000,200
24,11,13,4117,2367,1750,2787,1747,1040,1257248.5,702795970000000,2300,1100,0
2,1,1,124,62,62,0,0,0,1256936.2,702795970000000,100,0,0
14,7,7,2925,1619,1306,2135,1215,920,1256749,702586990000000,1300,500,0
26,12,14,3028,1220,1808,1576,536,1040,1256218.6,702204130000000,2500,1200,0
56,23,33,7651,4185,3466,4587,2911,1676,1255190.5,701439700000000,5500,3400,0
26,12,14,3308,1336,1972,1576,536,1040,1254164.1,701058050000000,2500,1200,0
3,2,1,178,120,58,0,0,0,1253791.2,701023350000000,100,0,100
23,11,12,3541,1701,1840,2007,967,1040,1253449.6,700676870000000,2200,1000,0
26,12,14,3292,1320,1972,1560,520,1040,1252797.9,700296100000000,2500,1200,0
91,36,55,11833,6387,5446,6855,4387,2468,1251377.4,699087260000000,9000,5300,0
11,4,7,680,246,434,0,0,0,1250208.4,698983850000000,700,0,100
26,12,14,3292,1320,1972,1560,520,1040,1249777.2,698604880000000,2500,1200,0
23,11,12,3557,1717,1840,2023,983,1040,1249129.4,698260750000000,2200,1000,0
89,32,57,11835,6121,5714,6971,4367,2604,1247867.1,697196070000000,8800,5500,0
26,12,14,3292,1320,1972,1560,520,1040,1246576.8,696819050000000,2500,1200,0
26,12,14,3292,1320,1972,1560,520,1040,1245901.5,696442500000000,2500,1200,0
29,15,14,4657,2717,1940,3039,1863,1176,1245137,695963750000000,2800,1400,100
23,11,12,3557,1717,1840,2023,983,1040,1244404.1,695622230000000,2200,1000,0
50,19,31,8085,4535,3550,5339,3483,1856,1243548.4,695008250000000,4800,3100,200
26,12,14,3292,1320,1972,1560,520,1040,1242663.1,694633650000000,2500,1200,0
29,13,16,4241,2001,2240,2311,1135,1176,1241961.8,694225430000000,2800,1400,0
26,12,14,3292,1320,1972,1560,520,1040,1241261,693851560000000,2500,1200,0
48,18,30,7279,3851,3428,4647,2859,1788,1240409.5,693274700000000,4700,3000,100
23,11,12,3541,1701,1840,2007,967,1040,1239589.5,692935800000000,2200,1000,0
26,11,15,4811,2369,2442,3363,1747,1616,1238982.8,692597230000000,2400,1400,100
85,31,54,11159,5767,5392,6535,4067,2468,1237771.4,691583490000000,8400,5200,0
50,21,29,7183,3957,3226,4443,2791,1652,1236260.4,690909310000000,4800,2900,200
26,12,14,3292,1320,1972,1560,520,1040,1235325.1,690539070000000,2500,1200,0
27,12,15,3358,1320,2038,1560,520,1040,1234662.1,690169230000000,2600,1200,0
26,12,14,3907,1867,2040,2175,1067,1108,1233999.6,689799800000000,2500,1200,0
26,12,14,3292,1320,1972,1560,520,1040,1233338,689430700000000,2500,1200,0
3,2,1,178,120,58,0,0,0,1232977.4,689397210000000,100,0,100
36,16,20,5461,3105,2356,3483,2215,1268,1232497,688894630000000,3500,2200,0
101,42,59,12399,6537,5862,6839,4183,2656,1230819.6,687524670000000,10000,5700,0
23,11,12,2956,1164,1792,1440,436,1004,1229296,687191340000000,2000,1000,300
15,10,5,890,600,290,0,0,0,1259948.1,720920060000000,500,0,500
106,51,55,12429,6983,5446,6551,4083,2468,1289324.6,719177780000000,10500,5300,0
87,32,55,11469,5955,5514,6731,4195,2536,1286802.4,718101750000000,8600,5300,0
26,12,14,3292,1320,1972,1560,520,1040,1285496.4,717720710000000,2500,1200,0
23,11,12,3541,1701,1840,2007,967,1040,1284844.1,717374700000000,2200,1000,0
87,32,55,11761,5891,5870,7023,4131,2892,1283573.1,716304040000000,8600,5400,0
87,32,55,11341,5827,5514,6603,4067,2536,1281656.4,715236610000000,8600,5300,0
71,27,44,9731,5151,4580,5863,3667,2196,1279899.1,714343790000000,6900,4400,200
30,17,13,1774,1020,754,0,0,0,1316941.8,734034270000000,1300,0,800
3,2,1,178,120,58,0,0,0,1354722.5,733999040000000,100,0,100
21,10,11,2842,1104,1738,1440,436,1004,1354397,733682350000000,2000,1000,100
23,11,12,3541,1701,1840,2007,967,1040,1353778.9,733330840000000,2200,1000,0
26,12,14,3292,1320,1972,1560,520,1040,1353096.4,732944490000000,2500,1200,0
59,23,36,8347,4471,3876,5127,3203,1924,1352025.6,732173010000000,5800,3600,100
24,11,13,4125,2371,1754,2787,1747,1040,1350989,731822900000000,2300,1100,0
26,12,14,3292,1320,1972,1560,520,1040,1350309.4,731438170000000,2500,1200,0
89,33,56,11833,6253,5580,6975,4439,2536,1348920.4,730321210000000,8800,5400,0
26,12,14,3292,1320,1972,1560,520,1040,1347534.1,729938010000000,2500,1200,0
90,35,55,11581,6135,5446,6663,4195,2468,1346086.6,728756230000000,8900,5300,0
93,33,60,12115,6171,5944,7035,4363,2672,1343969.5,727647450000000,9200,5800,0
26,12,14,3292,1320,1972,1560,520,1040,1342593.6,727267080000000,2500,1200,0
23,11,12,3541,1701,1840,2007,967,1040,1341922.2,726921600000000,2200,1000,0
24,11,13,4117,2367,1750,2787,1747,1040,1341283.6,726576530000000,2300,1100,0
26,12,14,3308,1336,1972,1576,536,1040,1340613.8,726197300000000,2500,1200,0
26,12,14,3292,1320,1972,1560,520,1040,1339912.6,725818400000000,2500,1200,0
20,10,10,2692,1020,1672,1368,364,1004,1339275.8,725508760000000,1700,900,200
22,10,12,2896,1104,1792,1440,436,1004,1338703.1,725199320000000,2000,1000,200
47,20,27,6623,3677,2946,4035,2563,1472,1337813.8,724546960000000,4500,2700,0
26,12,14,3292,1320,1972,1560,520,1040,1336862,724169870000000,2500,1200,0
24,11,13,4117,2367,1750,2787,1747,1040,1336196.5,723827350000000,2300,1100,0
23,10,13,4065,2311,1754,2787,1747,1040,1335595,723519390000000,2200,1100,0
26,12,14,3308,1336,1972,1576,536,1040,1334962.4,723143310000000,2500,1200,0
48,22,26,8234,4734,3500,5574,3494,2080,1334008,722426380000000,4600,2200,0
36,16,20,5461,3105,2356,3483,2215,1268,1332929,721915220000000,3500,2100,0
22,10,12,4071,2307,1764,2855,1747,1108,1332173.1,721608860000000,2100,1200,100
53,20,33,7983,3881,4102,5027,2775,2252,1331295.2,720962940000000,5200,3300,100
26,12,14,4239,2431,1808,2787,1747,1040,1330355.8,720589550000000,2400,1100,100
24,11,13,4181,2431,1750,2851,1811,1040,1329696.8,720250450000000,2300,1100,0
27,12,15,3358,1320,2038,1560,520,1040,1329038.5,719877720000000,2600,1200,0
26,12,14,3292,1320,1972,1560,520,1040,1328349.5,719505470000000,2500,1200,0
26,12,14,3292,1320,1972,1560,520,1040,1327661.1,719133550000000,2500,1200,0
48,22,26,8234,4734,3500,5574,3494,2080,1326714.4,718424550000000,4600,2200,0
86,31,55,11281,5767,5514,6603,4067,2536,1325177.6,717414220000000,8500,5300,0
26,12,14,3292,1320,1972,1560,520,1040,1323902.2,717044450000000,2500,1200,0
3,2,1,178,120,58,0,0,0,1323529.2,717010900000000,100,0,100
28,14,14,3440,1468,1972,1576,536,1040,1323094.2,716574420000000,2700,1200,0
29,12,17,3998,1320,2678,2068,520,1548,1322349.4,716205530000000,2800,1500,0
22,10,12,2896,1104,1792,1440,436,1004,1321729.4,715904010000000,2000,1000,200
26,12,14,3308,1336,1972,1576,536,1040,1321109.9,715535850000000,2500,1200,0
26,12,14,3292,1320,1972,1560,520,1040,1320429.1,715168020000000,2500,1200,0
23,11,12,3541,1701,1840,2007,967,1040,1319780,714833960000000,2200,1000,0
92,38,54,11835,6443,5392,6791,4323,2468,1318330,713600700000000,9100,5200,0
85,31,54,11479,6087,5392,6855,4387,2468,1316268.9,712603860000000,8400,5200,0
30,20,10,1780,1200,580,0,0,0,1355037.6,742149950000000,1000,0,1000
23,11,12,3541,1701,1840,2007,967,1040,1394366.9,741804870000000,2200,1000,0
3,2,1,184,122,62,0,0,0,1394009.5,741770380000000,100,0,100
26,12,14,3292,1320,1972,1560,520,1040,1393619.8,741391280000000,2500,1200,0
26,12,14,3292,1320,1972,1560,520,1040,1392905.9,741012520000000,2500,1200,0
26,12,14,3292,1320,1972,1560,520,1040,1392192.9,740634160000000,2500,1200,0
87,31,56,12047,6023,6024,7315,4323,2992,1390866.5,739604240000000,8600,5400,0
26,12,14,3308,1336,1972,1576,536,1040,1389542.8,739227290000000,2500,1200,0
22,10,12,2896,1104,1792,1440,436,1004,1388897.5,738919190000000,2000,1000,200
30,14,16,3836,1572,2264,1840,640,1200,1388194.4,738474600000000,2900,1600,0
24,11,13,4117,2367,1750,2787,1747,1040,1387459.6,738132950000000,2300,1100,0
28,12,16,3424,1320,2104,1560,520,1040,1386784.2,737757540000000,2700,1200,0
23,11,12,3541,1701,1840,2007,967,1040,1386109.5,737416560000000,2200,1000,0
85,31,54,11159,5767,5392,6535,4067,2468,1384826.6,736395560000000,8400,5200,0
26,12,14,3292,1320,1972,1560,520,1040,1383514.1,736021900000000,2500,1200,0
81,31,50,10715,5719,4996,6307,4019,2288,1382204.1,735004730000000,8000,5100,0
71,27,44,9731,5151,4580,5863,3667,2196,1380419.1,734125470000000,7000,4400,100
24,11,13,4117,2367,1750,2787,1747,1040,1379274,733787850000000,2300,1100,0
26,12,14,3292,1320,1972,1560,520,1040,1378606.6,733416870000000,2500,1200,0
36,16,20,5461,3105,2356,3483,2215,1268,1377781.1,732911470000000,3500,2100,0
26,12,14,3292,1320,1972,1560,520,1040,1376956.8,732541370000000,2500,1200,0
26,12,14,3292,1320,1972,1560,520,1040,1376259.9,732171600000000,2500,1200,0
40,20,20,5701,3345,2356,3483,2215,1268,1375315.9,731533800000000,3900,2100,0
30,14,16,4032,1464,2568,2024,520,1504,1374310,731098060000000,2900,1300,0
78,30,48,10975,5511,5464,6711,3847,2864,1372986,730127860000000,7600,4800,200
26,12,14,3292,1320,1972,1560,520,1040,1371727.5,729760510000000,2500,1200,0
22,10,12,2896,1104,1792,1440,436,1004,1371098.8,729460270000000,2000,1000,200
41,15,26,6243,3159,3084,3979,2327,1652,1370376.8,728993660000000,3900,2500,100
24,11,13,4117,2367,1750,2787,1747,1040,1369624.2,728660730000000,2300,1100,0
26,12,14,3292,1320,1972,1560,520,1040,1368966.1,728294850000000,2500,1200,0
27,12,15,4641,2647,1994,3155,1979,1176,1368277.4,727929380000000,2600,1500,100
78,28,50,10571,5383,5188,6319,3851,2468,1367090.1,727033810000000,7700,5000,100
18,9,9,2456,934,1522,1252,332,920,1365998.4,726768930000000,1700,700,0
26,12,14,3292,1320,1972,1560,520,1040,1365406,726404930000000,2500,1200,0
22,10,12,2896,1104,1792,1440,436,1004,1364783,726107440000000,2000,1000,200
6,1,5,444,74,370,0,0,0,1364502.9,726107440000000,500,0,0
26,12,14,3012,1204,1808,1560,520,1040,1364160.6,725744110000000,2500,1200,0
24,11,13,3623,1717,1906,2023,983,1040,1363507.8,725414200000000,2300,1100,0
48,22,26,8298,4798,3500,5638,3558,2080,1362549,724722250000000,4600,2200,0
26,12,14,3292,1320,1972,1560,520,1040,1361560.5,724360330000000,2500,1200,0
88,34,54,11339,5947,5392,6535,4067,2468,1360200.5,723276720000000,8700,5200,0
85,31,54,11287,5895,5392,6663,4195,2468,1358257.6,722294520000000,8400,5200,0
26,12,14,3292,1320,1972,1560,520,1040,1356995.2,721935010000000,2500,1200,0
22,10,12,2896,1104,1792,1440,436,1004,1356379.9,721641140000000,2000,1000,200
24,11,13,4181,2431,1750,2851,1811,1040,1355795.9,721314930000000,2300,1100,0
27,12,15,3358,1320,2038,1560,520,1040,1355151,720956360000000,2600,1200,0
87,32,55,11395,5937,5458,6651,4183,2468,1353863.6,719947920000000,8600,5300,0
26,12,14,3292,1320,1972,1560,520,1040,1352578.6,719590770000000,2500,1200,0
23,11,12,3541,1701,1840,2007,967,1040,1351936.8,719266360000000,2200,1000,0
48,22,26,8234,4734,3500,5574,3494,2080,1351036.1,718586080000000,4600,2200,0
32,11,21,3194,1228,1966,990,470,520,1350137.6,718262610000000,2800,800,0
116,49,67,15509,7567,7942,9079,4799,4280,1348375.5,716713940000000,11500,6600,0
24,11,13,4117,2367,1750,2787,1747,1040,1346617,716392160000000,2300,1100,0
26,12,14,3292,1320,1972,1560,520,1040,1345980.9,716038490000000,2500,1200,0
22,10,12,2896,1104,1792,1440,436,1004,1345375.6,715749390000000,2000,1000,200
30,13,17,3488,1326,2162,1440,436,1004,1344740.8,715364320000000,2500,1000,200
26,12,14,3292,1320,1972,1560,520,1040,1344046.2,715011660000000,2500,1200,0
26,12,14,3308,1336,1972,1576,536,1040,1343382.4,714659410000000,2500,1200,0
26,12,14,3012,1204,1808,1560,520,1040,1342719,714307490000000,2500,1200,0
26,12,14,3292,1320,1972,1560,520,1040,1342056.5,713955900000000,2500,1200,0
85,31,54,11175,5783,5392,6551,4083,2468,1340823.9,712998800000000,8400,5200,0
22,10,12,2896,1104,1792,1440,436,1004,1339653.6,712712110000000,2000,1000,200
26,12,14,3292,1320,1972,1560,520,1040,1339054,712362130000000,2500,1200,0
85,31,54,11479,6087,5392,6855,4387,2468,1337827,711409260000000,8400,5200,0
25,11,14,3546,1186,2360,1880,452,1428,1336632.1,711092230000000,2300,1200,200
23,11,12,3541,1701,1840,2007,967,1040,1336035.2,710775410000000,2200,1000,0
88,32,56,11517,5937,5580,6719,4183,2536,1334813.8,709795220000000,8700,5400,0
20,10,10,3785,2197,1588,2671,1631,1040,1333624.2,709511220000000,1800,1000,200
23,11,12,3541,1701,1840,2007,967,1040,1333059.8,709195800000000,2200,1000,0
94,40,54,11699,6307,5392,6535,4067,2468,1331606.9,707968580000000,9300,5200,0
24,11,13,4125,2371,1754,2787,1747,1040,1330157.2,707654580000000,2300,1100,0
22,10,12,2896,1104,1792,1440,436,1004,1329595.8,707372260000000,2000,1000,200
38,11,27,5034,1440,3594,2494,706,1788,1329035.1,707058790000000,3700,2500,0
98,43,55,11933,6487,5446,6535,4067,2468,1327505.2,705745200000000,9700,5300,0
3,2,1,178,120,58,0,0,0,1326242.9,705714000000000,100,0,100
27,13,14,3486,1466,2020,1676,588,1088,1325860.9,705339660000000,2500,1200,200
23,11,12,3541,1701,1840,2007,967,1040,1325214.9,705028010000000,2200,1000,0
85,31,54,11287,5895,5392,6663,4195,2468,1324042.4,704094660000000,8400,5200,0
26,12,14,3292,1320,1972,1560,520,1040,1322842.8,703753010000000,2500,1200,0
26,12,14,3292,1320,1972,1560,520,1040,1322199.6,703411760000000,2500,1200,0
26,12,14,3292,1320,1972,1560,520,1040,1321557.1,703070780000000,2500,1200,0
24,11,13,4117,2367,1750,2787,1747,1040,1320944.5,702761140000000,2300,1100,0
86,32,54,11219,5827,5392,6535,4067,2468,1319750.5,701802890000000,8500,5200,0
103,37,66,13403,6883,6520,7735,4859,2876,1317804.2,700693380000000,10200,6400,0
26,12,14,4361,2489,1872,2923,1815,1108,1316442.2,700355080000000,2500,1400,0
26,12,14,3292,1320,1972,1560,520,1040,1315805.4,700017120000000,2500,1200,0
105,36,69,14213,7207,7006,8439,5223,3216,1314477.8,698943850000000,10300,6600,0
23,11,12,3080,1264,1816,1540,536,1004,1313181.8,698637770000000,2100,1000,200
26,12,14,3292,1320,1972,1560,520,1040,1312576.9,698301490000000,2500,1200,0
26,12,14,3891,1851,2040,2159,1051,1108,1311943.8,697965470000000,2500,1200,0
26,12,14,3716,1320,2396,1984,520,1464,1311311.2,697629790000000,2500,1300,0
24,11,13,4117,2367,1750,2787,1747,1040,1310708.2,697324850000000,2300,1100,0
38,18,20,5581,3225,2356,3483,2215,1268,1309933.5,696807170000000,3700,2200,0
22,10,12,2896,1104,1792,1440,436,1004,1309188.4,696533440000000,2000,1000,200
87,32,55,11341,5827,5514,6603,4067,2536,1308044.2,695592100000000,8600,5300,0
22,10,12,2896,1104,1792,1440,436,1004,1306902,695319230000000,2000,1000,200
95,33,62,12619,6363,6256,7431,4555,2876,1305733.4,694350990000000,9400,6000,0
104,50,54,12427,7035,5392,6663,4195,2468,1303434.9,692873520000000,10300,5300,0
27,13,14,1592,780,812,0,0,0,1343825,746152790000000,1400,0,600
26,12,14,3292,1320,1972,1560,520,1040,1385246.8,745796780000000,2500,1200,0
22,10,12,2896,1104,1792,1440,436,1004,1384644.6,745505790000000,2000,1000,200
24,11,13,4125,2371,1754,2787,1747,1040,1384073.1,745182660000000,2300,1100,0
22,10,12,2896,1104,1792,1440,436,1004,1383502,744892080000000,2000,1000,200
6,4,2,356,240,116,0,0,0,1392108.2,752149770000000,200,0,200
26,12,14,3308,1336,1972,1576,536,1040,1400649.2,751791550000000,2500,1200,0
24,11,13,4117,2367,1750,2787,1747,1040,1400011.1,751466200000000,2300,1100,0
26,12,14,4048,1212,2836,2292,400,1892,1399373.8,751108650000000,2500,1200,100
45,19,26,6499,3615,2884,4035,2563,1472,1398494.8,750524260000000,4400,2700,0
150,54,96,18393,9345,9048,10227,6399,3828,1396346.9,748808890000000,14800,9500,100
53,21,32,7799,4275,3524,4903,3115,1788,1394145.5,748163640000000,5100,3200,200
85,31,54,11223,5831,5392,6599,4131,2468,1392642,747197810000000,8400,5200,0
26,12,14,3292,1320,1972,1560,520,1040,1391411.4,746844280000000,2500,1200,0
26,12,14,3324,1352,1972,1592,552,1040,1390751.8,746491150000000,2500,1200,0
26,12,14,3292,1320,1972,1560,520,1040,1390092.6,746138290000000,2500,1200,0
85,30,55,11835,5857,5978,7211,4211,3000,1388896.5,745209640000000,8400,5300,0
87,32,55,11325,5827,5498,6587,4067,2520,1387106.6,744219520000000,8600,5300,0
90,45,45,10911,6277,4634,5915,3719,2196,1384877.6,742818690000000,8900,4500,100
6,1,5,372,62,310,0,0,0,1383574.1,742818690000000,500,0,0
24,11,13,4117,2367,1750,2787,1747,1040,1383277.6,742501060000000,2300,1100,0
26,12,14,3292,1320,1972,1560,520,1040,1382655.2,742152030000000,2500,1200,0
26,12,14,3292,1320,1972,1560,520,1040,1382003.9,741803260000000,2500,1200,0
52,20,32,7579,4071,3508,4743,2971,1772,1381116.9,741201630000000,5100,3200,100
88,32,56,11591,5955,5636,6799,4195,2604,1379641.5,740222110000000,8700,5400,0
22,10,12,2896,1104,1792,1440,436,1004,1378463.4,739938240000000,2000,1000,200
22,10,12,4555,2383,2172,3311,1815,1496,1377933.8,739654570000000,2000,1100,100
26,12,14,3292,1320,1972,1560,520,1040,1377345.8,739308160000000,2500,1200,0
3,2,1,184,122,62,0,0,0,1376993,739276680000000,100,0,100
100,36,64,12673,6381,6292,7191,4399,2792,1375937,738176700000000,9900,6000,0
18,12,6,1068,720,348,0,0,0,1399885,751481300000000,600,0,600
24,11,13,4125,2371,1754,2787,1747,1040,1424543.1,751162130000000,2300,1100,0
22,10,12,2896,1104,1792,1440,436,1004,1423967.1,750875170000000,2000,1000,200
24,11,13,4185,2367,1818,2855,1747,1108,1423391.6,750556540000000,2300,1200,0
80,30,50,11029,5909,5120,6663,4263,2400,1422212.2,749634060000000,7800,5000,200
87,32,55,11347,5833,5514,6603,4067,2536,1420401.8,748650510000000,8600,5300,0
23,10,13,2970,1104,1866,1440,436,1004,1419197.2,748365440000000,2100,1000,200
26,12,14,3308,1336,1972,1576,536,1040,1418595.6,748017280000000,2500,1200,0
52,24,28,6584,2640,3944,3120,1040,2080,1417577.6,747290420000000,5000,2400,0
26,12,14,3308,1336,1972,1576,536,1040,1416561,746943270000000,2500,1200,0
26,12,14,3819,1779,2040,2075,967,1108,1415901.5,746596450000000,2500,1200,0
36,20,16,2220,1200,1020,128,0,128,1416725.2,746121250000000,3200,400,0
25,12,13,3190,1248,1942,1524,436,1088,1417547.9,745775300000000,2300,1100,200
85,31,54,11159,5767,5392,6535,4067,2468,1416321.1,744833360000000,8400,5200,0
26,12,14,3292,1320,1972,1560,520,1040,1415096.5,744488560000000,2500,1200,0
26,12,14,3292,1320,1972,1560,520,1040,1414440,744144090000000,2500,1200,0
24,11,13,3607,1701,1906,2007,967,1040,1413813.9,743831230000000,2300,1100,0
36,16,20,5461,3105,2356,3483,2215,1268,1413069.2,743362400000000,3500,2200,0
89,33,56,11667,6031,5636,6815,4211,2604,1411672,742364160000000,8800,5400,0
44,18,26,6633,3637,2996,4223,2639,1584,1410218.4,741835010000000,4200,2600,200
26,12,14,3292,1320,1972,1560,520,1040,1409388.9,741492950000000,2500,1200,0
26,12,14,3292,1320,1972,1560,520,1040,1408737.6,741151300000000,2500,1200,0
26,12,14,3292,1320,1972,1560,520,1040,1408087,740809850000000,2500,1200,0
26,12,14,3292,1320,1972,1560,520,1040,1407436.9,740468800000000,2500,1200,0
87,32,55,11597,6083,5514,6859,4323,2536,1406198.1,739509280000000,8600,5300,0
55,22,33,7815,4237,3578,4811,3023,1788,1404667.6,738860670000000,5400,3300,100
25,12,13,3226,1320,1906,1560,520,1040,1403727.2,738521440000000,2400,1200,0
26,12,14,3292,1320,1972,1560,520,1040,1403081.2,738182400000000,2500,1200,0
26,12,14,3308,1336,1972,1576,536,1040,1402435.8,737843770000000,2500,1200,0
26,12,14,3292,1320,1972,1560,520,1040,1401791,737505410000000,2500,1200,0
3,2,1,184,122,62,0,0,0,1401439.5,737474670000000,100,0,100
24,11,13,4117,2367,1750,2787,1747,1040,1401117.5,737167380000000,2300,1100,0
96,42,54,11819,6427,5392,6535,4067,2468,1399628,735910170000000,9500,5200,0
25,12,13,4177,2427,1750,2787,1747,1040,1398112.5,735573550000000,2200,1100,300
12,8,4,712,480,232,0,0,0,1426750.6,768593930000000,400,0,400
49,19,30,7143,3727,3416,4463,2675,1788,1455155.6,768019340000000,4800,3000,100
24,11,13,4125,2371,1754,2787,1747,1040,1454308.2,767700510000000,2300,1200,0
25,11,14,4179,2371,1808,2787,1747,1040,1453703.1,767381940000000,2400,1100,0
88,34,54,11355,5963,5392,6551,4083,2468,1452404.4,766332490000000,8700,5300,0
24,11,13,4117,2367,1750,2787,1747,1040,1451107.9,766015070000000,2300,1100,0
88,31,57,12169,6023,6146,7383,4323,3060,1449904.1,765064340000000,8700,5500,0
26,12,14,3308,1336,1972,1576,536,1040,1448672.1,764716310000000,2500,1200,0
98,44,54,12135,6675,5460,6731,4195,2536,1447055.9,763358900000000,9700,5300,100
26,12,14,3292,1320,1972,1560,520,1040,1445443.1,763012480000000,2500,1200,0
24,11,13,4117,2367,1750,2787,1747,1040,1444815.4,762697740000000,2300,1100,0
86,32,54,11347,5955,5392,6663,4195,2468,1443592.1,761723860000000,8500,5200,0
85,31,54,11159,5767,5392,6535,4067,2468,1441776,760783730000000,8400,5200,0
26,12,14,3292,1320,1972,1560,520,1040,1440557.8,760439600000000,2500,1200,0
3,2,1,184,122,62,0,0,0,1440201.4,760408320000000,100,0,100
26,12,14,3292,1320,1972,1560,520,1040,1439845.2,760064590000000,2500,1200,0
24,11,13,4125,2371,1754,2787,1747,1040,1439222.4,759752270000000,2300,1100,0
26,12,14,3292,1320,1972,1560,520,1040,1438600.1,759409070000000,2500,1200,0
28,13,15,3456,1410,2046,1576,536,1040,1437919.2,759035070000000,2600,1200,0
22,10,12,2896,1104,1792,1440,436,1004,1437298.1,758754760000000,2000,1000,200
39,18,21,5635,3225,2410,3483,2215,1268,1436529.9,758225880000000,3800,2200,0
29,15,14,3586,1726,1860,1968,872,1096,1435615,757790940000000,2800,1500,0
6,4,2,366,246,120,0,0,0,1435113.8,757697800000000,500,0,0
26,12,14,3292,1320,1972,1560,520,1040,1434701.1,757356410000000,2500,1200,0
24,11,13,4181,2431,1750,2851,1811,1040,1434082.8,757046370000000,2300,1100,0
27,12,15,3358,1320,2038,1560,520,1040,1433465,756705590000000,2600,1200,0
22,10,12,2896,1104,1792,1440,436,1004,1432877,756427020000000,2000,1000,200
26,12,14,3308,1336,1972,1576,536,1040,1432289.5,756086850000000,2500,1200,0
26,13,13,3739,1833,1906,2007,967,1040,1431614.5,755716070000000,2500,1100,0
86,32,54,11219,5827,5392,6535,4067,2468,1430354.9,754759900000000,8500,5200,0
26,12,14,3292,1320,1972,1560,520,1040,1429126.6,754421210000000,2500,1200,0
6,1,5,372,62,310,0,0,0,1428805.1,754421210000000,500,0,0
26,12,14,3292,1320,1972,1560,520,1040,1428483.9,754082780000000,2500,1200,0
37,16,21,5515,3105,2410,3483,2215,1268,1427725,753621870000000,3600,2100,0
24,11,13,4117,2367,1750,2787,1747,1040,1426996.1,753314850000000,2300,1100,0
26,12,14,3308,1336,1972,1576,536,1040,1426384.4,752977430000000,2500,1200,0
22,10,12,2896,1104,1792,1440,436,1004,1425802.2,752701610000000,2000,1000,200
24,11,13,4117,2367,1750,2787,1747,1040,1425249.6,752395390000000,2300,1100,0
23,10,13,2970,1104,1866,1440,436,1004,1424697.6,752119980000000,2100,1000,200
85,31,54,11447,6055,5392,6823,4355,2468,1423566.2,751203400000000,8400,5200,0
26,12,14,3292,1320,1972,1560,520,1040,1422378.6,750867860000000,2500,1200,0
26,12,14,3308,1336,1972,1576,536,1040,1421742,750532650000000,2500,1200,0
85,31,54,11159,5767,5392,6535,4067,2468,1420557.4,749619900000000,8400,5200,0
89,33,56,11523,5887,5636,6671,4067,2604,1418770,748648770000000,8800,5500,0
83,32,51,11285,6099,5186,6739,4339,2400,1416958.4,747710450000000,8100,5100,200
22,10,12,2896,1104,1792,1440,436,1004,1415810.4,747438460000000,2000,1000,200
26,12,14,3292,1320,1972,1560,520,1040,1415236.9,747106270000000,2500,1200,0
92,33,59,12193,6291,5902,7155,4483,2672,1414005.9,746141650000000,9100,5700,0
30,12,18,3760,1320,2440,1764,520,1244,1412777.2,745810670000000,2900,1500,0
85,31,54,11159,5767,5392,6535,4067,2468,1411607.5,744909330000000,8400,5200,0
31,13,18,5497,2817,2680,3795,2095,1700,1410411.5,744549490000000,3000,1800,100
30,14,16,3592,1472,2120,1560,520,1040,1409700.4,744159990000000,2800,1200,0
23,11,12,4131,2367,1764,2855,1747,1108,1409046.6,743860620000000,2200,1200,100
22,10,12,2896,1104,1792,1440,436,1004,1408507,743591450000000,2000,1000,200
20,10,10,2692,1020,1672,1368,364,1004,1407996.1,743322410000000,1700,900,200
21,9,12,2830,1038,1792,1440,436,1004,1407514,743083500000000,1900,1000,200
20,10,10,2692,1020,1672,1368,364,1004,1407032.1,742814860000000,1700,900,200
38,17,21,5575,3165,2410,3483,2215,1268,1406324.2,742337720000000,3700,2200,0
26,12,14,3292,1320,1972,1560,520,1040,1405560.5,742010090000000,2500,1200,0
26,12,14,3292,1320,1972,1560,520,1040,1404938.6,741682740000000,2500,1200,0
95,40,55,11965,6451,5514,6747,4211,2536,1403528.1,740524440000000,9400,5300,0
26,12,14,3292,1320,1972,1560,520,1040,1402120.5,740198350000000,2500,1200,0
26,12,14,3292,1320,1972,1560,520,1040,1401501.8,739872610000000,2500,1200,0
26,12,14,3308,1336,1972,1576,536,1040,1400883.6,739547130000000,2500,1200,0
32,16,16,4080,2012,2068,2292,1100,1192,1400154.9,739103740000000,3100,1800,0
86,32,54,11539,6147,5392,6855,4387,2468,1398867,738189180000000,8500,5200,0
26,12,14,3292,1320,1972,1560,520,1040,1397692.2,737865180000000,2500,1200,0
26,12,14,3292,1320,1972,1560,520,1040,1397077.4,737541450000000,2500,1200,0
24,11,13,4125,2371,1754,2787,1747,1040,1396491,737247440000000,2300,1200,0
26,12,14,3308,1336,1972,1576,536,1040,1395905.2,736924250000000,2500,1200,0
35,15,20,4304,1756,2548,1966,758,1208,1395208.5,736513340000000,3400,1800,0
98,34,64,13077,6277,6800,7715,4415,3300,1393901.1,735546640000000,9700,6300,0
86,32,54,11475,6083,5392,6791,4323,2468,1392125,734640800000000,8500,5200,0
85,31,54,11159,5767,5392,6535,4067,2468,1390436.1,733766310000000,8400,5200,0
85,31,54,11287,5895,5392,6663,4195,2468,1388779,732893890000000,8400,5200,0
52,24,28,7782,3702,4080,4318,2102,2216,1389991.5,732931070000000,5000,2400,0
26,12,14,3292,1320,1972,1560,520,1040,1391725.4,732611970000000,2500,1200,0
85,31,54,11287,5895,5392,6663,4195,2468,1390594.8,731743110000000,8400,5200,0
26,12,14,3292,1320,1972,1560,520,1040,1389465.9,731425080000000,2500,1200,0
26,12,14,3292,1320,1972,1560,520,1040,1388860.6,731107320000000,2500,1200,0
26,12,14,3292,1320,1972,1560,520,1040,1388255.9,730789830000000,2500,1200,0
23,11,12,3541,1701,1840,2007,967,1040,1387679,730501390000000,2200,1000,0
26,12,14,3907,1867,2040,2175,1067,1108,1387102.8,730184440000000,2500,1200,0
9,6,3,534,360,174,0,0,0,1410861.9,761538770000000,300,0,300
24,11,13,4117,2367,1750,2787,1747,1040,1434634.2,761238590000000,2300,1200,0
31,14,17,4082,1472,2610,1984,520,1464,1433982.5,760848690000000,2900,1300,0
66,33,33,8683,5105,3578,5019,3231,1788,1432709.5,759890580000000,6400,3300,200
24,11,13,4117,2367,1750,2787,1747,1040,1431523.4,759591680000000,2300,1100,0
26,14,12,3320,1604,1716,1864,804,1060,1430877.1,759203450000000,2500,1300,100
26,12,14,3292,1320,1972,1560,520,1040,1430203.2,758875220000000,2500,1200,0
26,12,14,3292,1320,1972,1560,520,1040,1429583.6,758547330000000,2500,1200,0
26,12,14,3292,1320,1972,1560,520,1040,1428964.5,758219700000000,2500,1200,0
24,11,13,4125,2371,1754,2787,1747,1040,1428374.1,757922140000000,2300,1100,0
29,13,16,3506,1394,2112,1560,520,1040,1427756.1,757565320000000,2700,1200,0
26,12,14,3308,1336,1972,1576,536,1040,1427110.6,757238570000000,2500,1200,0
26,12,14,3292,1320,1972,1560,520,1040,1426493.6,756912090000000,2500,1200,0
103,49,54,12239,6847,5392,6535,4067,2468,1424843,755490650000000,10200,5300,0
26,12,14,3292,1320,1972,1560,520,1040,1423196.1,755165640000000,2500,1200,0
34,18,16,4130,2126,2004,2228,1100,1128,1422417.1,754663940000000,3300,1700,0
28,14,14,3424,1452,1972,1560,520,1040,1421583.2,754280750000000,2700,1200,0
26,13,13,3739,1833,1906,2007,967,1040,1420887.6,753927350000000,2500,1100,0
27,12,15,3374,1336,2038,1576,536,1040,1420248.1,753603750000000,2600,1200,0
24,11,13,2904,1150,1754,1560,520,1040,1419664.9,753309750000000,2300,1100,0
59,21,38,8947,3807,5140,5639,2631,3008,1418834.1,752722480000000,5600,3400,0
85,31,54,11287,5895,5392,6663,4195,2468,1417451.1,751843290000000,8400,5200,0
26,12,14,3292,1320,1972,1560,520,1040,1416317.6,751521430000000,2500,1200,0
62,26,36,7896,3192,4704,3782,1462,2320,1415324.1,750790950000000,6000,3600,100
85,31,54,11351,5959,5392,6727,4259,2468,1413809.1,749916260000000,8400,5300,0
98,38,60,12381,6313,6068,7007,4199,2808,1411970,748840230000000,9700,5800,0
26,12,14,3292,1320,1972,1560,520,1040,1410655.9,748520930000000,2500,1200,0
31,14,17,3690,1472,2218,1592,520,1072,1409998.4,748143980000000,2900,1300,0
26,12,14,3292,1320,1972,1560,520,1040,1409341.5,747825280000000,2500,1200,0
26,12,14,3891,1851,2040,2159,1051,1108,1408739.8,747506850000000,2500,1200,0
29,13,16,3502,1386,2116,1560,520,1040,1408111.2,747159760000000,2800,1200,0
26,12,14,3292,1320,1972,1560,520,1040,1407483.4,746841930000000,2500,1200,0
89,33,56,11523,5887,5636,6671,4067,2604,1406311.4,745918780000000,8800,5400,0
26,12,14,3292,1320,1972,1560,520,1040,1405141.4,745601960000000,2500,1200,0
24,11,13,4117,2367,1750,2787,1747,1040,1404570.5,745314200000000,2300,1100,0
46,19,27,6589,3615,2974,4071,2563,1508,1403810.1,744796790000000,4500,2800,0
24,11,13,4181,2431,1750,2851,1811,1040,1403050.5,744509630000000,2300,1100,0
23,11,12,3541,1701,1840,2007,967,1040,1402508.4,744222670000000,2200,1000,0
85,31,54,11415,6023,5392,6791,4323,2468,1401425.9,743363210000000,8400,5200,0
26,12,14,3292,1320,1972,1560,520,1040,1400318,743048600000000,2500,1200,0
24,11,13,3607,1701,1906,2007,967,1040,1399751,742762790000000,2300,1100,0
50,20,30,7533,3849,3684,4799,2743,2056,1398968.9,742220340000000,4900,3100,0
23,11,12,3541,1701,1840,2007,967,1040,1398187.6,741935200000000,2200,1000,0
26,12,14,3292,1320,1972,1560,520,1040,1397622.4,741621730000000,2500,1200,0
26,12,14,3292,1320,1972,1560,520,1040,1397030.6,741308600000000,2500,1200,0
26,12,14,3308,1336,1972,1576,536,1040,1396439.4,740995680000000,2500,1200,0
26,12,14,3292,1320,1972,1560,520,1040,1395848.6,740683010000000,2500,1200,0
54,27,27,7147,4097,3050,4143,2559,1584,1394859,739945090000000,5300,2700,100
23,11,12,3557,1717,1840,2023,983,1040,1393897.5,739661690000000,2200,1000,0
2,1,1,118,60,58,0,0,0,1393629.9,739661690000000,100,0,0
3,2,1,184,122,62,0,0,0,1393603.1,739633370000000,100,0,100
36,16,20,5461,3105,2356,3483,2215,1268,1393175.2,739208630000000,3500,2100,0
22,10,12,2896,1104,1792,1440,436,1004,1392534,738954090000000,2000,1000,200
85,31,54,11159,5767,5392,6535,4067,2468,1391493.4,738106710000000,8400,5300,0
23,11,12,3541,1701,1840,2007,967,1040,1390427.8,737824710000000,2200,1000,0
86,32,54,11219,5827,5392,6535,4067,2468,1389337.1,736951830000000,8500,5200,0
33,14,19,6011,3685,2326,4183,2903,1280,1388168.8,736586420000000,3200,1800,0
53,24,29,8562,4868,3694,5574,3494,2080,1387219.6,735940700000000,4900,2200,100
26,12,14,3292,1320,1972,1560,520,1040,1386324.6,735632330000000,2500,1200,0
48,19,29,7127,3901,3226,4507,2855,1652,1385557.5,735128280000000,4700,2900,100
26,12,14,3891,1851,2040,2159,1051,1108,1384791.2,734820590000000,2500,1200,0
22,10,12,2896,1104,1792,1440,436,1004,1384263.1,734568990000000,2000,1000,200
26,12,14,3292,1320,1972,1560,520,1040,1383735.4,734261770000000,2500,1200,0
26,12,14,3308,1336,1972,1576,536,1040,1383155.5,733954750000000,2500,1200,0
18,12,6,1068,720,348,0,0,0,1420032,785870030000000,600,0,600
26,12,14,3308,1336,1972,1576,536,1040,1456877.6,785541800000000,2500,1200,0
26,12,14,3292,1320,1972,1560,520,1040,1456267.8,785213840000000,2500,1200,0
26,12,14,3308,1336,1972,1576,536,1040,1455658.2,784886150000000,2500,1200,0
26,12,14,3308,1336,1972,1576,536,1040,1455049.4,784558660000000,2500,1200,0
26,12,14,3308,1336,1972,1576,536,1040,1454440.9,784231500000000,2500,1200,0
26,12,14,3308,1336,1972,1576,536,1040,1453833,783904610000000,2500,1200,0
107,51,56,12613,7097,5516,6663,4195,2468,1452150.9,782422250000000,10500,5300,0
24,11,13,4117,2367,1750,2787,1747,1040,1450500.1,782126430000000,2300,1100,0
26,12,14,3292,1320,1972,1560,520,1040,1449923,781801290000000,2500,1200,0
99,42,57,12891,6793,6098,7439,4439,3000,1448496.9,780591780000000,9800,5600,0
38,17,21,5643,3165,2478,3551,2215,1336,1446936.8,780120810000000,3700,2300,0
26,12,14,3292,1320,1972,1560,520,1040,1446198.5,779797350000000,2500,1200,0
27,12,15,3478,1320,2158,1680,520,1160,1445597.6,779474150000000,2600,1400,0
26,12,14,3292,1320,1972,1560,520,1040,1444997.1,779151230000000,2500,1200,0
8,4,4,506,242,264,32,0,32,1444615.4,779063180000000,700,100,100
7,4,3,412,242,170,0,0,0,1444451.8,778975200000000,600,0,0
26,12,14,3308,1336,1972,1576,536,1040,1444070.2,778652670000000,2500,1200,0
26,12,14,3292,1320,1972,1560,520,1040,1443471,778330420000000,2500,1200,0
95,33,62,12471,6283,6188,7283,4475,2808,1442302,777394450000000,9400,5900,0
26,12,14,3292,1320,1972,1560,520,1040,1441134.9,777073270000000,2500,1200,0
85,31,54,11287,5895,5392,6663,4195,2468,1440023.5,776198570000000,8400,5200,0
85,31,54,11159,5767,5392,6535,4067,2468,1438400.4,775325820000000,8400,5200,0
24,11,13,4381,2551,1830,3039,1931,1108,1437320.4,775035370000000,2300,1200,0
85,31,54,11223,5831,5392,6599,4131,2468,1436241.9,774165240000000,8400,5200,0
22,10,12,2896,1104,1792,1440,436,1004,1435191.9,773904590000000,2000,1000,200
92,46,46,11571,6419,5152,6455,3795,2660,1433740.5,772603950000000,9100,4600,100
86,32,54,11475,6083,5392,6791,4323,2468,1431703,771710530000000,8500,5200,0
70,26,44,9565,4917,4648,5751,3487,2264,1430205.5,770991530000000,6800,4400,200
53,21,32,7591,4067,3524,4695,2907,1788,1429004.4,770417270000000,5100,3200,200
26,12,14,3292,1320,1972,1560,520,1040,1428177.9,770101800000000,2500,1200,0
26,12,14,3292,1320,1972,1560,520,1040,1427591.8,769786590000000,2500,1200,0
26,12,14,3308,1336,1972,1576,536,1040,1427006.1,769471580000000,2500,1200,0
26,12,14,3292,1320,1972,1560,520,1040,1426420.9,769156900000000,2500,1200,0
39,18,21,5635,3225,2410,3483,2215,1268,1425676.9,768671040000000,3800,2200,0
26,12,14,3292,1320,1972,1560,520,1040,1424933.6,768357030000000,2500,1200,0
91,32,59,12139,6193,5946,7179,4439,2740,1423820.9,767473340000000,9000,5800,0
41,16,25,6269,3327,2942,4027,2443,1584,1422604.1,767046530000000,4000,2500,100
26,12,14,3292,1320,1972,1560,520,1040,1421917.1,766733800000000,2500,1200,0
85,31,54,11159,5767,5392,6535,4067,2468,1420835.1,765882190000000,8400,5200,0
90,32,58,11761,5937,5824,6855,4183,2672,1419228.8,765004210000000,8900,5600,0
26,12,14,3292,1320,1972,1560,520,1040,1418124.8,764693160000000,2500,1200,0
90,44,46,11165,6409,4756,6175,3911,2264,1416711,763479630000000,8800,4700,200
24,11,13,4117,2367,1750,2787,1747,1040,1415326.2,763197970000000,2300,1100,0
147,52,95,17975,9005,8970,9995,6167,3828,1413731.9,761764660000000,14400,9300,200
33,17,16,4140,2072,2068,2292,1100,1192,1411985.6,761316170000000,3200,1800,0
26,12,14,3292,1320,1972,1560,520,1040,1411283.4,761008080000000,2500,1200,0
26,12,14,3292,1320,1972,1560,520,1040,1410711,760700250000000,2500,1200,0
25,12,13,4249,2495,1754,2851,1811,1040,1410139.2,760392690000000,2400,1100,0
23,11,12,4063,2367,1696,2787,1747,1040,1409593.9,760113310000000,2100,1100,200
70,28,42,9313,4817,4496,5451,3255,2196,1408637.9,759359950000000,6900,4200,100
15,10,5,890,600,290,0,0,0,1435500.6,789197820000000,500,0,500
85,31,54,11159,5767,5392,6535,4067,2468,1462243.5,788330110000000,8400,5200,0
27,12,15,3358,1320,2038,1560,520,1040,1461142.8,788012410000000,2600,1200,0
26,12,14,3292,1320,1972,1560,520,1040,1460552.6,787694990000000,2500,1200,0
22,10,12,2896,1104,1792,1440,436,1004,1460016.5,787435480000000,2000,1000,200
24,11,13,3512,1182,2330,1918,454,1464,1459507.6,787147310000000,2200,1200,100
98,32,66,12737,5937,6800,7399,4183,3216,1458412.8,786255300000000,9700,6400,0
23,11,12,3541,1701,1840,2007,967,1040,1457319.5,785968010000000,2200,1000,0
24,11,13,4117,2367,1750,2787,1747,1040,1456785.8,785680920000000,2300,1100,0
26,12,14,4361,2489,1872,2923,1815,1108,1456225.8,785365370000000,2500,1400,0
85,31,54,11159,5767,5392,6535,4067,2468,1455134.2,784506040000000,8400,5200,0
64,24,40,9269,4577,4692,5779,3255,2524,1453725.8,783848440000000,6200,4000,200
29,13,16,4241,2001,2240,2311,1135,1176,1452797,783505850000000,2800,1400,0
28,13,15,3452,1402,2050,1576,536,1040,1452160.6,783163530000000,2700,1300,0
26,12,14,3308,1336,1972,1576,536,1040,1451551.2,782850000000000,2500,1200,0
64,28,36,7446,3234,4212,3194,1378,1816,1450546,782081470000000,6300,3500,0
26,12,14,3308,1336,1972,1576,536,1040,1449542,781768740000000,2500,1200,0
26,12,14,3292,1320,1972,1560,520,1040,1448961.2,781456350000000,2500,1200,0
59,23,36,8401,4581,3820,5175,3319,1856,1448091.1,780832240000000,5800,3600,100
24,11,13,4117,2367,1750,2787,1747,1040,1447248.4,780548900000000,2300,1100,0
30,13,17,4987,2817,2170,3339,2095,1244,1446669.5,780209130000000,2900,1700,100
81,31,50,10715,5719,4996,6307,4019,2288,1445565.8,779361010000000,8000,5200,0
26,12,14,3292,1320,1972,1560,520,1040,1444490,779050560000000,2500,1200,0
24,11,13,4125,2371,1754,2787,1747,1040,1443939.4,778768500000000,2300,1100,0
27,12,15,4599,2537,2062,3107,1863,1244,1443389.5,778458460000000,2600,1500,100
86,32,54,11219,5827,5392,6535,4067,2468,1442291,777586050000000,8500,5200,0
26,12,14,3292,1320,1972,1560,520,1040,1441194,777276940000000,2500,1200,0
22,10,12,2896,1104,1792,1440,436,1004,1440672,777024210000000,2000,1000,200
19,10,9,3569,2103,1466,2503,1531,972,1440202.5,776771680000000,1600,800,300
84,30,54,11099,5707,5392,6535,4067,2468,1439212.9,775959060000000,8300,5200,0
3,2,1,178,120,58,0,0,0,1438432.6,775931070000000,100,0,100
49,23,26,8294,4794,3500,5574,3494,2080,1437846.8,775315690000000,4500,2200,300
22,10,12,2896,1104,1792,1440,436,1004,1437053.9,775064230000000,2000,1000,200
23,10,13,2994,1104,1890,1472,436,1036,1436586.8,774812970000000,2100,1100,200
100,32,68,13311,6175,7136,7847,4427,3420,1435551.8,773948740000000,9900,6800,100
26,12,14,3292,1320,1972,1560,520,1040,1434466.4,773642530000000,2500,1200,0
23,11,12,3541,1701,1840,2007,967,1040,1433923.4,773364360000000,2200,1000,0
26,12,14,3292,1320,1972,1560,520,1040,1433380.8,773058610000000,2500,1200,0
25,12,13,3753,1779,1974,2075,967,1108,1432812.9,772753130000000,2400,1100,0
28,12,16,3432,1320,2112,1560,520,1040,1432245.4,772447850000000,2700,1200,0
26,12,14,3292,1320,1972,1560,520,1040,1431678.4,772142850000000,2500,1200,0
26,12,14,3292,1320,1972,1560,520,1040,1431111.8,771838040000000,2500,1200,0
6,1,5,350,60,290,0,0,0,1430828.6,771838040000000,500,0,0
26,12,14,3907,1867,2040,2175,1067,1108,1430545.6,771533500000000,2500,1200,0
24,11,13,4125,2371,1754,2787,1747,1040,1430005.6,771256870000000,2300,1200,0
26,12,14,3308,1336,1972,1576,536,1040,1429466.1,770952800000000,2500,1200,0
26,12,14,3292,1320,1972,1560,520,1040,1428901.2,770648930000000,2500,1200,0
26,12,14,3292,1320,1972,1560,520,1040,1428336.9,770345330000000,2500,1200,0
24,11,13,3607,1701,1906,2007,967,1040,1427798.5,770069520000000,2300,1100,0
26,12,14,3292,1320,1972,1560,520,1040,1427260.5,769766390000000,2500,1200,0
26,12,14,3292,1320,1972,1560,520,1040,1426697.4,769463460000000,2500,1200,0
35,15,20,5643,3175,2468,3719,2339,1380,1426058.1,769078320000000,3300,2000,200
26,12,14,3012,1204,1808,1560,520,1040,1425419.5,768775930000000,2500,1200,0
85,31,54,11223,5831,5392,6599,4131,2468,1424373.5,767952500000000,8400,5200,0
24,11,13,4125,2371,1754,2787,1747,1040,1423354.6,767678430000000,2300,1100,0
26,12,14,3308,1336,1972,1576,536,1040,1422820.1,767377180000000,2500,1200,0
27,12,15,3374,1336,2038,1576,536,1040,1422260.5,767076130000000,2600,1200,0
26,12,14,3292,1320,1972,1560,520,1040,1421701.4,766775340000000,2500,1200,0
26,12,14,3292,1320,1972,1560,520,1040,1421142.6,766474760000000,2500,1200,0
23,11,12,2956,1164,1792,1440,436,1004,1420609.6,766201760000000,2000,1000,300
36,16,20,5461,3105,2356,3483,2215,1268,1419975.8,765792530000000,3500,2100,0
26,12,14,3292,1320,1972,1560,520,1040,1419317.1,765492760000000,2500,1200,0
24,11,13,4125,2371,1754,2787,1747,1040,1418785.6,765220430000000,2300,1100,0
26,12,14,3308,1336,1972,1576,536,1040,1418254.5,764921130000000,2500,1200,0
26,12,14,3292,1320,1972,1560,520,1040,1417698.5,764622020000000,2500,1200,0
3,2,1,178,120,58,0,0,0,1417395.4,764594840000000,100,0,100
26,12,14,3292,1320,1972,1560,520,1040,1417092.4,764295940000000,2500,1200,0
27,12,15,3390,1320,2070,1592,520,1072,1416537.2,763997370000000,2600,1300,0
26,12,14,3292,1320,1972,1560,520,1040,1415982.6,763698940000000,2500,1200,0
23,11,12,2894,1150,1744,1336,416,920,1415453.6,763427890000000,2200,1000,0
28,13,15,3452,1402,2050,1576,536,1040,1414900,763102880000000,2700,1300,0
24,11,13,4181,2431,1750,2851,1811,1040,1414346.6,762832230000000,2300,1100,0
29,14,15,3966,1464,2502,2024,520,1504,1413768.5,762480710000000,2800,1300,0
28,13,15,3440,1394,2046,1560,520,1040,1413140.8,762156510000000,2600,1200,0
37,17,20,6341,3973,2368,4291,3023,1268,1412439.4,761724660000000,3600,2100,0
89,33,56,11523,5887,5636,6671,4067,2604,1411238.2,760862450000000,8800,5500,0
26,12,14,3012,1204,1808,1560,520,1040,1410163,760566500000000,2500,1200,0
26,12,14,3292,1320,1972,1560,520,1040,1409613.2,760270750000000,2500,1200,0
26,12,14,3292,1320,1972,1560,520,1040,1409064,759975270000000,2500,1200,0
60,30,30,7909,4561,3348,4575,2855,1720,1408066.6,759197410000000,5900,3100,100
3,2,1,184,122,62,0,0,0,1407319.8,759170570000000,100,0,100
24,11,13,4117,2367,1750,2787,1747,1040,1407046,758902740000000,2300,1100,0
24,11,13,4125,2371,1754,2787,1747,1040,1406548.5,758635110000000,2300,1100,0
98,34,64,12721,6277,6444,7359,4415,2944,1405481.1,757753090000000,9700,6200,0
10,3,7,620,186,434,0,0,0,1404613.8,757699740000000,700,0,0
26,12,14,3292,1320,1972,1560,520,1040,1404291.6,757406280000000,2500,1200,0
54,21,33,7835,4257,3578,4891,3103,1788,1403523.8,756873230000000,5300,3300,100
28,13,15,3588,1538,2050,1712,672,1040,1402732.1,756553790000000,2700,1300,0
66,26,40,8921,4805,4116,5323,3375,1948,1401817.9,755889080000000,6500,4100,0
26,12,14,4257,2437,1820,2787,1747,1040,1400929.5,755597020000000,2400,1100,0
24,11,13,4117,2367,1750,2787,1747,1040,1400411.8,755331670000000,2300,1100,0
26,12,14,3292,1320,1972,1560,520,1040,1399894.2,755040020000000,2500,1200,0
26,12,14,3292,1320,1972,1560,520,1040,1399352.6,754748560000000,2500,1200,0
88,34,54,11339,5947,5392,6535,4067,2468,1398270.9,753875610000000,8700,5300,0
26,12,14,3292,1320,1972,1560,520,1040,1397190.8,753585100000000,2500,1200,0
24,11,13,4117,2367,1750,2787,1747,1040,1396675.6,753321160000000,2300,1100,0
26,12,14,3891,1851,2040,2159,1051,1108,1396161,753031050000000,2500,1200,0
10,4,6,798,266,532,128,0,128,1395818.8,752951990000000,800,400,100
26,12,14,3292,1320,1972,1560,520,1040,1395476.8,752662150000000,2500,1200,0
87,32,55,11357,5843,5514,6619,4083,2536,1394449.9,751846570000000,8600,5300,0
26,12,14,3292,1320,1972,1560,520,1040,1393424.5,751557600000000,2500,1200,0
103,49,54,12495,7103,5392,6791,4323,2468,1391988.1,750299250000000,10200,5300,0
27,12,15,3378,1332,2046,1560,520,1040,1390554.9,750011480000000,2600,1200,0
99,39,60,11830,4906,6924,5226,2282,2944,1389366.2,749019010000000,9700,6000,100
28,13,15,3456,1410,2046,1576,536,1040,1388155.4,748706150000000,2600,1200,0
19,12,7,1126,720,406,0,0,0,1418736.2,785768760000000,700,0,600
26,12,14,3012,1204,1808,1560,520,1040,1449317.8,785468180000000,2500,1200,0
92,38,54,11643,6251,5392,6599,4131,2468,1448106.2,784458730000000,9100,5200,0
26,12,14,3292,1320,1972,1560,520,1040,1446896.9,784159160000000,2500,1200,0
26,12,14,3292,1320,1972,1560,520,1040,1446343,783859780000000,2500,1200,0
26,12,14,3292,1320,1972,1560,520,1040,1445789.5,783560610000000,2500,1200,0
86,32,54,11219,5827,5392,6535,4067,2468,1444734.6,782718800000000,8500,5200,0
26,12,14,3292,1320,1972,1560,520,1040,1443681.2,782420570000000,2500,1200,0
22,10,12,2896,1104,1792,1440,436,1004,1443180,782176690000000,2000,1000,200
26,12,14,3308,1336,1972,1576,536,1040,1442679.1,781878800000000,2500,1200,0
22,10,12,2896,1104,1792,1440,436,1004,1442178.5,781635260000000,2000,1000,200
26,12,14,3012,1204,1808,1560,520,1040,1441678.2,781337830000000,2500,1200,0
85,31,54,11159,5767,5392,6535,4067,2468,1440654.2,780527760000000,8400,5200,0
88,34,54,11595,6203,5392,6791,4323,2468,1439083.9,779638640000000,8700,5200,0
26,12,14,3292,1320,1972,1560,520,1040,1437989,779342690000000,2500,1200,0
26,12,14,3292,1320,1972,1560,520,1040,1437442,779046940000000,2500,1200,0
26,12,14,3012,1204,1808,1560,520,1040,1436895.2,778751460000000,2500,1200,0
22,10,12,2896,1104,1792,1440,436,1004,1436398.6,778509870000000,2000,1000,200
26,12,14,3292,1320,1972,1560,520,1040,1435902.4,778214860000000,2500,1200,0
26,12,14,3292,1320,1972,1560,520,1040,1435357,777919980000000,2500,1200,0
26,12,14,3292,1320,1972,1560,520,1040,1434811.9,777625370000000,2500,1200,0
27,12,15,3358,1320,2038,1560,520,1040,1434267.2,777330960000000,2600,1200,0
26,12,14,3292,1320,1972,1560,520,1040,1433723,777036760000000,2500,1200,0
23,11,12,3541,1701,1840,2007,967,1040,1433203.9,776769530000000,2200,1000,0
4,2,2,236,120,116,0,0,0,1432932.2,776742820000000,200,0,100
26,12,14,3292,1320,1972,1560,520,1040,1432635.9,776449090000000,2500,1200,0
26,12,14,3292,1320,1972,1560,520,1040,1432092.9,776155550000000,2500,1200,0
98,34,64,12585,6277,6308,7223,4415,2808,1431008.6,775276360000000,9700,6000,0
24,11,13,4117,2367,1750,2787,1747,1040,1429950.8,775010270000000,2300,1100,0
26,12,14,3292,1320,1972,1560,520,1040,1429434.4,774717880000000,2500,1200,0
26,12,14,3891,1851,2040,2159,1051,1108,1428893.9,774425690000000,2500,1200,0
26,12,14,3292,1320,1972,1560,520,1040,1428353.6,774133700000000,2500,1200,0
87,32,55,11469,5955,5514,6731,4195,2536,1427324,773311950000000,8600,5300,0
24,11,13,4125,2371,1754,2787,1747,1040,1426320.4,773047270000000,2300,1100,0
22,10,12,2896,1104,1792,1440,436,1004,1425855.6,772809240000000,2000,1000,200
26,13,13,3739,1833,1906,2007,967,1040,1425342.1,772492010000000,2500,1100,0
75,27,48,10179,5087,5092,6071,3603,2468,1424414.8,771805690000000,7400,4800,100
3,2,1,184,122,62,0,0,0,1423756.6,771779320000000,100,0,100
23,11,12,3557,1717,1840,2023,983,1040,1423488.5,771515650000000,2200,1000,0
3,2,1,178,120,58,0,0,0,1423220.4,771489270000000,100,0,100
33,14,19,5333,2987,2346,3523,2211,1312,1422879.4,771146880000000,3200,1900,100
26,12,14,3308,1336,1972,1576,536,1040,1422295.2,770857310000000,2500,1200,0
26,12,14,3292,1320,1972,1560,520,1040,1421760,770568000000000,2500,1200,0
99,35,64,14142,7354,6788,8702,5438,3264,1420667.4,769675190000000,9800,6200,0
25,12,13,3190,1248,1942,1524,436,1088,1419576.4,769386750000000,2300,1100,200
89,32,57,11639,5937,5702,6787,4183,2604,1418559.4,768575140000000,8800,5500,0
6,2,4,370,122,248,0,0,0,1417786.1,768548960000000,400,0,100
2,1,1,118,60,58,0,0,0,1417762.2,768548960000000,100,0,0
26,12,14,3292,1320,1972,1560,520,1040,1417496.4,768261400000000,2500,1200,0
23,11,12,3541,1701,1840,2007,967,1040,1416988.9,768000150000000,2200,1000,0
24,11,13,4193,2371,1822,2855,1747,1108,1416506,767739090000000,2300,1200,0
36,16,20,5461,3105,2356,3483,2215,1268,1415903,767347780000000,3500,2100,0
22,10,12,2896,1104,1792,1440,436,1004,1415324.5,767113240000000,2000,1000,200
85,31,54,11159,5767,5392,6535,4067,2468,1414385.8,766332360000000,8400,5200,0
85,31,54,11223,5831,5392,6599,4131,2468,1412944.1,765553090000000,8400,5200,0
23,10,13,3420,1098,2322,1904,436,1468,1412008.5,765319620000000,2000,1100,300
26,12,14,3308,1336,1972,1576,536,1040,1411529,765034470000000,2500,1200,0
85,31,54,11159,5767,5392,6535,4067,2468,1410547.5,764257820000000,8400,5200,0
26,12,14,3292,1320,1972,1560,520,1040,1409567.2,763973480000000,2500,1200,0
26,12,14,3292,1320,1972,1560,520,1040,1409041.6,763689280000000,2500,1200,0
86,31,55,11265,5767,5498,6587,4067,2520,1408063.5,762915380000000,8500,5300,0
27,12,15,3838,1336,2502,2040,536,1504,1407086.8,762632040000000,2600,1300,0
39,17,22,5641,3165,2476,3483,2215,1268,1406444.1,762220200000000,3800,2100,0
90,36,54,11046,4326,6720,5030,1882,3148,1405232.8,761320940000000,8900,5400,0
23,11,12,3541,1701,1840,2007,967,1040,1404165.6,761064380000000,2200,1000,0
87,34,53,11161,5899,5262,6411,4019,2392,1403146.9,760219010000000,8600,5400,0
90,32,58,12537,5937,6600,7631,4183,3448,1401633.6,759426590000000,8900,5600,0
88,34,54,11403,6011,5392,6599,4131,2468,1400124.1,758584840000000,8700,5200,0
71,27,44,9763,5183,4580,5895,3699,2196,1398735.1,757922950000000,6900,4400,200
22,10,12,2880,1104,1776,1424,436,988,1397912.1,757694110000000,2000,1000,200
85,31,54,11223,5831,5392,6599,4131,2468,1396996.4,756932290000000,8400,5200,0
22,10,12,2896,1104,1792,1440,436,1004,1396081.8,756704050000000,2000,1000,200
85,31,54,11159,5767,5392,6535,4067,2468,1395168.4,755944240000000,8400,5200,0
85,31,54,11159,5767,5392,6535,4067,2468,1393765.8,755185910000000,8400,5200,0
26,12,14,3308,1336,1972,1576,536,1040,1392808.6,754908220000000,2500,1200,0
24,11,13,4125,2371,1754,2787,1747,1040,1392318.9,754656020000000,2300,1100,0
89,33,56,11593,6013,5580,6735,4199,2536,1391340.5,753849980000000,8800,5400,0
26,12,14,3292,1320,1972,1560,520,1040,1390340.4,753573290000000,2500,1200,0
24,11,13,4181,2431,1750,2851,1811,1040,1389852.2,753321900000000,2300,1100,0
22,10,12,2896,1104,1792,1440,436,1004,1389410.9,753095870000000,2000,1000,200
26,12,14,3292,1320,1972,1560,520,1040,1388946.6,752819720000000,2500,1200,0
29,12,17,4470,1320,3150,2540,520,2020,1388436.2,752543770000000,2800,1500,0
22,10,12,2896,1104,1792,1440,436,1004,1387972.8,752318220000000,2000,1000,200
26,12,14,3292,1320,1972,1560,520,1040,1387509.4,752042600000000,2500,1200,0
65,25,40,8975,4747,4228,5431,3371,2060,1386699.5,751442110000000,6300,4000,200
36,16,20,5461,3105,2356,3483,2215,1268,1385798.2,751067310000000,3500,2100,0
24,11,13,3044,1178,1866,1440,436,1004,1385221,750817590000000,2100,1000,200
26,12,14,3292,1320,1972,1560,520,1040,1384736.5,750543120000000,2500,1200,0
27,12,15,3370,1320,2050,1560,520,1040,1384229.2,750268850000000,2600,1200,0
20,10,10,2668,1068,1600,1320,400,920,1383768.5,750044630000000,1900,900,0
26,12,14,3292,1320,1972,1560,520,1040,1383308.1,749770760000000,2500,1200,0
85,31,54,11175,5783,5392,6551,4083,2468,1382365.4,749024780000000,8400,5300,0
26,12,14,3292,1320,1972,1560,520,1040,1381423.9,748751580000000,2500,1200,0
26,12,14,3308,1336,1972,1576,536,1040,1380919,748478650000000,2500,1200,0
26,12,14,3308,1336,1972,1576,536,1040,1380414.6,748205920000000,2500,1200,0
101,42,59,11576,5078,6498,4894,2298,2596,1379224.4,747191030000000,10000,5700,0
26,12,14,3292,1320,1972,1560,520,1040,1378036.2,746919240000000,2500,1200,0
6,4,2,368,244,124,0,0,0,1377998.6,746853140000000,200,0,200
26,13,13,3590,1308,2282,1864,436,1428,1377938.2,746556920000000,2300,1100,300
26,12,14,3292,1320,1972,1560,520,1040,1377413.4,746285530000000,2500,1200,0
26,12,14,3292,1320,1972,1560,520,1040,1376911.6,746014410000000,2500,1200,0
18,8,10,3555,1983,1572,2555,1531,1024,1376501.6,745841940000000,1700,900,100
100,46,54,12059,6667,5392,6535,4067,2468,1375318.5,744735250000000,9900,5300,0
10,6,4,1059,379,680,479,23,456,1374183.4,744612510000000,900,300,100
91,37,54,11647,6255,5392,6663,4195,2468,1373254.4,743729760000000,9000,5200,0
26,12,14,3292,1320,1972,1560,520,1040,1372190.1,743460450000000,2500,1200,0
8,5,3,945,319,626,479,23,456,1371850.6,743362600000000,700,200,100
26,12,14,3292,1320,1972,1560,520,1040,1371511.2,743093570000000,2500,1200,0
85,31,54,11159,5767,5392,6535,4067,2468,1370584.9,742360800000000,8400,5200,0
29,14,15,3632,1666,1966,2020,872,1148,1369614.8,742043710000000,2800,1600,0
87,32,55,11341,5827,5514,6603,4067,2536,1368623.4,741288740000000,8600,5300,0
24,11,13,4117,2367,1750,2787,1747,1040,1367701,741045540000000,2300,1100,0
26,12,14,3292,1320,1972,1560,520,1040,1367228.9,740778180000000,2500,1200,0
22,10,12,2896,1104,1792,1440,436,1004,1366779.5,740559530000000,2000,1000,200
44,18,26,6941,3557,3384,4531,2559,1972,1366195.9,740146950000000,4200,2600,200
91,35,56,11643,6007,5636,6671,4067,2604,1365052.9,739323190000000,9000,5400,0
26,12,14,3292,1320,1972,1560,520,1040,1364045.9,739057100000000,2500,1200,0
93,38,55,11633,6187,5446,6535,4067,2468,1362973.8,738163350000000,9200,5300,0
26,12,14,3308,1336,1972,1576,536,1040,1361903.5,737898060000000,2500,1200,0
27,12,15,3358,1320,2038,1560,520,1040,1361413,737632980000000,2600,1200,0
26,12,14,3292,1320,1972,1560,520,1040,1360922.9,737368110000000,2500,1200,0
8,5,3,504,302,202,32,0,32,1360588.9,737271800000000,600,100,200
26,12,14,3907,1867,2040,2175,1067,1108,1360255.1,737007130000000,2500,1200,0
26,11,15,4741,2367,2374,3303,1747,1556,1359788.1,736766740000000,2500,1300,0
3,2,1,178,120,58,0,0,0,1359543.6,736742720000000,100,0,100
26,16,10,1540,960,580,0,0,0,1379951.5,746815490000000,1000,0,800
24,11,13,4181,2431,1750,2851,1811,1040,1400142.8,746572090000000,2300,1100,0
24,11,13,4133,2383,1750,2803,1763,1040,1399685.5,746328880000000,2300,1100,0
23,11,12,4131,2367,1764,2855,1747,1108,1399228.5,746085820000000,2200,1200,100
26,12,14,3308,1336,1972,1576,536,1040,1398749,745818590000000,2500,1200,0
26,12,14,3292,1320,1972,1560,520,1040,1398247,745551630000000,2500,1200,0
84,30,54,11227,5835,5392,6663,4195,2468,1397335.5,744848600000000,8300,5200,0
23,11,12,3557,1717,1840,2023,983,1040,1396448,744606470000000,2200,1000,0
24,11,13,4589,2371,2218,3251,1747,1504,1395993.1,744364540000000,2300,1200,0
26,12,14,3308,1336,1972,1576,536,1040,1395515.9,744098590000000,2500,1200,0
97,36,61,12995,6589,6406,7675,4607,3068,1394472,743253620000000,9600,5800,0
25,12,13,3226,1320,1906,1560,520,1040,1393429.5,742988410000000,2400,1200,0
26,12,14,3292,1320,1972,1560,520,1040,1392931.2,742723460000000,2500,1200,0
24,11,13,4181,2431,1750,2851,1811,1040,1392456,742482740000000,2300,1100,0
26,12,14,3308,1336,1972,1576,536,1040,1391981.1,742218130000000,2500,1200,0
42,18,24,6729,3453,3276,4415,2443,1972,1391348.6,741809500000000,4000,2400,200
26,12,14,3308,1336,1972,1576,536,1040,1390716.9,741545360000000,2500,1200,0
23,11,12,3541,1701,1840,2007,967,1040,1390243.1,741305450000000,2200,1000,0
20,10,10,2692,1020,1672,1368,364,1004,1389814.8,741089630000000,1700,900,200
93,37,56,11881,6301,5580,6783,4247,2536,1388801.8,740227480000000,9200,5400,0
88,32,56,11517,5937,5580,6719,4183,2536,1387296.5,739486800000000,8700,5400,0
21,10,11,2842,1104,1738,1440,436,1004,1386399.4,739271980000000,2000,1000,100
26,12,14,3308,1336,1972,1576,536,1040,1385951.1,739009660000000,2500,1200,0
24,11,13,4125,2371,1754,2787,1747,1040,1385480.6,738771350000000,2300,1100,0
75,28,47,10177,5367,4810,6099,3835,2264,1384652.8,738128650000000,7400,4700,100
26,12,14,3292,1320,1972,1560,520,1040,1383803.6,737867130000000,2500,1200,0
28,13,15,3468,1398,2070,1592,520,1072,1383289.9,737581980000000,2700,1300,0
26,12,14,3308,1336,1972,1576,536,1040,1382776.5,737320860000000,2500,1200,0
23,11,12,3541,1701,1840,2007,967,1040,1382308.1,737083630000000,2200,1000,0
76,29,47,9262,3920,5342,4194,1998,2196,1381461.9,736420190000000,7500,4600,0
97,39,58,12853,6509,6344,7527,4323,3204,1379995.2,735521670000000,9600,5700,0
85,31,54,11621,5773,5848,6991,4067,2924,1378487.5,734813880000000,8400,5200,0
30,13,17,4987,2817,2170,3339,2095,1244,1377557.5,734531150000000,2900,1700,100
33,14,19,5333,2987,2346,3523,2211,1312,1377004.4,734225130000000,3200,1900,100
98,42,56,13155,7563,5592,7739,5203,2536,1375811.6,733261510000000,9700,5300,0
87,33,54,11423,6031,5392,6679,4211,2468,1374202.6,732511240000000,8600,5200,0
89,32,57,11831,6129,5702,6979,4375,2604,1372816.8,731785860000000,8800,5500,0
22,10,12,2896,1104,1792,1440,436,1004,1371938.1,731575540000000,2000,1000,200
30,14,16,3612,1484,2128,1592,552,1040,1371455.4,731271940000000,2900,1400,0
22,10,12,2896,1104,1792,1440,436,1004,1370972.8,731061890000000,2000,1000,200
26,12,14,3292,1320,1972,1560,520,1040,1370534.2,730805330000000,2500,1200,0
26,12,14,3308,1336,1972,1576,536,1040,1370052.2,730548970000000,2500,1200,0
90,36,54,11459,6067,5392,6535,4067,2468,1369046,729734470000000,8900,5200,0
22,10,12,2896,1104,1792,1440,436,1004,1368084.9,729525360000000,2000,1000,200
40,17,23,6400,3366,3034,4182,2422,1760,1367539.4,729153850000000,3900,2400,0
24,11,13,4117,2367,1750,2787,1747,1040,1366972.4,728921780000000,2300,1100,0
30,14,16,3588,1468,2120,1560,520,1040,1366471.1,728620400000000,2700,1200,0
6,4,2,356,240,116,0,0,0,1366366.5,728557050000000,200,0,200
26,12,14,3012,1204,1808,1560,520,1040,1366305.4,728302230000000,2500,1200,0
26,12,14,3012,1204,1808,1560,520,1040,1365826.5,728047620000000,2500,1200,0
26,12,14,3292,1320,1972,1560,520,1040,1365347.9,727793210000000,2500,1200,0
26,12,14,3012,1204,1808,1560,520,1040,1364869.8,727538940000000,2500,1200,0
26,12,14,3292,1320,1972,1560,520,1040,1364391.9,727284860000000,2500,1200,0
26,12,14,3292,1320,1972,1560,520,1040,1363914.4,727030990000000,2500,1200,0
26,12,14,3292,1320,1972,1560,520,1040,1363437.1,726777250000000,2500,1200,0
87,33,54,11407,6015,5392,6663,4195,2468,1362505.9,726040200000000,8600,5200,0
91,36,55,11833,6387,5446,6855,4387,2468,1361057.5,725235700000000,9000,5300,0
43,17,26,6531,3227,3304,4163,2283,1880,1359957.1,724868540000000,4200,2600,0
26,12,14,3012,1204,1808,1560,520,1040,1359375.1,724616350000000,2500,1200,0
24,11,13,4125,2371,1754,2787,1747,1040,1358922.6,724387170000000,2300,1100,0
26,12,14,3292,1320,1972,1560,520,1040,1358470.5,724135310000000,2500,1200,0
85,31,54,11351,5959,5392,6727,4259,2468,1357588.9,723449260000000,8400,5200,0
81,28,53,10891,5257,5634,6459,3719,2740,1356365.8,722832930000000,8000,5300,100
26,12,14,3292,1320,1972,1560,520,1040,1355551.5,722582140000000,2500,1200,0
62,22,40,8905,4189,4716,5511,2975,2536,1354866.5,722103790000000,6100,4100,0
6,1,5,350,60,290,0,0,0,1354417.6,722103790000000,500,0,0
93,38,55,11633,6187,5446,6535,4067,2468,1353628,721262580000000,9200,5300,0
38,17,21,5575,3165,2410,3483,2215,1268,1352498,720899460000000,3700,2200,0
27,12,15,3358,1320,2038,1560,520,1040,1351922.2,720650010000000,2600,1200,0
89,32,57,11977,5891,6086,7131,4131,3000,1351028,719947920000000,8800,5400,0
23,11,12,3541,1701,1840,2007,967,1040,1350156.1,719721700000000,2200,1000,0
26,12,14,3907,1867,2040,2175,1067,1108,1349709.8,719473060000000,2500,1200,0
89,34,55,11461,5947,5514,6603,4067,2536,1348776,718728150000000,8800,5400,0
7,4,3,430,244,186,0,0,0,1352000.9,720661220000000,300,0,200
69,25,44,9751,4639,5112,5975,3255,2720,1355413.6,720119050000000,6600,4300,200
48,22,26,8234,4734,3500,5574,3494,2080,1354471.5,719645260000000,4600,2200,0
26,12,14,3308,1336,1972,1576,536,1040,1353806.4,719397360000000,2500,1200,0
26,12,14,3308,1336,1972,1576,536,1040,1353339.1,719149590000000,2500,1200,0
24,11,13,4181,2431,1750,2851,1811,1040,1352893.4,718924580000000,2300,1100,0
26,12,14,3292,1320,1972,1560,520,1040,1352447.9,718677150000000,2500,1200,0
24,11,13,4117,2367,1750,2787,1747,1040,1352002.6,718452400000000,2300,1100,0
28,13,15,3456,1410,2046,1576,536,1040,1351536.6,718182890000000,2600,1200,0
39,18,21,5635,3225,2410,3483,2215,1268,1350922.8,717801380000000,3800,2200,0
20,10,10,3785,2197,1588,2671,1631,1040,1350372.9,717599580000000,1800,1000,200
88,34,54,11339,5947,5392,6535,4067,2468,1349485.9,716860640000000,8700,5200,0
8,5,3,504,302,202,32,0,32,1348705.5,716771190000000,600,100,200
25,11,14,4247,2371,1876,2855,1747,1108,1348410.4,716547580000000,2400,1200,0
26,12,14,3308,1336,1972,1576,536,1040,1347967.9,716301830000000,2500,1200,0
24,11,13,4125,2371,1754,2787,1747,1040,1347525.6,716078560000000,2300,1100,0
26,12,14,3012,1204,1808,1560,520,1040,1347083.6,715833140000000,2500,1200,0
26,12,14,3292,1320,1972,1560,520,1040,1346620.9,715587860000000,2500,1200,0
95,40,55,11885,6371,5514,6667,4131,2536,1345571.1,714719600000000,9400,5400,0
29,13,16,4257,2017,2240,2327,1151,1176,1344502,714452840000000,2800,1400,0
85,31,54,11159,5767,5392,6535,4067,2468,1343622.6,713786860000000,8400,5200,0
26,12,14,3292,1320,1972,1560,520,1040,1342765.4,713542980000000,2500,1200,0
90,33,57,11881,6235,5646,6963,4427,2536,1341867.4,712834510000000,8900,5500,0
47,19,28,7615,4591,3024,4983,3539,1444,1340825.1,712436560000000,4600,2800,0
26,12,14,3308,1336,1972,1576,536,1040,1340221.2,712193620000000,2500,1200,0
93,32,61,12127,5937,6190,7059,4183,2876,1339348.1,711509790000000,9200,6000,0
24,11,13,4117,2367,1750,2787,1747,1040,1338496.8,711289530000000,2300,1100,0
24,11,13,4189,2435,1754,2851,1811,1040,1338081.5,711069350000000,2300,1100,0
26,12,14,3292,1320,1972,1560,520,1040,1337645.8,710827290000000,2500,1200,0
3,2,1,184,122,62,0,0,0,1337396.8,710805340000000,100,0,100
26,12,14,3292,1320,1972,1560,520,1040,1337148,710563480000000,2500,1200,0
26,12,14,3292,1320,1972,1560,520,1040,1336692.1,710321820000000,2500,1200,0
23,11,12,3541,1701,1840,2007,967,1040,1336257.1,710102240000000,2200,1000,0
93,37,56,11881,6301,5580,6783,4247,2536,1335306,709312910000000,9200,5400,0
57,23,34,6982,2754,4228,3186,1210,1976,1334109.1,708831400000000,5500,3400,100
26,12,14,3292,1320,1972,1560,520,1040,1333429.2,708590950000000,2500,1200,0
32,13,19,5163,2817,2346,3407,2095,1312,1332955.4,708328760000000,3100,1800,100
105,50,55,12485,6971,5514,6667,4131,2536,1331700.4,707260180000000,10400,5300,0
26,12,14,3292,1320,1972,1560,520,1040,1330468.4,707020740000000,2500,1200,0
26,12,14,3292,1320,1972,1560,520,1040,1330016.9,706781500000000,2500,1200,0
27,12,15,3358,1320,2038,1560,520,1040,1329565.9,706542390000000,2600,1200,0
26,12,14,3292,1320,1972,1560,520,1040,1329115.1,706303410000000,2500,1200,0
14,7,7,2925,1619,1306,2135,1215,920,1328767,706173150000000,1300,600,0
24,11,13,4117,2367,1750,2787,1747,1040,1328439.6,705956120000000,2300,1100,0
106,35,71,14447,7221,7226,8611,5291,3320,1327541.1,705219270000000,10400,6700,0
28,14,14,3526,1666,1860,1968,872,1096,1326582.8,704937950000000,2700,1500,0
23,11,12,3541,1701,1840,2007,967,1040,1326113.6,704721720000000,2200,1000,0
92,33,59,11891,5957,5934,6871,4131,2740,1325258.2,704030640000000,9100,5600,0
26,12,14,3308,1336,1972,1576,536,1040,1324383.6,703793340000000,2500,1200,0
26,12,14,3891,1851,2040,2159,1051,1108,1323936.4,703556240000000,2500,1200,0
97,38,59,11960,6206,5754,6622,4090,2532,1322963.4,702759930000000,9500,5600,0
23,12,11,3288,1554,1734,2004,876,1128,1321991.8,702523510000000,2200,1400,0
21,10,11,2842,1104,1738,1440,436,1004,1321586.6,702330230000000,2000,1000,100
2,1,1,118,60,58,0,0,0,1321404.4,702330230000000,100,0,0
36,16,20,5461,3105,2356,3483,2215,1268,1321100.9,702008310000000,3500,2100,0
29,14,15,4169,1995,2174,2227,1051,1176,1320534.6,701729540000000,2800,1300,0
24,11,13,4125,2371,1754,2787,1747,1040,1320069.8,701515190000000,2300,1200,0
36,16,20,5461,3105,2356,3483,2215,1268,1319564.9,701194010000000,3500,2200,0
26,12,14,3907,1867,2040,2175,1067,1108,1319040.2,700958660000000,2500,1200,0
85,31,54,11159,5767,5392,6535,4067,2468,1318214.1,700317640000000,8400,5200,0
27,12,15,3358,1320,2038,1560,520,1040,1317389,700082890000000,2600,1200,0
23,11,12,3541,1701,1840,2007,967,1040,1316966.6,699869620000000,2200,1000,0
22,14,8,1304,840,464,0,0,0,1340788,718263550000000,800,0,700
26,12,14,3292,1320,1972,1560,520,1040,1364571.9,718023040000000,2500,1200,0
30,15,15,3896,1946,1950,2228,1100,1128,1364053.2,717717150000000,2900,1700,0
44,18,26,6309,3461,2848,3875,2463,1412,1363410.6,717346110000000,4300,2700,0
23,11,12,3541,1701,1840,2007,967,1040,1362850,717128070000000,2200,1000,0
26,12,14,3308,1336,1972,1576,536,1040,1362414,716888290000000,2500,1200,0
100,36,64,13205,6873,6332,7711,4903,2808,1361460.4,716126540000000,9900,6200,0
24,11,13,4125,2371,1754,2787,1747,1040,1360528.9,715909240000000,2300,1100,0
39,18,21,5635,3225,2410,3483,2215,1268,1359970.4,715540080000000,3800,2200,0
26,12,14,3292,1320,1972,1560,520,1040,1359391.8,715301370000000,2500,1200,0
85,31,54,11287,5895,5392,6663,4195,2468,1358545.4,714651220000000,8400,5200,0
24,11,13,3607,1701,1906,2007,967,1040,1357720.8,714434790000000,2300,1100,0
26,12,14,3292,1320,1972,1560,520,1040,1357288,714196820000000,2500,1200,0
3,2,1,184,122,62,0,0,0,1357040.9,714175220000000,100,0,100
6,4,2,390,242,148,32,0,32,1356958.5,714110390000000,500,100,100
48,22,26,8234,4734,3500,5574,3494,2080,1356469.2,713656600000000,4600,2200,0
23,11,12,3541,1701,1840,2007,967,1040,1355836.4,713440780000000,2200,1000,0
24,11,13,4125,2371,1754,2787,1747,1040,1355425.5,713225090000000,2300,1200,0
58,23,35,8161,4407,3754,4995,3139,1856,1354768.6,712750960000000,5700,3500,100
86,32,54,11475,6083,5392,6791,4323,2468,1353682.5,712083970000000,8500,5200,0
26,12,14,3292,1320,1972,1560,520,1040,1352822.9,711847540000000,2500,1200,0
3,2,1,184,122,62,0,0,0,1352577.2,711826070000000,100,0,100
25,12,13,3570,1248,2322,1904,436,1468,1352331.9,711589850000000,2300,1100,200
93,37,56,12475,6439,6036,7371,4379,2992,1351372.1,710817890000000,9200,5400,0
26,12,14,3292,1320,1972,1560,520,1040,1350413.6,710582410000000,2500,1200,0
26,12,14,3292,1320,1972,1560,520,1040,1349965.1,710346990000000,2500,1200,0
23,11,12,3541,1701,1840,2007,967,1040,1349537.4,710133180000000,2200,1000,0
24,11,13,4117,2367,1750,2787,1747,1040,1349130.2,709919440000000,2300,1100,0
85,31,54,11159,5767,5392,6535,4067,2468,1348317,709279020000000,8400,5200,0
36,16,20,5461,3105,2356,3483,2215,1268,1347403.2,708959250000000,3500,2100,0
23,11,12,3541,1701,1840,2007,967,1040,1346896,708746240000000,2200,1000,0
85,31,54,11223,5831,5392,6599,4131,2468,1346085.5,708107970000000,8400,5200,0
26,12,14,3292,1320,1972,1560,520,1040,1345255.8,707874230000000,2500,1200,0
22,10,12,2800,1068,1732,1320,400,920,1344851.4,707683100000000,2100,900,0
35,16,19,4268,1750,2518,1918,674,1244,1344366.5,707364740000000,3400,1700,0
23,11,12,3557,1717,1840,2023,983,1040,1343861.6,707152740000000,2200,1000,0
3,2,1,184,122,62,0,0,0,1343639.5,707131540000000,100,0,100
99,43,56,12379,6743,5636,6927,4323,2604,1342772.6,706242280000000,9800,5500,0
26,12,14,3292,1320,1972,1560,520,1040,1341705.4,706009810000000,2500,1200,0
85,31,54,11159,5767,5392,6535,4067,2468,1340881,705376440000000,8400,5200,0
23,11,12,3541,1701,1840,2007,967,1040,1340077.6,705165580000000,2200,1000,0
24,11,13,4133,2383,1750,2803,1763,1040,1339676.2,704954790000000,2300,1100,0
27,12,15,3358,1320,2038,1560,520,1040,1339254.9,704723130000000,2600,1200,0
26,12,14,3308,1336,1972,1576,536,1040,1338813.9,704491610000000,2500,1200,0
26,12,14,3292,1320,1972,1560,520,1040,1338373,704260280000000,2500,1200,0
39,17,22,5681,3165,2516,3535,2215,1320,1337832.9,703924000000000,3800,2300,0
22,10,12,2896,1104,1792,1440,436,1004,1337333.1,703735020000000,2000,1000,200
36,16,20,5461,3105,2356,3483,2215,1268,1336853.4,703420210000000,3500,2200,0
3,2,1,178,120,58,0,0,0,1336533.8,703399210000000,100,0,100
23,11,12,3541,1701,1840,2007,967,1040,1336314.1,703189560000000,2200,1000,0
92,35,57,11805,6227,5578,6767,4299,2468,1335436.6,702477540000000,9100,5500,0
84,30,54,11227,5835,5392,6663,4195,2468,1334182.4,701871410000000,8300,5200,0
85,31,54,11159,5767,5392,6535,4067,2468,1333009.9,701245420000000,8400,5200,0
26,12,14,3308,1336,1972,1576,536,1040,1332196.1,701016170000000,2500,1200,0
89,33,56,11523,5887,5636,6671,4067,2604,1331344.1,700350120000000,8800,5400,0
24,11,13,4117,2367,1750,2787,1747,1040,1330513.1,700142280000000,2300,1100,0
24,11,13,4125,2371,1754,2787,1747,1040,1330117.4,699934510000000,2300,1100,0
26,12,14,3292,1320,1972,1560,520,1040,1329702,699706140000000,2500,1200,0
24,11,13,4125,2371,1754,2787,1747,1040,1329287,699498640000000,2300,1100,0
24,11,13,4117,2367,1750,2787,1747,1040,1328892,699291270000000,2300,1100,0
26,12,14,4401,2525,1876,2955,1847,1108,1328477.5,699063310000000,2500,1300,0
37,17,20,5635,3167,2468,3591,2211,1380,1327945.1,698731990000000,3600,2100,100
57,21,36,8091,4067,4024,4967,2907,2060,1327236.1,698318260000000,5500,3700,200
26,12,14,3012,1204,1808,1560,520,1040,1326626.1,698090970000000,2500,1200,0
26,12,14,3308,1336,1972,1576,536,1040,1326193.2,697863800000000,2500,1200,0
26,12,14,3028,1220,1808,1576,536,1040,1325760.8,697636710000000,2500,1200,0
22,10,12,2896,1104,1792,1440,436,1004,1325367.9,697451080000000,2000,1000,200
24,10,14,3068,1104,1964,1472,436,1036,1325014.6,697265530000000,2200,1100,200
37,24,13,2194,1440,754,0,0,0,1353282.1,710235860000000,1300,0,1200
26,12,14,3292,1320,1972,1560,520,1040,1381481.8,710005200000000,2500,1200,0
26,12,14,3292,1320,1972,1560,520,1040,1381032,709774690000000,2500,1200,0
24,11,13,4117,2367,1750,2787,1747,1040,1380603.1,709565240000000,2300,1100,0
26,12,14,3292,1320,1972,1560,520,1040,1380174.4,709335060000000,2500,1200,0
27,14,13,3728,1886,1842,2228,1100,1128,1379685.2,709063130000000,2600,1600,0
26,12,14,3292,1320,1972,1560,520,1040,1379196.6,708833220000000,2500,1200,0
96,34,62,12963,6311,6652,7715,4443,3272,1378301,708144410000000,9500,6000,0
30,13,17,4929,2707,2222,3275,1979,1296,1377386.2,707894300000000,2900,1700,100
126,45,81,15829,8023,7806,8983,5563,3420,1376249.4,706978590000000,12500,8000,0
41,17,24,6329,3201,3128,4063,2251,1812,1375033.4,706646200000000,4000,2500,0
26,12,14,3292,1320,1972,1560,520,1040,1374486.9,706417830000000,2500,1200,0
16,10,6,948,600,348,0,0,0,1384481.1,710356850000000,600,0,500
28,14,14,3424,1452,1972,1560,520,1040,1394428.2,710085740000000,2700,1200,0
32,15,17,4088,1722,2366,1960,724,1236,1393880.6,709794010000000,3100,1800,0
27,13,14,3358,1386,1972,1560,520,1040,1393353.8,709544170000000,2600,1200,0
96,33,63,12491,6125,6366,7255,4311,2944,1392453.4,708878850000000,9500,6000,0
86,32,54,11347,5955,5392,6663,4195,2468,1391166.4,708235410000000,8500,5200,0
85,31,54,11159,5767,5392,6535,4067,2468,1389922.2,707613910000000,8400,5200,0
44,14,30,7770,3702,4068,5342,2926,2416,1389050.8,707344870000000,4200,3000,100
36,16,20,5461,3105,2356,3483,2215,1268,1388485.1,707034760000000,3500,2100,0
24,11,13,4125,2371,1754,2787,1747,1040,1387976.8,706828140000000,2300,1100,0
102,42,60,11674,5098,6576,4914,2318,2596,1386941.5,705982360000000,10100,5800,0
26,12,14,3308,1336,1972,1576,536,1040,1385887.4,705755800000000,2500,1200,0
87,32,55,11603,6145,5458,6859,4391,2468,1385036.9,705118070000000,8600,5300,0
38,16,22,5803,3107,2696,3711,2211,1500,1384106.8,704809900000000,3700,2200,100
24,11,13,4125,2371,1754,2787,1747,1040,1383601.6,704604620000000,2300,1100,0
26,12,14,3308,1336,1972,1576,536,1040,1383177.5,704378930000000,2500,1200,0
26,12,14,3292,1320,1972,1560,520,1040,1382733.4,704153380000000,2500,1200,0
27,12,15,3390,1352,2038,1592,552,1040,1382289.6,703927960000000,2600,1200,0
26,12,14,3292,1320,1972,1560,520,1040,1381846.1,703702740000000,2500,1200,0
24,11,13,4117,2367,1750,2787,1747,1040,1381423,703498060000000,2300,1100,0
26,12,14,3292,1320,1972,1560,520,1040,1381000.2,703273040000000,2500,1200,0
22,10,12,2896,1104,1792,1440,436,1004,1380597.8,703089100000000,2000,1000,200
26,12,14,3028,1220,1808,1576,536,1040,1380195.5,702864420000000,2500,1200,0
26,12,14,3308,1336,1972,1576,536,1040,1379753.4,702639810000000,2500,1200,0
32,15,17,4088,1722,2366,1960,724,1236,1379251.4,702354190000000,3100,1800,0
33,14,19,5191,2877,2314,3375,2095,1280,1378709.6,702089180000000,3200,1800,0
26,12,14,3292,1320,1972,1560,520,1040,1378228.4,701865100000000,2500,1200,0
26,12,14,3292,1320,1972,1560,520,1040,1377787.5,701641160000000,2500,1200,0
85,31,54,11159,5767,5392,6535,4067,2468,1376966.9,701031140000000,8400,5200,0
36,16,20,5461,3105,2356,3483,2215,1268,1376067.4,700726530000000,3500,2200,0
24,11,13,4125,2371,1754,2787,1747,1040,1375568,700523590000000,2300,1100,0
25,11,14,4179,2371,1808,2787,1747,1040,1375168.8,700320790000000,2400,1100,0
24,11,13,4125,2371,1754,2787,1747,1040,1374769.8,700118120000000,2300,1100,0
26,12,14,3292,1320,1972,1560,520,1040,1374351,699895320000000,2500,1200,0
87,32,55,12003,6025,5978,7259,4259,3000,1373514.8,699268120000000,8600,5300,0
101,43,58,12539,6771,5768,6967,4363,2604,1372064.1,698420130000000,10000,5600,0
7,4,3,510,272,238,32,0,32,1371171.5,698359670000000,600,100,0
27,12,15,3370,1320,2050,1560,520,1040,1370893.8,698137940000000,2600,1200,0
26,12,14,3292,1320,1972,1560,520,1040,1370457.6,697916350000000,2500,1200,0
85,31,54,11431,6039,5392,6807,4339,2468,1369645.8,697312840000000,8400,5200,0
26,12,14,3292,1320,1972,1560,520,1040,1368834.8,697091780000000,2500,1200,0
3,2,1,184,122,62,0,0,0,1368597.5,697071720000000,100,0,100
24,11,13,4125,2371,1754,2787,1747,1040,1368380.1,696870860000000,2300,1100,0
26,12,14,3308,1336,1972,1576,536,1040,1367965.2,696650140000000,2500,1200,0
28,13,15,4119,1945,2174,2243,1067,1176,1367511.2,696409420000000,2700,1300,0
87,32,55,11341,5827,5514,6603,4067,2536,1366663.5,695788460000000,8600,5300,0
26,12,14,3292,1320,1972,1560,520,1040,1365836.5,695568410000000,2500,1200,0
22,10,12,2896,1104,1792,1440,436,1004,1365442.8,695388420000000,2000,1000,200
45,19,26,6683,3635,3048,4207,2571,1636,1364911.9,695028790000000,4400,2600,100
24,11,13,4125,2371,1754,2787,1747,1040,1364361.9,694829140000000,2300,1100,0
12,6,6,1704,420,1284,902,22,880,1364067.5,694729350000000,1000,400,100
26,12,14,3292,1320,1972,1560,520,1040,1363753.6,694509970000000,2500,1200,0
116,38,78,15559,7439,8120,9155,5339,3816,1362813.4,693772980000000,11300,7000,0
23,11,12,3541,1701,1840,2007,967,1040,1361894,693574070000000,2200,1000,0
26,12,14,3308,1336,1972,1576,536,1040,1361483,693355360000000,2500,1200,0
89,32,57,11655,5897,5758,6803,4131,2672,1360662.2,692739840000000,8800,5500,0
23,11,12,3541,1701,1840,2007,967,1040,1359862.1,692541530000000,2200,1000,0
26,12,14,3308,1336,1972,1576,536,1040,1359452.4,692323500000000,2500,1200,0
26,12,14,3292,1320,1972,1560,520,1040,1359023.4,692105590000000,2500,1200,0
87,32,55,11533,6019,5514,6795,4259,2536,1358205.5,691492280000000,8600,5300,0
3,2,1,178,120,58,0,0,0,1357583.1,691472490000000,100,0,100
25,11,14,5107,2371,2736,3715,1747,1968,1357369.4,691274920000000,2400,1300,0
89,34,55,11409,5963,5446,6551,4083,2468,1356534.2,690623630000000,8800,5300,0
26,12,14,3923,1883,2040,2191,1083,1108,1355680.5,690406800000000,2500,1200,0
18,9,9,1062,540,522,0,0,0,1384521.4,737540370000000,900,0,400
23,11,12,2956,1164,1792,1440,436,1004,1413366.6,737330050000000,2000,1000,300
26,12,14,3891,1851,2040,2159,1051,1108,1412942.4,737098730000000,2500,1200,0
23,11,12,2956,1164,1792,1440,436,1004,1412518.2,736888610000000,2000,1000,300
26,12,14,3292,1320,1972,1560,520,1040,1412094.5,736657620000000,2500,1200,0
23,11,12,3541,1701,1840,2007,967,1040,1411670.9,736447710000000,2200,1000,0
24,11,13,4125,2371,1754,2787,1747,1040,1411267.8,736237990000000,2300,1100,0
26,12,14,3292,1320,1972,1560,520,1040,1410844.8,736007340000000,2500,1200,0
45,17,28,8339,3975,4364,5847,3023,2824,1410301.8,735672200000000,4300,2700,0
27,12,15,3358,1320,2038,1560,520,1040,1409759.1,735441950000000,2600,1200,0
83,42,41,10049,5767,4282,5431,3371,2060,1408716.5,734585030000000,8200,4100,100
26,12,14,3292,1320,1972,1560,520,1040,1407675.4,734355450000000,2500,1200,0
26,12,14,3292,1320,1972,1560,520,1040,1407234.5,734126010000000,2500,1200,0
28,13,15,3452,1402,2050,1576,536,1040,1406773.9,733875890000000,2700,1300,0
85,31,54,11159,5767,5392,6535,4067,2468,1405933.8,733251380000000,8400,5200,0
22,10,12,2896,1104,1792,1440,436,1004,1405154.5,733064210000000,2000,1000,200
26,12,14,3292,1320,1972,1560,520,1040,1404755.1,732835640000000,2500,1200,0
86,31,55,11409,5895,5514,6731,4195,2536,1403937.4,732212800000000,8500,5400,0
31,15,16,4997,2909,2088,3275,2063,1212,1403060.9,731922560000000,3000,1700,0
89,34,55,11409,5963,5446,6551,4083,2468,1402125.8,731239250000000,8800,5300,0
33,14,19,5333,2987,2346,3523,2211,1312,1401211.9,730970480000000,3200,1900,100
4,2,2,246,122,124,0,0,0,1400934,730949810000000,200,0,100
5,3,2,346,206,140,0,0,0,1400874.5,730908470000000,400,0,0
26,12,14,3308,1336,1972,1576,536,1040,1400616.4,730681180000000,2500,1200,0
106,52,54,12419,7027,5392,6535,4067,2468,1399387.9,729629310000000,10500,5300,0
89,32,57,11837,6147,5690,6991,4387,2604,1397766.4,728991380000000,8800,5400,0
24,11,13,4181,2431,1750,2851,1811,1040,1396956.9,728785890000000,2300,1100,0
26,12,14,3292,1320,1972,1560,520,1040,1396542.4,728559930000000,2500,1200,0
26,12,14,3292,1320,1972,1560,520,1040,1396108.4,728334110000000,2500,1200,0
85,31,54,11159,5767,5392,6535,4067,2468,1395300.8,727718920000000,8400,5300,0
24,11,13,4125,2371,1754,2787,1747,1040,1394513.6,727514110000000,2300,1100,0
85,31,54,11287,5895,5392,6663,4195,2468,1393727.5,726900330000000,8400,5200,0
28,13,15,3440,1394,2046,1560,520,1040,1392902.9,726655110000000,2600,1200,0
26,12,14,3668,1248,2420,1936,436,1500,1392451.6,726430500000000,2400,1200,200
22,10,12,2896,1104,1792,1440,436,1004,1392059.4,726246820000000,2000,1000,200
26,12,14,3308,1336,1972,1576,536,1040,1391667.4,726022410000000,2500,1200,0
23,11,12,3557,1717,1840,2023,983,1040,1391255.9,725818540000000,2200,1000,0
26,12,14,4393,2521,1872,2955,1847,1108,1390844.8,725594460000000,2500,1300,0
85,31,54,12617,6337,6280,7963,4643,3320,1390043.4,724983900000000,8400,5400,100
24,11,13,4125,2371,1754,2787,1747,1040,1389262.2,724780630000000,2300,1100,0
88,33,55,11669,6223,5446,6871,4403,2468,1388443.2,724130880000000,8700,5300,0
26,12,14,3292,1320,1972,1560,520,1040,1387605.6,723907810000000,2500,1200,0
85,31,54,11159,5767,5392,6535,4067,2468,1386807.8,723300070000000,8400,5200,0
23,10,13,3046,1104,1942,1524,436,1088,1386049.8,723118010000000,2100,1100,200
86,31,55,11399,5941,5458,6715,4247,2468,1385292.4,722511610000000,8500,5300,0
26,12,14,3308,1336,1972,1576,536,1040,1384497.1,722289550000000,2500,1200,0
86,31,55,11537,6023,5514,6859,4323,2536,1383702.8,721684560000000,8500,5300,0
26,12,14,3292,1320,1972,1560,520,1040,1382909.4,721462970000000,2500,1200,0
29,13,16,4241,2001,2240,2311,1135,1176,1382464.6,721221440000000,2800,1400,0
26,12,14,3292,1320,1972,1560,520,1040,1382020,721000120000000,2500,1200,0
26,12,14,3308,1336,1972,1576,536,1040,1381595,720779000000000,2500,1200,0
85,31,54,11287,5895,5392,6663,4195,2468,1380803.9,720176490000000,8400,5200,0
87,33,54,11535,6143,5392,6791,4323,2468,1379609.6,719535000000000,8600,5200,0
26,12,14,3308,1336,1972,1576,536,1040,1378782.4,719314750000000,2500,1200,0
26,12,14,3292,1320,1972,1560,520,1040,1378359.2,719094630000000,2500,1200,0
27,12,15,3358,1320,2038,1560,520,1040,1377936.5,718874650000000,2600,1200,0
24,11,13,4117,2367,1750,2787,1747,1040,1377533.2,718674730000000,2300,1100,0
36,16,20,5461,3105,2356,3483,2215,1268,1377053.5,718375160000000,3500,2200,0
26,12,14,3292,1320,1972,1560,520,1040,1376554.9,718155640000000,2500,1200,0
16,9,7,2516,1206,1310,1604,684,920,1376190.6,717996060000000,1400,700,200
24,11,13,4117,2367,1750,2787,1747,1040,1375845.9,717796610000000,2300,1100,0
6,3,3,412,206,206,0,0,0,1375616.1,717756750000000,500,0,0
98,37,61,13365,7219,6146,7979,5171,2808,1374889.5,717040030000000,9700,5900,0
26,12,14,3292,1320,1972,1560,520,1040,1373991.8,716821250000000,2500,1200,0
22,10,12,2896,1104,1792,1440,436,1004,1373609.9,716642410000000,2000,1000,200
51,20,31,7409,4007,3402,4627,2907,1720,1373075.6,716265120000000,5000,3100,100
26,12,14,3292,1320,1972,1560,520,1040,1372503.9,716046810000000,2500,1200,0
24,11,13,4117,2367,1750,2787,1747,1040,1372103.8,715848510000000,2300,1100,0
106,37,69,13904,6606,7298,8074,4570,3504,1371228.8,715135540000000,10500,6700,0
26,12,14,3308,1336,1972,1576,536,1040,1370335.9,714917980000000,2500,1200,0
23,11,12,3541,1701,1840,2007,967,1040,1369937,714720270000000,2200,1000,0
21,10,11,2766,1020,1746,1368,364,1004,1369576.2,714542500000000,1800,900,200
89,37,52,10960,4676,6284,5022,2226,2796,1368723.1,713832090000000,8800,5100,0
27,12,15,3358,1320,2038,1560,520,1040,1367833.1,713615330000000,2600,1200,0
26,12,14,3292,1320,1972,1560,520,1040,1367416.9,713398700000000,2500,1200,0
25,12,13,3226,1320,1906,1560,520,1040,1367000.8,713182140000000,2400,1200,0
85,31,54,11159,5767,5392,6535,4067,2468,1366226.4,712592320000000,8400,5200,0
91,35,56,11525,6009,5516,6535,4067,2468,1365019.5,711925050000000,8900,5300,0
47,22,25,7148,3402,3746,4014,1934,2080,1366286.6,712268990000000,4500,2100,0
93,32,61,12327,6221,6106,7235,4459,2776,1367608.4,711661720000000,9100,5700,0
40,18,22,5939,3227,2712,3727,2211,1516,1366706.5,711329130000000,3800,2200,200
28,13,15,4701,2707,1994,3155,1979,1176,1366162.8,711094580000000,2700,1500,100
24,11,13,4125,2371,1754,2787,1747,1040,1365748.9,710899230000000,2300,1100,0
25,12,13,3530,1248,2282,1864,436,1428,1365354.1,710684410000000,2300,1100,200
90,32,58,11879,6111,5768,6967,4363,2604,1364565.5,710079900000000,8900,5600,0
36,16,20,5461,3105,2356,3483,2215,1268,1363702.9,709787700000000,3500,2100,0
91,34,57,12003,6277,5726,7019,4415,2604,1362803.8,709145810000000,8900,5700,200
111,53,58,13213,7433,5780,7035,4431,2604,1361215.6,708136630000000,11000,5800,100
26,12,14,3292,1320,1972,1560,520,1040,1360041,707923550000000,2500,1200,0
26,12,14,3292,1320,1972,1560,520,1040,1359630.9,707710550000000,2500,1200,0
24,11,13,4181,2431,1750,2851,1811,1040,1359239.5,707517080000000,2300,1100,0
24,11,13,4125,2371,1754,2787,1747,1040,1358867.1,707323670000000,2300,1100,0
23,11,12,2956,1164,1792,1440,436,1004,1358494.9,707130390000000,2000,1000,300
22,10,12,2896,1104,1792,1440,436,1004,1358141.4,706956520000000,2000,1000,200
92,34,58,11945,6121,5824,6919,4247,2672,1357361.1,706319650000000,9100,5600,0
26,12,14,3292,1320,1972,1560,520,1040,1356544.6,706107660000000,2500,1200,0
24,11,13,4181,2431,1750,2851,1811,1040,1356155,705915050000000,2300,1100,0
97,36,61,11320,4618,6702,4902,2234,2668,1355322.1,705241680000000,9600,5700,0
85,31,54,11995,6591,5404,7359,4891,2468,1354120.6,704665490000000,8400,5200,0
97,43,54,11879,6487,5392,6535,4067,2468,1352791.5,703860450000000,9600,5300,0
34,14,20,5455,2987,2468,3591,2211,1380,1351778,703611680000000,3300,2000,100
81,31,50,11191,5731,5460,6771,4019,2752,1350986.5,703038160000000,8000,5100,0
22,10,12,2896,1104,1792,1440,436,1004,1350269.5,702866300000000,2000,1000,200
22,10,12,2896,1104,1792,1440,436,1004,1349938.6,702694500000000,2000,1000,200
23,11,12,3541,1701,1840,2007,967,1040,1349589.6,702503780000000,2200,1000,0
26,12,14,3292,1320,1972,1560,520,1040,1349204,702293990000000,2500,1200,0
85,31,54,11159,5767,5392,6535,4067,2468,1348452.2,701722700000000,8400,5200,0
26,12,14,3292,1320,1972,1560,520,1040,1347701.2,701513380000000,2500,1200,0
23,11,12,3541,1701,1840,2007,967,1040,1347316.8,701323260000000,2200,1000,0
38,16,22,5861,3217,2644,3775,2327,1448,1346859.4,701038250000000,3600,2200,200
26,12,14,3292,1320,1972,1560,520,1040,1346384.1,700829410000000,2500,1200,0
12,7,5,2353,1619,734,1671,1215,456,1346073.5,700715530000000,1000,400,200
24,11,13,3044,1178,1866,1440,436,1004,1345781.2,700525880000000,2100,1000,200
22,10,12,2896,1104,1792,1440,436,1004,1345434.4,700355220000000,2000,1000,200
24,11,13,4133,2383,1750,2803,1763,1040,1345087.6,700165700000000,2300,1100,0
26,12,14,3308,1336,1972,1576,536,1040,1344704.6,699957400000000,2500,1200,0
22,10,12,2896,1104,1792,1440,436,1004,1344340.1,699787010000000,2000,1000,200
6,1,5,350,60,290,0,0,0,1344176.1,699787010000000,500,0,0
26,12,14,3012,1204,1808,1560,520,1040,1343975.8,699578900000000,2500,1200,0
26,12,14,3308,1336,1972,1576,536,1040,1343575.1,699370930000000,2500,1200,0
57,21,36,8551,4283,4268,5415,3123,2292,1343011.4,698993040000000,5600,3800,0
26,12,14,4401,2525,1876,2955,1847,1108,1342448.2,698785410000000,2500,1300,0
24,11,13,4125,2371,1754,2787,1747,1040,1342066.8,698596760000000,2300,1100,0
36,16,20,5461,3105,2356,3483,2215,1268,1341613,698313970000000,3500,2200,0
85,31,54,11159,5767,5392,6535,4067,2468,1340797.2,697749110000000,8400,5200,0
87,33,54,11295,5903,5392,6551,4083,2468,1339675,697147550000000,8600,5200,0
37,16,21,4660,1954,2706,2202,890,1312,1338825.5,696865890000000,3600,2000,0
24,11,13,4117,2367,1750,2787,1747,1040,1338374,696678320000000,2300,1100,0
9,6,3,1005,379,626,479,23,456,1338103.1,696584510000000,600,200,300
41,17,24,6467,3355,3112,4207,2411,1796,1337724.2,696284600000000,4000,2500,0
107,39,68,14001,7185,6816,8087,5007,3080,1336751.4,695573380000000,10400,6200,0
23,11,12,3541,1701,1840,2007,967,1040,1335887.9,695386480000000,2200,1000,0
26,12,14,3292,1320,1972,1560,520,1040,1335510.1,695180920000000,2500,1200,0
46,18,28,6975,4035,2940,4411,3023,1388,1335007.1,694863630000000,4400,2300,0
27,12,15,4641,2647,1994,3155,1979,1176,1334504.6,694658410000000,2600,1500,100
85,31,54,11159,5767,5392,6535,4067,2468,1333769.1,694099400000000,8400,5200,0
22,10,12,2896,1104,1792,1440,436,1004,1333070.2,693931890000000,2000,1000,200
88,32,56,11395,5827,5568,6603,4067,2536,1332354.2,693355500000000,8700,5400,0
22,10,12,2896,1104,1792,1440,436,1004,1331639,693188330000000,2000,1000,200
22,10,12,2896,1104,1792,1440,436,1004,1331317.2,693021230000000,2000,1000,200
6,1,5,372,62,310,0,0,0,1331156.4,693021230000000,500,0,0
24,11,13,4117,2367,1750,2787,1747,1040,1330977.8,692835670000000,2300,1100,0
22,10,12,2896,1104,1792,1440,436,1004,1330638.5,692668770000000,2000,1000,200
76,29,47,10195,5317,4878,6051,3719,2332,1329980,692149950000000,7500,4700,100
24,11,13,3607,1701,1906,2007,967,1040,1329304.2,691964870000000,2300,1100,0
110,48,62,13225,6913,6312,7143,4199,2944,1328290.5,691096280000000,10900,6100,0
17,10,7,1006,600,406,0,0,0,1338079.5,699257520000000,700,0,500
85,31,54,11159,5767,5392,6535,4067,2468,1348159.6,698697900000000,8400,5200,0
26,12,14,3292,1320,1972,1560,520,1040,1347421,698492880000000,2500,1200,0
89,33,56,11715,6079,5636,6863,4259,2604,1346647.2,697897220000000,8800,5400,0
47,19,28,6811,3619,3192,4211,2559,1652,1345748.8,697562680000000,4400,2700,200
4,2,2,236,120,116,0,0,0,1345407.8,697544100000000,200,0,100
82,39,43,10223,5697,4526,5683,3487,2196,1344708,696838780000000,8000,4300,200
27,12,15,3358,1320,2038,1560,520,1040,1343829.8,696634900000000,2600,1200,0
23,11,12,3557,1717,1840,2023,983,1040,1343453.6,696449680000000,2200,1000,0
91,32,59,11867,5937,5930,6907,4183,2724,1342720.2,695875970000000,9000,5700,0
26,12,14,3308,1336,1972,1576,536,1040,1341969.8,695672630000000,2500,1200,0
23,11,12,4071,2371,1700,2787,1747,1040,1341594.8,695487950000000,2200,1100,0
86,32,54,11539,6147,5392,6855,4387,2468,1340863.4,694915840000000,8500,5200,0
24,11,13,4125,2371,1754,2787,1747,1040,1340132.8,694731500000000,2300,1100,0
66,25,41,9331,5049,4282,5739,3679,2060,1339527.4,694289450000000,6500,4100,100
37,16,21,5515,3105,2410,3483,2215,1268,1338833.8,694013500000000,3600,2100,0
24,11,13,4125,2371,1754,2787,1747,1040,1338389.4,693829620000000,2300,1100,0
24,11,13,4125,2371,1754,2787,1747,1040,1338034,693645880000000,2300,1100,0
50,17,33,9595,4265,5330,6803,3319,3484,1337574.9,693352070000000,4800,3300,100
26,12,14,3012,1204,1808,1560,520,1040,1337098.2,693150210000000,2500,1200,0
26,12,14,3308,1336,1972,1576,536,1040,1336708,692948410000000,2500,1200,0
23,11,12,3541,1701,1840,2007,967,1040,1336335.9,692765140000000,2200,1000,0
26,12,14,3308,1336,1972,1576,536,1040,1335963.9,692563610000000,2500,1200,0
26,12,14,3891,1851,2040,2159,1051,1108,1335574.4,692362220000000,2500,1200,0
26,12,14,3308,1336,1972,1576,536,1040,1335185.1,692160960000000,2500,1200,0
23,9,14,3168,980,2188,1640,384,1256,1334849.2,692014660000000,2100,1200,100
26,12,14,3292,1320,1972,1560,520,1040,1334513.6,691813530000000,2500,1200,0
26,12,14,3308,1336,1972,1576,536,1040,1334125,691612610000000,2500,1200,0
89,35,54,11463,6071,5392,6599,4131,2468,1333331.1,690992190000000,8800,5200,0
38,18,20,5581,3225,2356,3483,2215,1268,1332432.5,690682350000000,3700,2200,0
26,12,14,3292,1320,1972,1560,520,1040,1331939.6,690482100000000,2500,1200,0
26,12,14,3292,1320,1972,1560,520,1040,1331552.5,690281840000000,2500,1200,0
26,12,14,3292,1320,1972,1560,520,1040,1331165.5,690081790000000,2500,1200,0
3,2,1,178,120,58,0,0,0,1330954.6,690063600000000,100,0,100
26,12,14,3907,1867,2040,2175,1067,1108,1330743.8,689863690000000,2500,1200,0
24,11,13,4117,2367,1750,2787,1747,1040,1330374.9,689682020000000,2300,1100,0
6,1,5,350,60,290,0,0,0,1330199.4,689682020000000,500,0,0
22,10,12,2896,1104,1792,1440,436,1004,1330041.4,689518550000000,2000,1000,200
26,12,14,3292,1320,1972,1560,520,1040,1329690.5,689318960000000,2500,1200,0
24,11,13,4125,2371,1754,2787,1747,1040,1329322.2,689137570000000,2300,1100,0
3,2,1,184,122,62,0,0,0,1329129.4,689119450000000,100,0,100
22,10,12,2896,1104,1792,1440,436,1004,1328954.1,688956240000000,2000,1000,200
92,34,58,12385,6277,6108,7347,4415,2932,1328218.9,688358700000000,9100,5600,0
26,12,14,3012,1204,1808,1560,520,1040,1327449.5,688159730000000,2500,1200,0
26,12,14,4325,2437,1888,2855,1747,1108,1327065.1,687960880000000,2400,1200,0
26,12,14,3292,1320,1972,1560,520,1040,1326680.9,687762170000000,2500,1200,0
26,12,14,3292,1320,1972,1560,520,1040,1326296.8,687563530000000,2500,1200,0
25,11,14,4183,2367,1816,2787,1747,1040,1325930.4,687383070000000,2400,1100,0
100,46,54,12123,6731,5392,6599,4131,2468,1324973.4,686572200000000,9900,5200,0
26,12,14,3308,1336,1972,1576,536,1040,1324000.5,686374230000000,2500,1200,0
24,11,13,4125,2371,1754,2787,1747,1040,1323635.4,686194380000000,2300,1100,0
26,12,14,3292,1320,1972,1560,520,1040,1323270.4,685996670000000,2500,1200,0
37,17,20,5521,3165,2356,3483,2215,1268,1322801.5,685709310000000,3600,2100,0
26,12,14,3292,1320,1972,1560,520,1040,1322333,685511880000000,2500,1200,0
26,12,14,3292,1320,1972,1560,520,1040,1321951.4,685314580000000,2500,1200,0
3,2,1,184,122,62,0,0,0,1321743.4,685296590000000,100,0,100
104,48,56,12541,6961,5580,6783,4247,2536,1320912.4,684454850000000,10300,5400,0
26,12,14,3292,1320,1972,1560,520,1040,1319909.6,684258150000000,2500,1200,0
86,32,54,11219,5827,5392,6535,4067,2468,1319184.4,683704370000000,8500,5200,0
26,12,14,3292,1320,1972,1560,520,1040,1318459.9,683508070000000,2500,1200,0
87,32,55,11587,6129,5458,6843,4375,2468,1317736.2,682955570000000,8600,5300,0
19,9,10,2986,934,2052,1716,332,1384,1317065,682813100000000,1800,800,0
24,11,13,3044,1178,1866,1440,436,1004,1316755.4,682635120000000,2100,1000,200
98,43,55,12311,6853,5458,6907,4439,2468,1315861.9,681888600000000,9700,5400,0
27,13,14,3358,1386,1972,1560,520,1040,1314935.2,681675670000000,2600,1200,0
91,34,57,12015,6313,5702,7043,4439,2604,1314164,681090610000000,9000,5500,0
34,16,18,4474,2138,2336,2596,1244,1352,1313342.4,680825060000000,3300,2200,0
85,31,54,11175,5783,5392,6551,4083,2468,1312573.1,680294500000000,8400,5200,0
24,11,13,4117,2367,1750,2787,1747,1040,1311890.1,680117800000000,2300,1100,0
87,32,55,11459,6001,5458,6715,4247,2468,1311190.8,679570730000000,8600,5300,0
27,13,14,3358,1386,1972,1560,520,1040,1310458,679359200000000,2600,1200,0
86,31,55,11213,5767,5446,6535,4067,2468,1309743.1,678830920000000,8500,5200,0
26,12,14,3012,1204,1808,1560,520,1040,1309046,678637450000000,2500,1200,0
22,10,12,2896,1104,1792,1440,436,1004,1308706.1,678479200000000,2000,1000,200
96,40,56,11943,6307,5636,6671,4067,2604,1307892.6,677794430000000,9500,5400,0
86,32,54,11475,6083,5392,6791,4323,2468,1306707.8,677251050000000,8500,5200,0
101,36,65,13464,6442,7022,7922,4454,3468,1305591.6,676638610000000,10000,6300,0
35,18,17,5114,2808,2306,2788,1612,1176,1304713.6,676341590000000,3400,1900,0
17,9,8,3173,1809,1364,2207,1287,920,1304291.6,676201870000000,1400,600,300
22,10,12,2896,1104,1792,1440,436,1004,1304004.8,676044760000000,2000,1000,200
86,32,54,11363,5971,5392,6679,4211,2468,1303330.5,675504200000000,8500,5200,0
24,11,13,3044,1178,1866,1440,436,1004,1302640.2,675330050000000,2100,1000,200
29,13,16,3550,1414,2136,1608,536,1072,1302270.1,675121140000000,2800,1300,0
94,35,59,12121,6355,5766,6963,4427,2536,1301496.9,674529920000000,9300,5600,0
26,12,14,3292,1320,1972,1560,520,1040,1300741.5,674338860000000,2500,1200,0
26,12,14,3292,1320,1972,1560,520,1040,1300372.2,674147930000000,2500,1200,0
39,16,23,6025,3327,2698,3891,2443,1448,1299936.4,673887750000000,3700,2300,200
23,11,12,3541,1701,1840,2007,967,1040,1299517.5,673714340000000,2200,1000,0
28,11,17,5100,1190,3910,3236,456,2780,1299182.8,673541130000000,2600,1500,200
24,11,13,4125,2371,1754,2787,1747,1040,1298848.1,673367930000000,2300,1100,0
24,11,13,4181,2431,1750,2851,1811,1040,1298513.5,673194850000000,2300,1100,0
85,31,54,11159,5767,5392,6535,4067,2468,1297845,672676100000000,8400,5200,0
23,11,12,3541,1701,1840,2007,967,1040,1297177.1,672503360000000,2200,1000,0
36,16,20,5461,3105,2356,3483,2215,1268,1296759.9,672244460000000,3500,2100,0
12,6,6,718,362,356,0,0,0,1296426.5,672158150000000,1100,0,0
46,15,31,6034,1988,4046,2982,990,1992,1296110.4,671916760000000,4500,3100,0
26,12,14,3292,1320,1972,1560,520,1040,1295694.4,671727180000000,2500,1200,0
26,12,14,3292,1320,1972,1560,520,1040,1295328.1,671537730000000,2500,1200,0
85,31,54,11159,5767,5392,6535,4067,2468,1294646.2,671021530000000,8400,5200,0
85,31,54,11159,5767,5392,6535,4067,2468,1293649.9,670506140000000,8400,5200,0
22,10,12,2896,1104,1792,1440,436,1004,1293003,670351650000000,2000,1000,200
26,12,14,3308,1336,1972,1576,536,1040,1292671.4,670163010000000,2500,1200,0
6,4,2,358,242,116,0,0,0,1292439.2,670111530000000,500,0,0
37,17,20,5521,3165,2356,3483,2215,1268,1292124.5,669837330000000,3600,2100,0
22,10,12,2896,1104,1792,1440,436,1004,1291710.6,669683180000000,2000,1000,200
26,12,14,3012,1204,1808,1560,520,1040,1291379.6,669494870000000,2500,1200,0
14,8,6,2931,1679,1252,2135,1215,920,1291081.8,669375080000000,1100,500,300
26,12,14,3308,1336,1972,1576,536,1040,1290784.1,669186910000000,2500,1200,0
26,12,14,3292,1320,1972,1560,520,1040,1290420.6,668998870000000,2500,1200,0
26,12,14,3308,1336,1972,1576,536,1040,1290057.2,668810970000000,2500,1200,0
26,12,14,3308,1336,1972,1576,536,1040,1289694.1,668623130000000,2500,1200,0
87,31,56,11467,5831,5636,6735,4131,2604,1289018.2,668111420000000,8600,5400,0
26,12,14,3308,1336,1972,1576,536,1040,1288343.1,667923990000000,2500,1200,0
106,50,56,12543,6907,5636,6671,4067,2604,1287356.6,667090360000000,10500,5500,0
26,12,14,3891,1851,2040,2159,1051,1108,1286371.8,666903530000000,2500,1200,0
26,12,14,3292,1320,1972,1560,520,1040,1286010.6,666716770000000,2500,1200,0
26,12,14,3891,1851,2040,2159,1051,1108,1285649.8,666530070000000,2500,1200,0
85,31,54,11223,5831,5392,6599,4131,2468,1284978.1,666021590000000,8400,5200,0
26,12,14,3308,1336,1972,1576,536,1040,1284307.1,665835360000000,2500,1200,0
21,14,7,1246,840,406,0,0,0,1303793.1,680988410000000,700,0,700
24,11,13,4185,2367,1818,2855,1747,1108,1323284.1,680815400000000,2300,1200,0
85,31,54,11287,5895,5392,6663,4195,2468,1322610.8,680296920000000,8400,5200,0
26,12,14,3292,1320,1972,1560,520,1040,1321921.2,680107000000000,2500,1200,0
26,12,14,3292,1320,1972,1560,520,1040,1321551.4,679917150000000,2500,1200,0
92,38,54,11595,6203,5392,6551,4083,2468,1320745.5,679279480000000,9100,5200,0
26,12,14,3292,1320,1972,1560,520,1040,1319940.8,679090100000000,2500,1200,0
87,31,56,11467,5831,5636,6735,4131,2604,1319254,678574160000000,8600,5400,0
22,10,12,2896,1104,1792,1440,436,1004,1318601.5,678419610000000,2000,1000,200
85,31,54,11223,5831,5392,6599,4131,2468,1317949.5,677904690000000,8400,5200,0
26,12,14,3292,1320,1972,1560,520,1040,1317264.8,677716110000000,2500,1200,0
24,11,13,4181,2431,1750,2851,1811,1040,1316914.2,677544780000000,2300,1100,0
26,12,14,3292,1320,1972,1560,520,1040,1316563.9,677356340000000,2500,1200,0
26,12,14,3907,1867,2040,2175,1067,1108,1316197,677168100000000,2500,1200,0
98,34,64,14073,7273,6800,8675,5403,3272,1315464.5,676603850000000,9600,6000,0
93,38,55,11717,6203,5514,6619,4083,2536,1314301.2,675972350000000,9200,5300,0
75,28,47,10253,5431,4822,6163,3899,2264,1313239.2,675512250000000,7400,4700,100
26,12,14,3292,1320,1972,1560,520,1040,1312609.1,675324950000000,2500,1200,0
102,49,53,11426,5508,5918,4666,2266,2400,1311631.9,674509040000000,10100,5200,0
26,12,14,3292,1320,1972,1560,520,1040,1310656.1,674322350000000,2500,1200,0
85,31,54,11159,5767,5392,6535,4067,2468,1309979,673813660000000,8400,5200,0
23,11,12,2956,1164,1792,1440,436,1004,1309319.1,673644280000000,2000,1000,300
85,31,54,11175,5783,5392,6551,4083,2468,1308659.9,673136600000000,8400,5200,0
26,12,14,3308,1336,1972,1576,536,1040,1307984.8,672950640000000,2500,1200,0
86,31,55,11281,5767,5514,6603,4067,2536,1307310.4,672444040000000,8500,5300,0
26,12,14,3292,1320,1972,1560,520,1040,1306636.8,672258480000000,2500,1200,0
26,12,14,3308,1336,1972,1576,536,1040,1306275.4,672072990000000,2500,1200,0
88,32,56,11463,5827,5636,6671,4067,2604,1305586.5,671550890000000,8700,5400,0
28,13,15,3488,1442,2046,1608,568,1040,1304881.9,671349020000000,2600,1200,0
98,43,55,12001,6487,5514,6603,4067,2536,1303998.1,670643310000000,9700,5400,0
26,12,14,3308,1336,1972,1576,536,1040,1303131.9,670458760000000,2500,1200,0
28,12,16,3456,1320,2136,1592,520,1072,1302772.5,670274270000000,2700,1300,0
82,30,52,10314,3734,6580,4814,1746,3068,1302120.5,669788410000000,8100,5100,0
89,33,56,11695,6171,5524,6831,4363,2468,1301127.2,669253150000000,8800,5400,0
6,1,5,444,74,370,0,0,0,1300606.5,669253150000000,500,0,0
26,12,14,3292,1320,1972,1560,520,1040,1300427.4,669069330000000,2500,1200,0
43,21,22,6225,3581,2644,3839,2391,1448,1299923.2,668735400000000,4200,2200,100
24,11,13,4133,2383,1750,2803,1763,1040,1299435.8,668568500000000,2300,1100,0
26,12,14,3292,1320,1972,1560,520,1040,1299094.5,668385090000000,2500,1200,0
85,31,54,11287,5895,5392,6663,4195,2468,1298429.2,667885330000000,8400,5200,0
29,14,15,3554,1464,2090,1612,520,1092,1297732.4,667668970000000,2800,1300,0
87,32,55,11469,5955,5514,6731,4195,2536,1297019.9,667153710000000,8600,5300,0
36,15,21,5679,3157,2522,3707,2327,1380,1296292.2,666921250000000,3500,2100,100
109,51,58,13029,7205,5824,6983,4311,2672,1295258.8,666092390000000,10800,5600,0
22,10,12,2896,1104,1792,1440,436,1004,1294307.4,665943400000000,2000,1000,200
26,12,14,3292,1320,1972,1560,520,1040,1293985.1,665761400000000,2500,1200,0
26,12,14,3292,1320,1972,1560,520,1040,1293630.6,665579470000000,2500,1200,0
92,36,56,11719,6083,5636,6687,4083,2604,1292890.6,665001400000000,9100,5500,0
26,12,14,3292,1320,1972,1560,520,1040,1292151.5,664819870000000,2500,1200,0
26,12,14,3308,1336,1972,1576,536,1040,1291798.1,664638540000000,2500,1200,0
23,10,13,3426,1104,2322,1904,436,1468,1291477,664490160000000,2100,1100,200
12,5,7,2091,321,1770,1391,23,1368,1291268.6,664424260000000,1000,400,100
28,12,16,3492,1320,2172,1628,520,1108,1291028.2,664243130000000,2700,1300,0
85,31,54,11175,5783,5392,6551,4083,2468,1290371.2,663749550000000,8400,5200,0
26,12,14,3308,1336,1972,1576,536,1040,1289715,663568690000000,2500,1200,0
22,10,12,2896,1104,1792,1440,436,1004,1289394.9,663420850000000,2000,1000,200
24,11,13,4125,2371,1754,2787,1747,1040,1289091,663256630000000,2300,1100,0
26,12,14,3292,1320,1972,1560,520,1040,1288755.4,663076110000000,2500,1200,0
26,12,14,3292,1320,1972,1560,520,1040,1288403.8,662895720000000,2500,1200,0
13,7,6,2871,1619,1252,2135,1215,920,1288132.6,662797340000000,1200,500,100
22,10,12,2896,1104,1792,1440,436,1004,1287893.5,662649830000000,2000,1000,200
97,43,54,11943,6551,5392,6599,4131,2468,1287080.8,661962300000000,9600,5200,0
92,35,57,12541,6071,6470,7515,4131,3384,1285872,661406780000000,9100,5600,0
24,11,13,4185,2367,1818,2855,1747,1108,1285173.1,661243570000000,2300,1200,0
24,11,13,4295,2477,1818,2971,1863,1108,1284855.4,661080430000000,2300,1300,100
19,9,10,3725,2137,1588,2671,1631,1040,1284569.5,660949970000000,1800,1000,100
84,31,53,11601,5663,5938,7019,3951,3068,1283966.8,660461280000000,8300,5300,100
110,44,66,13951,6895,7056,7887,4427,3460,1282810.9,659762070000000,10900,6300,0
6,1,5,372,62,310,0,0,0,1282131.2,659762070000000,500,0,0
26,12,14,3292,1320,1972,1560,520,1040,1281957.2,659583430000000,2500,1200,0
87,32,55,11357,5843,5514,6619,4083,2536,1281293.8,659080520000000,8600,5400,0
26,12,14,3308,1336,1972,1576,536,1040,1280630.9,658902270000000,2500,1200,0
80,27,53,11943,6301,5642,7547,4823,2724,1280048.4,658481300000000,7900,5300,100
86,32,54,11235,5843,5392,6551,4083,2468,1279151.6,657980060000000,8500,5200,0
26,12,14,3292,1320,1972,1560,520,1040,1278491,657802360000000,2500,1200,0
26,12,14,3292,1320,1972,1560,520,1040,1278145,657624790000000,2500,1200,0
26,12,14,3308,1336,1972,1576,536,1040,1277799.2,657447350000000,2500,1200,0
23,11,12,3541,1701,1840,2007,967,1040,1277469.4,657286090000000,2200,1000,0
6,1,5,350,60,290,0,0,0,1277312.2,657286090000000,500,0,0
18,8,10,3623,1679,1944,2599,1215,1384,1277202.5,657173210000000,1700,600,0
26,12,14,3292,1320,1972,1560,520,1040,1276920,656995980000000,2500,1200,0
26,12,14,3292,1320,1972,1560,520,1040,1276574.9,656818880000000,2500,1200,0
26,12,14,3308,1336,1972,1576,536,1040,1276230,656641780000000,2500,1200,0
28,12,16,4827,2711,2116,3287,2043,1244,1275885.4,656464880000000,2700,1700,100
37,16,21,6791,3913,2878,4747,3023,1724,1275478.4,656223690000000,3600,2200,0
26,12,14,3292,1320,1972,1560,520,1040,1275071.6,656046990000000,2500,1200,0
85,31,54,11175,5783,5392,6551,4083,2468,1274430.8,655565490000000,8400,5200,0
26,12,14,3292,1320,1972,1560,520,1040,1273790.6,655389130000000,2500,1200,0
47,17,30,6981,3497,3484,4415,2559,1856,1273369.4,655132770000000,4500,3000,100
26,12,14,3292,1320,1972,1560,520,1040,1272948.4,654956610000000,2500,1200,0
2,1,1,118,60,58,0,0,0,1272776.9,654956610000000,100,0,0
23,11,12,3541,1701,1840,2007,967,1040,1272621,654796620000000,2200,1000,0
26,12,14,3292,1320,1972,1560,520,1040,1272293.8,654620660000000,2500,1200,0
24,11,13,4141,2387,1754,2803,1763,1040,1271966.8,654460740000000,2300,1200,0
84,30,54,11099,5707,5392,6535,4067,2468,1271360.1,653997560000000,8300,5200,0
91,37,54,11583,6191,5392,6599,4131,2468,1270351.5,653423440000000,9000,5200,0
29,14,15,3926,1464,2462,1984,520,1464,1269592.4,653216410000000,2800,1300,0
82,29,53,11065,5523,5542,6603,3931,2672,1268957.1,652770810000000,8000,5300,200
26,12,14,3012,1204,1808,1560,520,1040,1268353.5,652595990000000,2500,1200,0
26,12,14,3292,1320,1972,1560,520,1040,1268013,652421170000000,2500,1200,0
24,11,13,4125,2371,1754,2787,1747,1040,1267688.1,652262390000000,2300,1100,0
92,36,56,11757,6193,5564,6719,4199,2520,1266993,651707200000000,9100,5400,0
89,33,56,11523,5887,5636,6671,4067,2604,1265959.6,651200390000000,8800,5400,0
8,5,3,504,302,202,32,0,32,1265405,651137110000000,600,100,200
85,31,54,11223,5831,5392,6599,4131,2468,1264881.6,650662780000000,8400,5200,0
26,12,14,3398,1414,1984,1660,620,1040,1264251,650489040000000,2400,1200,100
24,11,13,4125,2371,1754,2787,1747,1040,1263928.2,650331200000000,2300,1100,0
26,12,14,3292,1320,1972,1560,520,1040,1263605.5,650157590000000,2500,1200,0
26,12,14,3324,1352,1972,1592,552,1040,1263267.6,649984110000000,2500,1200,0
26,12,14,3292,1320,1972,1560,520,1040,1262929.9,649810770000000,2500,1200,0
26,12,14,3292,1320,1972,1560,520,1040,1262592.4,649637490000000,2500,1200,0
91,37,54,11775,6383,5392,6791,4323,2468,1261872.1,649070960000000,9000,5200,0
86,31,55,11677,5767,5910,6999,4067,2932,1260862.2,648599650000000,8500,5300,0
19,10,9,3569,2103,1466,2503,1531,972,1260266.2,648458460000000,1600,800,300
26,12,14,3292,1320,1972,1560,520,1040,1259960.6,648285850000000,2500,1200,0
26,12,14,3292,1320,1972,1560,520,1040,1259624.6,648113380000000,2500,1200,0
153,55,98,18885,9661,9224,10551,6655,3896,1258633.4,647268010000000,15000,9600,200
3,2,1,184,122,62,0,0,0,1257795.9,647252380000000,100,0,100
22,10,12,2896,1104,1792,1440,436,1004,1257643.6,647111720000000,2000,1000,200
88,33,55,11657,6143,5514,6859,4323,2536,1257020.2,646612020000000,8700,5300,0
26,12,14,3292,1320,1972,1560,520,1040,1256367.1,646440430000000,2500,1200,0
26,12,14,3292,1320,1972,1560,520,1040,1256033,646268960000000,2500,1200,0
26,12,14,3292,1320,1972,1560,520,1040,1255699.1,646097570000000,2500,1200,0
26,12,14,3292,1320,1972,1560,520,1040,1255365.4,645926240000000,2500,1200,0
26,12,14,3292,1320,1972,1560,520,1040,1255031.9,645755040000000,2500,1200,0
92,33,59,12141,6251,5890,7115,4443,2672,1254380.8,645257430000000,9100,5700,0
85,31,54,11159,5767,5392,6535,4067,2468,1253443.2,644791630000000,8400,5300,0
26,12,14,3292,1320,1972,1560,520,1040,1252824,644621040000000,2500,1200,0
85,31,54,11495,6103,5392,6871,4403,2468,1252205.4,644156180000000,8400,5200,0
26,12,14,3292,1320,1972,1560,520,1040,1251587.2,643985850000000,2500,1200,0
20,9,11,2782,960,1822,1452,364,1088,1251300.9,643862100000000,1800,1000,100
27,12,15,3358,1320,2038,1560,520,1040,1251014.6,643691980000000,2600,1200,0
26,12,14,3012,1204,1808,1560,520,1040,1250683.4,643521930000000,2500,1200,0
26,12,14,3308,1336,1972,1576,536,1040,1250352.4,643351940000000,2500,1200,0
36,16,20,5461,3105,2356,3483,2215,1268,1249961.4,643120350000000,3500,2200,0
24,11,13,4117,2367,1750,2787,1747,1040,1249585.6,642966070000000,2300,1100,0
26,12,14,3292,1320,1972,1560,520,1040,1249270.2,642796420000000,2500,1200,0
22,10,12,2896,1104,1792,1440,436,1004,1248970,642657630000000,2000,1000,200
21,10,11,2842,1104,1738,1440,436,1004,1248699.8,642518990000000,2000,1000,100
23,12,11,3288,1554,1734,2004,876,1128,1248399.8,642349540000000,2200,1400,0
95,37,58,12007,6127,5880,6807,4067,2740,1247696.4,641795690000000,9400,5600,0
26,12,14,3292,1320,1972,1560,520,1040,1246993.8,641626640000000,2500,1200,0
57,22,35,8155,4421,3734,5031,3207,1824,1246515.4,641304180000000,5600,3400,0
26,12,14,3308,1336,1972,1576,536,1040,1246037.2,641135400000000,2500,1200,0
32,18,14,3766,1906,1860,1968,872,1096,1245623.2,640874750000000,3100,1500,0
37,19,18,5469,3177,2292,3407,2095,1312,1245107.8,640598940000000,3600,1800,100
26,12,14,3308,1336,1972,1576,536,1040,1244677.9,640430560000000,2500,1200,0
18,9,9,3509,2043,1466,2503,1531,972,1244394.8,640308150000000,1600,800,200
24,11,13,4125,2371,1754,2787,1747,1040,1244126.6,640155140000000,2300,1100,0
24,11,13,3056,1186,1870,1456,452,1004,1243828.9,640002270000000,2200,1100,200
23,10,13,3386,1104,2282,1864,436,1428,1243546.1,639864760000000,2100,1100,200
23,11,12,3541,1701,1840,2007,967,1040,1243263.5,639711960000000,2200,1000,0
24,11,13,4117,2367,1750,2787,1747,1040,1242966,639559290000000,2300,1100,0
101,36,65,13033,6523,6510,7491,4547,2944,1242297.9,639025500000000,10000,6300,0
24,11,13,3607,1701,1906,2007,967,1040,1241630.4,638873160000000,2300,1100,0
24,11,13,4189,2435,1754,2851,1811,1040,1241333.8,638720890000000,2300,1100,0
94,40,54,11923,6531,5392,6759,4291,2468,1240608.1,638127650000000,9300,5200,0
26,12,14,3308,1336,1972,1576,536,1040,1239868.5,637960550000000,2500,1200,0
28,13,15,3440,1394,2046,1560,520,1040,1239528.2,637778350000000,2600,1200,0
89,32,57,11639,5937,5702,6787,4183,2604,1238893.2,637308120000000,8800,5500,0
82,34,48,10745,5801,4944,6235,3903,2332,1237950.2,636808360000000,8100,4800,100
23,11,12,3541,1701,1840,2007,967,1040,1237317.6,636657030000000,2200,1000,0
43,20,23,5180,2014,3166,2314,674,1640,1236890.8,636369800000000,4200,1700,0
85,31,54,11159,5767,5392,6535,4067,2468,1236170.4,635916750000000,8400,5200,0
26,12,14,3308,1336,1972,1576,536,1040,1235568.1,635750790000000,2500,1200,0
27,12,15,3358,1320,2038,1560,520,1040,1235245,635584900000000,2600,1200,0
26,12,14,3292,1320,1972,1560,520,1040,1234922.1,635419140000000,2500,1200,0
45,19,26,6499,3615,2884,4035,2563,1472,1234496.8,635148020000000,4400,2700,0
30,13,17,4987,2817,2170,3339,2095,1244,1234057.1,634967430000000,2900,1700,100
26,12,14,3308,1336,1972,1576,536,1040,1233720.1,634801940000000,2500,1200,0
24,11,13,4125,2371,1754,2787,1747,1040,1233412.6,634651610000000,2300,1200,0
26,12,14,3292,1320,1972,1560,520,1040,1233105.4,634486320000000,2500,1200,0
26,12,14,3292,1320,1972,1560,520,1040,1232783.5,634321100000000,2500,1200,0
26,12,14,3292,1320,1972,1560,520,1040,1232461.9,634156010000000,2500,1200,0
92,35,57,11765,6007,5758,6739,4067,2672,1231804.9,633646120000000,9100,5500,0
26,12,14,3292,1320,1972,1560,520,1040,1231148.8,633481370000000,2500,1200,0
90,34,56,11717,6081,5636,6799,4195,2604,1230507.6,632987580000000,8900,5400,0
26,12,14,3308,1336,1972,1576,536,1040,1229867.2,632823100000000,2500,1200,0
6,1,5,372,62,310,0,0,0,1229707.1,632823100000000,500,0,0
26,12,14,3308,1336,1972,1576,536,1040,1229547.1,632658750000000,2500,1200,0
26,12,14,3292,1320,1972,1560,520,1040,1229227.1,632494530000000,2500,1200,0
24,11,13,3607,1701,1906,2007,967,1040,1228921.9,632345280000000,2300,1100,0
32,16,16,4048,2012,2036,2260,1100,1160,1228560.2,632121540000000,3100,1800,0
23,11,12,3541,1701,1840,2007,967,1040,1228198.8,631972430000000,2200,1000,0
26,12,14,3292,1320,1972,1560,520,1040,1227894,631808550000000,2500,1200,0
26,12,14,3308,1336,1972,1576,536,1040,1227574.9,631644730000000,2500,1200,0
24,11,13,4117,2367,1750,2787,1747,1040,1227270.5,631495890000000,2300,1100,0
87,32,55,11341,5827,5514,6603,4067,2536,1226677,631034850000000,8600,5300,0
53,34,19,3142,2040,1102,0,0,0,1242332.5,651187170000000,1900,0,1700
24,11,13,4181,2431,1750,2851,1811,1040,1258275.5,651033960000000,2300,1100,0
97,33,64,14411,6751,7660,9103,4943,4160,1257653.6,650544270000000,9600,6300,0
91,35,56,11643,6007,5636,6671,4067,2604,1256677.4,650024780000000,9000,5500,0
21,10,11,2842,1104,1738,1440,436,1004,1256041.8,649887410000000,2000,1000,100
26,12,14,3028,1220,1808,1576,536,1040,1255746.2,649719570000000,2500,1200,0
12,4,8,888,296,592,0,0,0,1255539.5,649673800000000,800,0,0
107,51,56,12657,7077,5580,6719,4183,2536,1254758.6,648912110000000,10600,5400,0
26,12,14,3292,1320,1972,1560,520,1040,1253860.9,648744810000000,2500,1200,0
26,12,14,3308,1336,1972,1576,536,1040,1253536.9,648577580000000,2500,1200,0
26,12,14,3292,1320,1972,1560,520,1040,1253213,648410410000000,2500,1200,0
24,11,13,4125,2371,1754,2787,1747,1040,1252904.1,648258540000000,2300,1200,0
26,12,14,3308,1336,1972,1576,536,1040,1252595.4,648091570000000,2500,1200,0
85,31,54,11159,5767,5392,6535,4067,2468,1251993.2,647636580000000,8400,5200,0
24,11,13,4117,2367,1750,2787,1747,1040,1251406.4,647485040000000,2300,1100,0
108,36,72,14015,6651,7364,8095,4675,3420,1250747.8,646955290000000,10700,7000,0
93,37,56,11727,6127,5600,6635,4067,2568,1249709.9,646411300000000,9200,5500,0
93,39,54,11783,6391,5392,6679,4211,2468,1248628.8,645838120000000,9200,5200,0
26,12,14,3292,1320,1972,1560,520,1040,1247913.8,645672370000000,2500,1200,0
85,31,54,11287,5895,5392,6663,4195,2468,1247316,645220790000000,8400,5200,0
82,30,52,10949,5597,5352,6487,3951,2536,1246457.2,644784850000000,8000,5200,200
26,12,14,3292,1320,1972,1560,520,1040,1245875.5,644619630000000,2500,1200,0
122,53,69,13706,5940,7766,5614,2434,3180,1244960.5,643839820000000,12100,6600,0
26,12,14,3308,1336,1972,1576,536,1040,1244046.8,643675070000000,2500,1200,0
26,12,14,3012,1204,1808,1560,520,1040,1243727.9,643510450000000,2500,1200,0
26,12,14,3292,1320,1972,1560,520,1040,1243409.1,643345900000000,2500,1200,0
58,18,40,7366,2438,4928,3506,1242,2264,1243003.9,643091760000000,5700,3800,0
26,12,14,3292,1320,1972,1560,520,1040,1242599,642927480000000,2500,1200,0
68,25,43,8222,3372,4850,3706,1714,1992,1242093.2,642569180000000,6700,4000,0
26,12,14,3292,1320,1972,1560,520,1040,1241588,642405100000000,2500,1200,0
27,12,15,3358,1320,2038,1560,520,1040,1241270.2,642241160000000,2600,1200,0
87,32,55,11469,5955,5514,6731,4195,2536,1240664.6,641779450000000,8600,5300,0
24,11,13,3044,1178,1866,1440,436,1004,1240073.9,641630670000000,2100,1000,200
32,14,18,5169,2877,2292,3407,2095,1312,1239742.6,641437330000000,3000,1800,200
22,10,12,2896,1104,1792,1440,436,1004,1239426,641303580000000,2000,1000,200
27,13,14,3548,1276,2272,2024,520,1504,1239123.9,641125270000000,2600,1200,0
85,31,54,11287,5895,5392,6663,4195,2468,1238520.2,640680000000000,8400,5200,0
26,12,14,3292,1320,1972,1560,520,1040,1237931.5,640516930000000,2500,1200,0
32,16,16,4366,2138,2228,2596,1244,1352,1237558.2,640294660000000,3100,2100,0
27,13,14,1592,780,812,0,0,0,1260753.2,659826430000000,1400,0,600
26,12,14,3308,1336,1972,1576,536,1040,1283993.2,659658590000000,2500,1200,0
19,10,9,3569,2103,1466,2503,1531,972,1283695.8,659521350000000,1600,800,300
65,25,40,9103,4875,4228,5559,3499,2060,1283205.4,659155680000000,6300,4000,200
22,10,12,2896,1104,1792,1440,436,1004,1282715.4,659018640000000,2000,1000,200
26,12,14,3292,1320,1972,1560,520,1040,1282418.5,658851200000000,2500,1200,0
26,12,14,3308,1336,1972,1576,536,1040,1282092,658683900000000,2500,1200,0
27,14,13,3728,1886,1842,2228,1100,1128,1281736.9,658486270000000,2600,1600,0
111,43,68,13557,6597,6960,7451,4183,3268,1280923.5,657848600000000,11000,6600,0
26,12,14,3292,1320,1972,1560,520,1040,1280140,657681770000000,2500,1200,0
20,10,10,2676,1020,1656,1352,364,988,1279844.2,657545400000000,1700,900,200
103,36,67,13699,7045,6654,8031,5087,2944,1279194.8,657015370000000,10200,6600,0
30,20,10,1780,1200,580,0,0,0,1298741.8,670175150000000,1000,0,1000
27,14,13,3728,1886,1842,2228,1100,1128,1318598.8,669974630000000,2600,1600,0
27,13,14,3374,1402,1972,1576,536,1040,1318219.4,669789750000000,2600,1200,0
26,12,14,3292,1320,1972,1560,520,1040,1317869.9,669620300000000,2500,1200,0
39,16,23,6025,3327,2698,3891,2443,1448,1317475.1,669389380000000,3800,2300,100
26,12,14,3292,1320,1972,1560,520,1040,1317080.6,669220200000000,2500,1200,0
26,12,14,3012,1204,1808,1560,520,1040,1316746.9,669051010000000,2500,1200,0
23,11,12,3541,1701,1840,2007,967,1040,1316428.4,668897330000000,2200,1000,0
22,10,12,2896,1104,1792,1440,436,1004,1316140.5,668759090000000,2000,1000,200
109,43,66,14513,7897,6616,8491,5495,2996,1315368.8,668114580000000,10800,6400,0
26,12,14,3292,1320,1972,1560,520,1040,1314567.8,667946000000000,2500,1200,0
93,34,59,11935,6057,5878,6855,4183,2672,1313903.2,667440740000000,9200,5700,0
22,10,12,2896,1104,1792,1440,436,1004,1313269.8,667303100000000,2000,1000,200
26,12,14,3302,1282,2020,1576,488,1088,1312968.1,667134920000000,2300,1200,300
24,11,13,4125,2371,1754,2787,1747,1040,1312651.6,666982110000000,2300,1100,0
85,31,54,11415,6023,5392,6791,4323,2468,1312049.4,666524100000000,8400,5200,0
19,12,7,1126,720,406,0,0,0,1330308.5,680394490000000,700,0,600
26,12,14,3292,1320,1972,1560,520,1040,1348844.1,680223230000000,2500,1200,0
85,31,54,11175,5783,5392,6551,4083,2468,1348210.5,679756760000000,8400,5300,0
29,13,16,3722,1482,2240,1798,622,1176,1347562.6,679570330000000,2700,1500,100
26,12,14,3292,1320,1972,1560,520,1040,1347208.1,679399470000000,2500,1200,0
26,12,14,3308,1336,1972,1576,536,1040,1346868.8,679228810000000,2500,1200,0
26,12,14,3292,1320,1972,1560,520,1040,1346529.5,679058150000000,2500,1200,0
24,11,13,4125,2371,1754,2787,1747,1040,1346205.9,678903130000000,2300,1100,0
26,12,14,3292,1320,1972,1560,520,1040,1345882.4,678732610000000,2500,1200,0
89,31,58,11647,5767,5880,6807,4067,2740,1345251.6,678268150000000,8800,5700,0
26,12,14,3292,1320,1972,1560,520,1040,1344621.5,678098030000000,2500,1200,0
24,11,13,4125,2371,1754,2787,1747,1040,1344298.8,677943410000000,2300,1100,0
26,12,14,3292,1320,1972,1560,520,1040,1343976.1,677773420000000,2500,1200,0
22,10,12,2896,1104,1792,1440,436,1004,1343669.1,677634440000000,2000,1000,200
24,11,13,4117,2367,1750,2787,1747,1040,1343377.5,677480020000000,2300,1100,0
24,11,13,3607,1701,1906,2007,967,1040,1343070.8,677325670000000,2300,1100,0
24,11,13,4125,2371,1754,2787,1747,1040,1342764.1,677171450000000,2300,1100,0
22,10,12,2896,1104,1792,1440,436,1004,1342473,677032670000000,2000,1000,200
23,11,12,3541,1701,1840,2007,967,1040,1342181.9,676878520000000,2200,1000,0
89,33,56,11593,6013,5580,6735,4199,2536,1341539.2,676385810000000,8800,5400,0
26,12,14,3292,1320,1972,1560,520,1040,1340881.9,676216630000000,2500,1200,0
26,12,14,3292,1320,1972,1560,520,1040,1340545.8,676047520000000,2500,1200,0
89,31,58,11839,5959,5880,6999,4259,2740,1339920,675586680000000,8800,5700,0
22,10,12,2896,1104,1792,1440,436,1004,1339325.4,675448570000000,2000,1000,200
29,14,15,3926,1464,2462,1984,520,1464,1338989.9,675249190000000,2800,1300,0
85,31,54,11893,6045,5848,7263,4339,2924,1338335.1,674789430000000,8400,5200,0
26,12,14,3012,1204,1808,1560,520,1040,1337711.4,674621050000000,2500,1200,0
26,12,14,3340,1368,1972,1608,568,1040,1337376.8,674452740000000,2500,1200,0
87,32,55,11395,5937,5458,6651,4183,2468,1336738.8,673978820000000,8600,5300,0
26,12,14,3308,1336,1972,1576,536,1040,1336101.2,673810780000000,2500,1200,0
52,20,32,7595,4071,3524,4759,2971,1788,1335646.2,673520800000000,5100,3200,100
34,14,20,4356,1716,2640,2102,790,1312,1335162,673322560000000,3200,1900,100
26,12,14,3292,1320,1972,1560,520,1040,1334799,673154850000000,2500,1200,0
87,33,54,11295,5903,5392,6551,4083,2468,1334148.2,672667580000000,8600,5300,0
25,12,13,4185,2431,1754,2787,1747,1040,1333498.2,672500210000000,2400,1100,0
47,19,28,6899,3727,3172,4327,2675,1652,1333060,672226540000000,4600,2800,100
3,2,1,184,122,62,0,0,0,1332773.1,672211370000000,100,0,100
26,12,14,3292,1320,1972,1560,520,1040,1332592,672044200000000,2500,1200,0
23,11,12,3541,1701,1840,2007,967,1040,1332275,671892340000000,2200,1000,0
91,37,54,11711,6319,5392,6727,4259,2468,1331581.5,671346200000000,9000,5200,0
26,12,14,3292,1320,1972,1560,520,1040,1330873.6,671179570000000,2500,1200,0
74,28,46,10269,5513,4756,6239,3975,2264,1330301.9,670770750000000,7200,4600,200
23,11,12,3541,1701,1840,2007,967,1040,1329745.6,670619480000000,2200,1000,0
12,5,7,706,300,406,0,0,0,1347384.5,722332570000000,700,0,200
85,31,54,11287,5895,5392,6663,4195,2468,1364709.5,721844210000000,8400,5200,0
24,11,13,4117,2367,1750,2787,1747,1040,1364093.4,721681540000000,2300,1100,0
85,31,54,11159,5767,5392,6535,4067,2468,1363477.6,721194060000000,8400,5300,0
26,12,14,3292,1320,1972,1560,520,1040,1362847.1,721015420000000,2500,1200,0
26,12,14,3292,1320,1972,1560,520,1040,1362508.9,720836980000000,2500,1200,0
24,11,13,4117,2367,1750,2787,1747,1040,1362186.1,720674780000000,2300,1100,0
90,33,57,11753,6107,5646,6835,4299,2536,1361541.5,720156230000000,8900,5500,0
28,12,16,3504,1336,2168,1640,536,1104,1360882.1,719978120000000,2700,1400,0
23,11,12,3541,1701,1840,2007,967,1040,1360560.2,719816320000000,2200,1000,0
22,10,12,2896,1104,1792,1440,436,1004,1360269.1,719670760000000,2000,1000,200
19,10,9,3569,2103,1466,2503,1531,972,1359993.5,719525270000000,1600,800,300
89,32,57,11627,5829,5798,6739,4067,2672,1359381.6,719024500000000,8600,5500,200
23,11,12,3541,1701,1840,2007,967,1040,1358755,718863100000000,2200,1000,0
41,18,23,5771,3229,2542,3483,2215,1268,1358342.5,718588970000000,3800,2100,0
28,14,14,3526,1666,1860,1968,872,1096,1357884.5,718379450000000,2700,1500,0
26,12,14,3308,1336,1972,1576,536,1040,1357518.2,718202220000000,2500,1200,0
26,12,14,3292,1320,1972,1560,520,1040,1357182.6,718025120000000,2500,1200,0
23,11,12,3541,1701,1840,2007,967,1040,1356862.4,717864190000000,2200,1000,0
26,12,14,3292,1320,1972,1560,520,1040,1356542.4,717687220000000,2500,1200,0
95,35,60,12303,6291,6012,7103,4363,2740,1355857.5,717140890000000,9400,5800,0
26,12,14,3292,1320,1972,1560,520,1040,1355173.2,716964260000000,2500,1200,0
23,11,12,3541,1701,1840,2007,967,1040,1354854,716803800000000,2200,1000,0
27,13,14,3358,1386,1972,1560,520,1040,1354519.6,716611400000000,2600,1200,0
26,12,14,3028,1220,1808,1576,536,1040,1354170.4,716435040000000,2500,1200,0
85,31,54,11367,5975,5392,6743,4275,2468,1353548.4,715954610000000,8400,5200,0
3,2,1,178,120,58,0,0,0,1353078.6,715938570000000,100,0,100
26,12,14,3292,1320,1972,1560,520,1040,1352896.8,715762610000000,2500,1200,0
26,12,14,3292,1320,1972,1560,520,1040,1352563.5,715586720000000,2500,1200,0
26,12,14,3292,1320,1972,1560,520,1040,1352230.2,715410890000000,2500,1200,0
26,12,14,3292,1320,1972,1560,520,1040,1351897.2,715235130000000,2500,1200,0
24,11,13,4185,2367,1818,2855,1747,1108,1351579.6,715075410000000,2300,1200,0
26,12,14,3292,1320,1972,1560,520,1040,1351262.1,714899860000000,2500,1200,0
23,11,12,3541,1701,1840,2007,967,1040,1350944.6,714740340000000,2200,1000,0
49,23,26,8294,4794,3500,5574,3494,2080,1350484.9,714389560000000,4500,2200,300
26,12,14,3308,1336,1972,1576,536,1040,1350010.4,714214340000000,2500,1200,0
26,12,14,3292,1320,1972,1560,520,1040,1349678.5,714039190000000,2500,1200,0
24,11,13,4117,2367,1750,2787,1747,1040,1349361.9,713880070000000,2300,1100,0
26,11,15,4162,1196,2966,2436,468,1968,1349060.6,713720960000000,2400,1300,100
26,12,14,3292,1320,1972,1560,520,1040,1348744.4,713546070000000,2500,1200,0
25,12,13,4355,2537,1818,2971,1863,1108,1348413.1,713371250000000,2300,1300,200
24,11,13,4117,2367,1750,2787,1747,1040,1348097,713212400000000,2300,1100,0
26,12,14,3292,1320,1972,1560,520,1040,1347781.1,713037720000000,2500,1200,0
54,21,33,7819,4241,3578,4875,3087,1788,1347315.2,712720360000000,5300,3300,100
26,12,14,3292,1320,1972,1560,520,1040,1346849.6,712545950000000,2500,1200,0
101,42,59,12537,6647,5890,6971,4299,2672,1346069.8,711896600000000,10000,5700,0
104,50,54,12363,6971,5392,6599,4131,2468,1344722,711122100000000,10300,5200,0
26,12,14,3292,1320,1972,1560,520,1040,1343824.8,710948490000000,2500,1200,0
87,32,55,11395,5937,5458,6651,4183,2468,1343197.4,710459600000000,8600,5300,0
21,9,12,2868,980,1888,1472,384,1088,1342615.4,710333570000000,1900,1000,100
23,10,13,4057,2307,1750,2787,1747,1040,1342361.8,710191770000000,2200,1100,0
22,10,12,3475,1635,1840,2007,967,1040,1342093.4,710050100000000,2100,1000,0
36,16,20,5461,3105,2356,3483,2215,1268,1341735.6,709814080000000,3500,2100,0
26,12,14,3292,1320,1972,1560,520,1040,1341348.2,709641070000000,2500,1200,0
23,11,12,4071,2371,1700,2787,1747,1040,1341035.5,709483840000000,2100,1100,200
27,12,15,3390,1320,2070,1592,520,1072,1340723,709311030000000,2600,1300,0
41,17,24,6335,3515,2820,4087,2571,1516,1340321.4,709059770000000,3900,2400,200
26,12,14,3292,1320,1972,1560,520,1040,1339920,708887100000000,2500,1200,0
41,15,26,6108,3064,3044,3818,2234,1584,1339550.1,708667520000000,4000,2600,100
68,26,42,9385,4981,4404,5679,3551,2128,1338972.8,708275740000000,6700,4200,100
26,12,14,3292,1320,1972,1560,520,1040,1338438.9,708103470000000,2500,1200,0
48,22,26,8234,4734,3500,5574,3494,2080,1337985.9,707774840000000,4600,2200,0
84,30,54,11099,5707,5392,6535,4067,2468,1337266.9,707321590000000,8300,5200,0
85,31,54,11159,5767,5392,6535,4067,2468,1336394.5,706853240000000,8400,5200,0
40,15,25,5696,1694,4002,3028,696,2332,1335744.8,706634930000000,3900,2400,0
24,11,13,4117,2367,1750,2787,1747,1040,1335390.5,706479040000000,2300,1100,0
55,22,33,7773,4127,3646,4763,2907,1856,1334934.2,706151950000000,5400,3300,100
87,33,54,12497,6705,5792,7747,4891,2856,1334154.4,705654130000000,8600,5500,100
23,12,11,3288,1554,1734,2004,876,1128,1333521.4,705483140000000,2200,1400,0
3,2,1,178,120,58,0,0,0,1333344.8,705467570000000,100,0,100
3,2,1,184,122,62,0,0,0,1333315.2,705452070000000,100,0,100
14,7,7,2925,1619,1306,2135,1215,920,1333212.2,705358860000000,1300,500,0
32,14,18,5169,2877,2292,3407,2095,1312,1332932.8,705156920000000,3100,1800,100
20,9,11,2654,988,1666,1306,386,920,1332624.2,705032770000000,1900,800,0
9,6,3,534,360,174,0,0,0,1332940.4,704975860000000,300,0,300
85,31,54,11159,5767,5392,6535,4067,2468,1332933.1,704510670000000,8400,5200,0
22,10,12,2896,1104,1792,1440,436,1004,1332360.4,704371210000000,2000,1000,200
95,35,60,12159,6151,6008,6955,4215,2740,1331730.1,703844950000000,9300,5700,0
24,11,13,4185,2367,1818,2855,1747,1108,1331085.8,703690330000000,2300,1200,0
85,31,54,11159,5767,5392,6535,4067,2468,1330500,703226810000000,8400,5200,0
98,37,61,12766,4804,7962,6234,2318,3916,1329534.8,702671410000000,9700,5900,0
71,35,36,9067,5191,3876,5127,3203,1924,1328512.8,702147700000000,7000,3600,100
10,6,4,1861,1181,680,1287,831,456,1327944.1,702070720000000,800,300,200
24,11,13,3056,1186,1870,1456,452,1004,1327725.4,701916910000000,2200,1100,200
26,12,14,3292,1320,1972,1560,520,1040,1327419.2,701747730000000,2500,1200,0
22,14,8,1304,840,464,0,0,0,1337490.5,706487360000000,800,0,700
27,12,15,3358,1320,2038,1560,520,1040,1347556.6,706317170000000,2600,1200,0
30,14,16,3620,1464,2156,1612,520,1092,1347201.8,706116180000000,2900,1300,0
30,14,16,3604,1484,2120,1576,536,1040,1346817.5,705915320000000,2700,1200,0
22,10,12,2896,1104,1792,1440,436,1004,1346492.6,705776270000000,2000,1000,200
26,12,14,3292,1320,1972,1560,520,1040,1346197.2,705606490000000,2500,1200,0
85,31,54,11159,5767,5392,6535,4067,2468,1345592.6,705143700000000,8400,5200,0
26,12,14,3308,1336,1972,1576,536,1040,1344988.6,704974190000000,2500,1200,0
26,12,14,3292,1320,1972,1560,520,1040,1344664.5,704804740000000,2500,1200,0
16,8,8,3113,1749,1364,2207,1287,920,1344399.5,704696960000000,1500,600,0
26,12,14,3324,1352,1972,1592,552,1040,1344134.6,704527710000000,2500,1200,0
32,15,17,4088,1722,2366,1960,724,1236,1343767,704312290000000,3100,1800,0
22,10,12,2896,1104,1792,1440,436,1004,1343429,704173910000000,2000,1000,200
101,34,67,13591,6357,7234,8055,4483,3572,1342812.4,703667040000000,10000,6600,0
26,12,14,3308,1336,1972,1576,536,1040,1342167,703498190000000,2500,1200,0
23,11,12,3541,1701,1840,2007,967,1040,1341859,703344850000000,2200,1000,0
24,11,13,4117,2367,1750,2787,1747,1040,1341565.8,703191510000000,2300,1100,0
24,11,13,4125,2371,1754,2787,1747,1040,1341272.6,703038230000000,2300,1100,0
87,33,54,11343,5951,5392,6599,4131,2468,1340657.9,702548270000000,8600,5300,0
86,31,55,11281,5767,5514,6603,4067,2536,1339751.5,702089510000000,8500,5300,0
26,12,14,3292,1320,1972,1560,520,1040,1339152.8,701921470000000,2500,1200,0
48,24,24,6627,3807,2820,3959,2443,1516,1338657.9,701570290000000,4700,2400,100
89,33,56,11523,5887,5636,6671,4067,2604,1337857.4,701082410000000,8800,5400,0
66,26,40,8921,4805,4116,5323,3375,1948,1337027.5,700701630000000,6500,4100,0
26,12,14,3292,1320,1972,1560,520,1040,1336503.6,700534260000000,2500,1200,0
28,14,14,3526,1666,1860,1968,872,1096,1336154.6,700336560000000,2700,1500,0
86,31,55,11281,5767,5514,6603,4067,2536,1335530,699880690000000,8500,5300,0
22,10,12,2896,1104,1792,1440,436,1004,1334964,699744060000000,2000,1000,200
86,31,55,11345,5831,5514,6667,4131,2536,1334398.5,699288930000000,8500,5300,0
26,12,14,3012,1204,1808,1560,520,1040,1333804.4,699122230000000,2500,1200,0
86,32,54,11475,6083,5392,6791,4323,2468,1333196.4,698652800000000,8500,5200,0
101,36,65,14247,7785,6462,8675,5815,2860,1332242.4,698123580000000,10000,6300,0
91,34,57,11759,6057,5702,6787,4183,2604,1331261,697625360000000,9000,5500,0
26,12,14,3292,1320,1972,1560,520,1040,1330626.5,697459400000000,2500,1200,0
44,20,24,6387,3567,2820,3959,2443,1516,1330194.2,697172980000000,4300,2500,100
85,31,54,11821,5965,5856,7191,4259,2932,1329489,696721270000000,8400,5300,0
25,13,12,3673,1833,1840,2007,967,1040,1328884.9,696540750000000,2400,1000,0
6,4,2,444,272,172,32,0,32,1328669.1,696495590000000,500,100,100
26,12,14,3292,1320,1972,1560,520,1040,1328467.9,696330230000000,2500,1200,0
84,30,54,11291,5899,5392,6727,4259,2468,1327893.5,695894560000000,8300,5200,0
89,33,56,12491,6443,6048,7615,4623,2992,1327018.6,695414530000000,8800,5400,0
30,14,16,3628,1516,2112,1960,724,1236,1326374.6,695219650000000,2900,1700,0
30,14,16,3836,1572,2264,1840,640,1200,1326003,695024900000000,2900,1600,0
26,12,14,3292,1320,1972,1560,520,1040,1325659.5,694860210000000,2500,1200,0
26,12,14,3292,1320,1972,1560,520,1040,1325344.6,694695590000000,2500,1200,0
60,24,36,8229,4465,3764,4955,3143,1812,1324858.5,694351660000000,5900,3700,0
26,12,14,3292,1320,1972,1560,520,1040,1324372.8,694187310000000,2500,1200,0
104,50,54,12305,6913,5392,6535,4067,2468,1323516.8,693456020000000,10300,5200,0
26,12,14,3292,1320,1972,1560,520,1040,1322661.8,693292080000000,2500,1200,0
26,12,14,3292,1320,1972,1560,520,1040,1322348.4,693128260000000,2500,1200,0
86,32,54,11219,5827,5392,6535,4067,2468,1321750.8,692666820000000,8500,5300,0
26,12,14,3292,1320,1972,1560,520,1040,1321153.6,692503280000000,2500,1200,0
26,12,14,3292,1320,1972,1560,520,1040,1320841,692339740000000,2500,1200,0
9,6,3,534,360,174,0,0,0,1334024.5,719782500000000,300,0,300
92,32,60,12529,6121,6408,7503,4367,3136,1346914.1,719303940000000,9100,5700,0
25,12,13,4185,2431,1754,2787,1747,1040,1346306.5,719134290000000,2200,1100,300
26,12,14,3292,1320,1972,1560,520,1040,1345988.4,718964710000000,2500,1200,0
26,12,14,3292,1320,1972,1560,520,1040,1345670.2,718795190000000,2500,1200,0
85,31,54,11159,5767,5392,6535,4067,2468,1345078.1,718333350000000,8400,5200,0
29,13,16,4257,2017,2240,2327,1151,1176,1344472.1,718148800000000,2800,1400,0
26,12,14,3292,1320,1972,1560,520,1040,1344140.4,717979680000000,2500,1200,0
23,11,12,3541,1701,1840,2007,967,1040,1343837.6,717826000000000,2200,1000,0
26,12,14,3308,1336,1972,1576,536,1040,1343534.9,717657020000000,2500,1200,0
23,11,12,3541,1701,1840,2007,967,1040,1343232.4,717503550000000,2200,1000,0
24,11,13,4181,2431,1750,2851,1811,1040,1342944.4,717350070000000,2300,1100,0
32,16,16,4366,2138,2228,2596,1244,1352,1342584.6,717120020000000,3100,2100,0
36,20,16,4426,2438,1988,2384,1288,1096,1342096.8,716828770000000,3400,1600,0
45,19,26,6499,3615,2884,4035,2563,1472,1341566.1,716553080000000,4400,2700,0
92,32,60,11660,4228,7432,5482,2114,3368,1340863.5,716078830000000,9000,5900,100
26,12,14,3308,1336,1972,1576,536,1040,1340261.8,715910720000000,2500,1200,0
85,31,54,11159,5767,5392,6535,4067,2468,1339674.5,715452570000000,8400,5300,0
31,15,16,4020,1952,2068,2292,1100,1192,1339046.1,715238960000000,3000,1800,0
93,35,58,12011,6243,5768,6919,4315,2604,1338361.4,714720740000000,9200,5700,0
26,12,14,3891,1851,2040,2159,1051,1108,1337718.8,714553240000000,2500,1200,0
26,12,14,3292,1320,1972,1560,520,1040,1337404.5,714385800000000,2500,1200,0
26,12,14,3012,1204,1808,1560,520,1040,1337090.5,714218500000000,2500,1200,0
5,3,2,330,182,148,32,0,32,1336905,714188030000000,400,100,0
3,2,1,178,120,58,0,0,0,1336862.1,714172870000000,100,0,100
106,52,54,12435,7043,5392,6551,4083,2468,1336122,713398090000000,10500,5300,0
22,10,12,3475,1635,1840,2007,967,1040,1335268.9,713261590000000,2100,1000,0
2,1,1,118,60,58,0,0,0,1335140.8,713261590000000,100,0,0
36,16,20,5461,3105,2356,3483,2215,1268,1334927.4,713034100000000,3500,2100,0
23,11,12,3541,1701,1840,2007,967,1040,1334571.9,712882560000000,2200,1000,0
3,2,1,178,120,58,0,0,0,1334415.5,712867400000000,100,0,100
9,5,4,536,304,232,0,0,0,1334344.5,712806800000000,700,0,0
24,11,13,4117,2367,1750,2787,1747,1040,1334145.6,712655330000000,2300,1100,0
26,12,14,3292,1320,1972,1560,520,1040,1333847.4,712488840000000,2500,1200,0
18,10,8,1064,600,464,0,0,0,1347102.5,722837290000000,800,0,500
26,12,14,3292,1320,1972,1560,520,1040,1360352,722668510000000,2500,1200,0
23,11,12,3541,1701,1840,2007,967,1040,1360048,722515100000000,2200,1000,0
15,8,7,2741,1351,1390,1735,815,920,1359802,722407730000000,1400,500,0
22,9,13,3360,1038,2322,1904,436,1468,1359585.1,722285050000000,2000,1100,200
26,12,14,3292,1320,1972,1560,520,1040,1359310.5,722116480000000,2500,1200,0
26,12,14,3292,1320,1972,1560,520,1040,1358992.5,721948030000000,2500,1200,0
62,24,38,8693,4641,4052,5311,3319,1992,1358501.6,721595980000000,6000,3800,200
26,12,14,3292,1320,1972,1560,520,1040,1358011.1,721427740000000,2500,1200,0
24,11,13,4117,2367,1750,2787,1747,1040,1357708.1,721274860000000,2300,1100,0
27,13,14,3358,1386,1972,1560,520,1040,1357391,721091450000000,2600,1200,0
44,20,24,6345,3457,2888,3911,2327,1584,1356945.9,720801280000000,4300,2400,100
98,39,59,12367,6421,5946,6987,4247,2740,1356127.4,720221660000000,9700,5700,0
29,16,13,1714,960,754,0,0,0,1371813.1,731548630000000,1300,0,800
26,12,14,3292,1320,1972,1560,520,1040,1387877.8,731378440000000,2500,1200,0
24,11,13,3607,1701,1906,2007,967,1040,1387568.9,731223750000000,2300,1100,0
26,12,14,3308,1336,1972,1576,536,1040,1387260.1,731053770000000,2500,1200,0
34,14,20,5741,2877,2864,3871,2095,1776,1386907.5,730852910000000,3300,2000,100
86,32,54,11283,5891,5392,6599,4131,2468,1386261.8,730374420000000,8500,5200,0
26,10,16,6667,2483,4184,5207,1915,3292,1385676,730235640000000,2400,1400,100
23,11,12,3541,1701,1840,2007,967,1040,1385398.1,730081490000000,2200,1000,0
74,29,45,9795,5205,4590,5759,3607,2152,1384841.5,729650180000000,7300,4600,0
85,31,54,11415,6023,5392,6791,4323,2468,1383992.9,729188680000000,8400,5200,0
23,11,12,3541,1701,1840,2007,967,1040,1383408.2,729035000000000,2200,1000,0
75,28,47,10147,5257,4890,6051,3719,2332,1382867.9,728620260000000,7400,4700,100
29,13,16,3518,1402,2116,1576,536,1040,1382298.8,728436120000000,2800,1200,0
89,33,56,11895,6235,5660,7031,4427,2604,1381657.1,727945480000000,8800,5600,100
26,12,14,3308,1336,1972,1576,536,1040,1381030.8,727776970000000,2500,1200,0
91,32,59,11883,5937,5946,6923,4183,2740,1380419.5,727302510000000,9000,5700,0
24,11,13,4189,2435,1754,2851,1811,1040,1379823.4,727149570000000,2300,1100,0
29,13,16,4289,2049,2240,2359,1183,1176,1379503.5,726966160000000,2800,1400,0
29,13,16,5019,2891,2128,3407,2163,1244,1379154.9,726782820000000,2800,1600,100
27,12,15,3426,1336,2090,1628,536,1092,1378820.9,726614850000000,2600,1300,0
24,11,13,3044,1178,1866,1440,436,1004,1378516,726462240000000,2100,1000,200
22,10,12,2896,1104,1792,1440,436,1004,1378240.4,726324940000000,2000,1000,200
27,12,15,3426,1320,2106,1628,520,1108,1377950.2,726157170000000,2600,1300,0
26,12,14,3292,1320,1972,1560,520,1040,1377631.2,725989530000000,2500,1200,0
85,31,54,11175,5783,5392,6551,4083,2468,1377037.4,725532580000000,8400,5200,0
26,12,14,3292,1320,1972,1560,520,1040,1376444.1,725365220000000,2500,1200,0
23,11,12,3541,1701,1840,2007,967,1040,1376140.2,725213080000000,2200,1000,0
85,31,54,11159,5767,5392,6535,4067,2468,1375562.2,724757140000000,8400,5200,0
36,16,20,5575,3107,2468,3591,2211,1380,1374912.5,724529440000000,3400,2100,200
91,37,54,11583,6191,5392,6599,4131,2468,1374176.9,723983380000000,9000,5200,0
99,43,56,12411,6487,5924,6959,4067,2892,1373053.5,723347390000000,9800,5400,0
27,12,15,3358,1320,2038,1560,520,1040,1372291.1,723181020000000,2600,1200,0
26,12,14,3292,1320,1972,1560,520,1040,1371974.8,723014730000000,2500,1200,0
23,11,12,3541,1701,1840,2007,967,1040,1371672.9,722863600000000,2200,1000,0
3,2,1,178,120,58,0,0,0,1371514.9,722848500000000,100,0,100
26,12,14,3308,1336,1972,1576,536,1040,1371342.5,722682340000000,2500,1200,0
23,10,13,3386,1104,2282,1864,436,1428,1371055.2,722546440000000,2100,1100,200
24,11,13,4125,2371,1754,2787,1747,1040,1370782.6,722395510000000,2300,1100,0
26,12,14,3012,1204,1808,1560,520,1040,1370481.2,722229550000000,2500,1200,0
23,11,12,3541,1701,1840,2007,967,1040,1370180.1,722078760000000,2200,1000,0
23,11,12,3541,1701,1840,2007,967,1040,1369893.4,721928030000000,2200,1000,0
85,31,54,11223,5831,5392,6599,4131,2468,1369320.5,721476260000000,8400,5200,0
29,13,16,4241,2001,2240,2311,1135,1176,1368719.5,721295670000000,2800,1400,0
86,32,54,11347,5955,5392,6663,4195,2468,1368104.9,720829600000000,8500,5200,0
86,31,55,11281,5767,5514,6603,4067,2536,1367233.9,720379160000000,8500,5300,0
14,7,7,1714,788,926,774,318,456,1366720.2,720289170000000,1300,500,0
26,12,14,3292,1320,1972,1560,520,1040,1366477.8,720124210000000,2500,1200,0
94,34,60,12627,6151,6476,7487,4283,3204,1365851,719629690000000,9100,5900,300
28,12,16,4763,2647,2116,3223,1979,1244,1365225,719465000000000,2700,1600,100
15,8,7,3163,1857,1306,2319,1399,920,1364968.8,719360250000000,1300,600,200
69,34,35,8821,5067,3754,4995,3139,1856,1364400.4,718866800000000,6800,3500,100
87,32,55,11357,5843,5514,6619,4083,2536,1363491.8,718403880000000,8600,5400,0
26,12,14,3308,1336,1972,1576,536,1040,1362896,718239800000000,2500,1200,0
26,12,14,3292,1320,1972,1560,520,1040,1362583.9,718075780000000,2500,1200,0
29,13,16,4241,2001,2240,2311,1135,1176,1362257.9,717896870000000,2800,1400,0
23,11,12,3541,1701,1840,2007,967,1040,1361946.1,717747890000000,2200,1000,0
26,12,14,3292,1320,1972,1560,520,1040,1361648.6,717584080000000,2500,1200,0
26,12,14,3308,1336,1972,1576,536,1040,1361337.1,717420330000000,2500,1200,0
26,12,14,3292,1320,1972,1560,520,1040,1361025.9,717256650000000,2500,1200,0
94,33,61,12241,6107,6134,7107,4299,2808,1360418,716780990000000,9300,5900,0
26,12,14,3292,1320,1972,1560,520,1040,1359810.8,716617580000000,2500,1200,0
26,12,14,3292,1320,1972,1560,520,1040,1359500,716454300000000,2500,1200,0
22,10,12,2896,1104,1792,1440,436,1004,1359217.8,716320750000000,2000,1000,200
23,11,12,3541,1701,1840,2007,967,1040,1358949.8,716172370000000,2200,1000,0
24,11,13,4125,2371,1754,2787,1747,1040,1358667.8,716024130000000,2300,1100,0
105,40,65,13128,6654,6474,7346,4438,2908,1357977.6,715446460000000,10400,6400,0
10,6,4,1861,1181,680,1287,831,456,1357358.6,715372440000000,800,300,200
22,10,12,2896,1104,1792,1440,436,1004,1357161.6,715239290000000,2000,1000,200
93,39,54,11767,6375,5392,6663,4195,2468,1356501,714677660000000,9200,5200,0
22,11,11,3088,1510,1578,1852,880,972,1355827,714529950000000,2100,1000,0
3,2,1,184,122,62,0,0,0,1355672.6,714515190000000,100,0,100
95,33,62,13359,7107,6252,8159,5299,2860,1355209.9,714043140000000,9400,6000,0
23,11,12,3541,1701,1840,2007,967,1040,1354621.4,713895770000000,2200,1000,0
90,35,55,11527,6013,5514,6603,4067,2536,1354005.2,713395070000000,8900,5300,0
26,12,14,3012,1204,1808,1560,520,1040,1353375.6,713233210000000,2500,1200,0
27,14,13,3728,1886,1842,2228,1100,1128,1353040.6,713042080000000,2600,1600,0
26,12,14,3292,1320,1972,1560,520,1040,1352705.6,712880420000000,2500,1200,0
26,12,14,3292,1320,1972,1560,520,1040,1352398.2,712718750000000,2500,1200,0
23,11,12,3541,1701,1840,2007,967,1040,1352105,712571920000000,2200,1000,0
95,38,57,11096,4678,6418,4786,2150,2636,1351449.8,712029140000000,9400,5500,0
26,12,14,3292,1320,1972,1560,520,1040,1350781.1,711867880000000,2500,1200,0
26,12,14,3292,1320,1972,1560,520,1040,1350474.6,711706750000000,2500,1200,0
26,12,14,3012,1204,1808,1560,520,1040,1350168.1,711545690000000,2500,1200,0
21,9,12,2830,1038,1792,1440,436,1004,1349903.8,711428580000000,1900,1000,200
26,12,14,3292,1320,1972,1560,520,1040,1349639.4,711267660000000,2500,1200,0
90,33,57,12279,6177,6102,7355,4363,2992,1349041.8,710799840000000,8900,5500,0
86,32,54,11283,5891,5392,6599,4131,2468,1348167.1,710347260000000,8500,5200,0
25,12,13,3242,1336,1906,1576,536,1040,1347584.6,710186800000000,2400,1200,0
87,31,56,11403,5767,5636,6671,4067,2604,1347016.5,709749590000000,8600,5400,0
26,12,14,3292,1320,1972,1560,520,1040,1346448.9,709589400000000,2500,1200,0
25,12,13,3190,1248,1942,1524,436,1088,1346144.2,709429280000000,2300,1100,200
26,12,14,3292,1320,1972,1560,520,1040,1345839.9,709269220000000,2500,1200,0
28,12,16,3710,1194,2516,1812,384,1428,1345535.6,709109230000000,2400,1100,100
94,33,61,12211,6073,6138,7059,4251,2808,1344941.8,708644300000000,9200,5800,0
54,26,28,7205,4145,3060,4219,2679,1540,1344155.6,708281450000000,5300,2900,0
26,12,14,3308,1336,1972,1576,536,1040,1343659.6,708121930000000,2500,1200,0
93,33,60,12507,6107,6400,7427,4299,3128,1343067.2,707658270000000,9200,5800,0
26,12,14,4291,2431,1860,2839,1747,1092,1342475.4,707499020000000,2500,1200,0
24,11,13,4117,2367,1750,2787,1747,1040,1342186.5,707354340000000,2300,1100,0
28,12,16,3888,1320,2568,2024,520,1504,1341897.6,707195220000000,2700,1300,0
24,11,13,4117,2367,1750,2787,1747,1040,1341608.9,707050670000000,2300,1100,0
24,11,13,4125,2371,1754,2787,1747,1040,1341334,706906120000000,2300,1100,0
63,28,35,7336,3062,4274,3134,1210,1924,1340826,706516210000000,5900,3300,200
75,34,41,10207,5457,4750,6051,3535,2516,1340003.2,706040210000000,7300,4000,200
26,12,14,3292,1320,1972,1560,520,1040,1339400.4,705881700000000,2500,1200,0
24,11,13,4117,2367,1750,2787,1747,1040,1339112.8,705737680000000,2300,1100,0
23,11,12,3541,1701,1840,2007,967,1040,1338838.9,705593670000000,2200,1000,0
3,2,1,178,120,58,0,0,0,1338688.2,705579310000000,100,0,100
105,48,57,12801,7043,5758,6995,4323,2672,1338032,704903390000000,10400,5500,0
39,19,20,5641,3285,2356,3483,2215,1268,1337144.1,704644820000000,3800,2100,0
96,42,54,11947,6555,5392,6663,4195,2468,1336339.4,704056670000000,9500,5300,0
22,10,12,2896,1104,1792,1440,436,1004,1335658.2,703927690000000,2000,1000,200
83,30,53,11113,5707,5406,6603,4067,2536,1335140.9,703512490000000,8200,5300,100
24,11,13,3446,1164,2282,1864,436,1428,1334610.6,703369350000000,2100,1100,300
26,12,14,3300,1320,1980,1560,520,1040,1334325.2,703212040000000,2500,1200,0
26,12,14,3308,1336,1972,1576,536,1040,1334026.1,703054810000000,2500,1200,0
3,2,1,178,120,58,0,0,0,1333863,703040510000000,100,0,100
103,49,54,12239,6847,5392,6535,4067,2468,1333198.4,702355200000000,10200,5300,0
90,33,57,11775,6073,5702,6851,4247,2604,1332114.5,701899060000000,8900,5500,0
90,32,58,11761,5937,5824,6855,4183,2672,1331261.8,701457680000000,8900,5700,0
75,29,46,10267,5555,4712,6159,3963,2196,1330464.1,701059590000000,7300,4700,100
26,12,14,3308,1336,1972,1576,536,1040,1329937.4,700903300000000,2500,1200,0
6,4,2,358,242,116,0,0,0,1329748.2,700860680000000,500,0,0
20,10,10,2692,1020,1672,1368,364,1004,1329586.2,700732840000000,1700,900,200
26,12,14,3292,1320,1972,1560,520,1040,1329316.2,700576740000000,2500,1200,0
26,12,14,3292,1320,1972,1560,520,1040,1329019.4,700420650000000,2500,1200,0
23,11,12,3541,1701,1840,2007,967,1040,1328736.1,700278850000000,2200,1000,0
6,4,2,358,242,116,0,0,0,1328560.9,700236300000000,500,0,0
3,2,1,184,122,62,0,0,0,1328506.9,700222070000000,100,0,100
32,15,17,4088,1722,2366,1960,724,1236,1328304.8,700023700000000,3100,1800,0
4,2,2,236,120,116,0,0,0,1328102.8,700009540000000,200,0,100
85,31,54,11159,5767,5392,6535,4067,2468,1327685.5,699584670000000,8400,5200,0
57,22,35,8123,4301,3822,5011,3087,1924,1326999.8,699287650000000,5600,3500,100
99,35,64,12787,6343,6444,7359,4415,2944,1326261,698807220000000,9800,6200,0
26,12,14,3292,1320,1972,1560,520,1040,1325657.1,698651930000000,2500,1200,0
93,35,58,12251,6483,5768,7159,4555,2604,1325053.8,698172440000000,9200,5600,0
87,33,54,11487,6095,5392,6743,4275,2468,1324169.8,697721670000000,8600,5200,0
88,33,55,11401,5887,5514,6603,4067,2536,1323313.8,697271500000000,8700,5300,0
84,30,54,11355,5963,5392,6791,4323,2468,1322498.9,696864080000000,8300,5200,0
8,5,3,576,338,238,32,0,32,1322058.5,696807910000000,700,100,0
85,31,54,11287,5895,5392,6663,4195,2468,1321605,696387000000000,8400,5200,0
26,12,14,3292,1320,1972,1560,520,1040,1321058.5,696232790000000,2500,1200,0
26,12,14,3308,1336,1972,1576,536,1040,1320765.4,696078640000000,2500,1200,0
24,11,13,4125,2371,1754,2787,1747,1040,1320485.6,695938580000000,2300,1200,0
87,32,55,11411,5953,5458,6667,4199,2468,1319940.1,695504720000000,8600,5300,0
23,11,12,3541,1701,1840,2007,967,1040,1319395,695364870000000,2200,1000,0
85,31,54,11159,5767,5392,6535,4067,2468,1318863.6,694945640000000,8400,5200,0
23,11,12,3541,1701,1840,2007,967,1040,1318332.8,694806050000000,2200,1000,0
26,12,14,3012,1204,1808,1560,520,1040,1318054,694652580000000,2500,1200,0
26,12,14,3292,1320,1972,1560,520,1040,1317762.1,694499100000000,2500,1200,0
26,12,14,3292,1320,1972,1560,520,1040,1317470.5,694345690000000,2500,1200,0
3,2,1,184,122,62,0,0,0,1317311.4,694331800000000,100,0,100
100,35,65,12957,6447,6510,7475,4531,2944,1316848,693858140000000,9900,6300,0
24,11,13,3607,1701,1906,2007,967,1040,1316265.9,693718960000000,2300,1100,0
100,35,65,12789,6387,6402,7295,4471,2824,1315684.5,693246170000000,9900,6500,0
23,11,12,2956,1164,1792,1440,436,1004,1315103.6,693107260000000,2000,1000,300
105,49,56,12665,7085,5580,6847,4311,2536,1314338.8,692441140000000,10400,5500,0
26,12,14,3308,1336,1972,1576,536,1040,1313561.6,692288670000000,2500,1200,0
26,12,14,3292,1320,1972,1560,520,1040,1313271.8,692136260000000,2500,1200,0
23,11,12,4131,2367,1764,2855,1747,1108,1312995.2,691997750000000,2200,1200,100
26,12,14,3308,1336,1972,1576,536,1040,1312718.8,691845480000000,2500,1200,0
26,12,14,3308,1336,1972,1576,536,1040,1312429.2,691693280000000,2500,1200,0
26,12,14,3308,1336,1972,1576,536,1040,1312139.9,691541140000000,2500,1200,0
84,36,48,10186,4398,5788,4572,2020,2552,1311535.5,691057490000000,8200,4700,100
24,11,13,3044,1178,1866,1440,436,1004,1310944.9,690919440000000,2100,1000,200
85,31,54,11159,5767,5392,6535,4067,2468,1310420.2,690505580000000,8400,5200,0
21,11,10,3683,2163,1520,2503,1531,972,1309897.8,690367740000000,2000,900,100
85,31,54,11159,5767,5392,6535,4067,2468,1309375.6,689954550000000,8400,5200,0
24,11,13,4185,2367,1818,2855,1747,1108,1308852.2,689816910000000,2300,1200,0
91,34,57,11997,6403,5594,6995,4527,2468,1308290.2,689363190000000,8900,5300,0
26,12,14,3292,1320,1972,1560,520,1040,1307715.5,689212060000000,2500,1200,0
27,12,15,4749,2431,2318,3243,1747,1496,1307428.2,689061000000000,2500,1200,100
23,11,12,3541,1701,1840,2007,967,1040,1307154.2,688923760000000,2200,1000,0
24,11,13,3056,1186,1870,1456,452,1004,1306893.2,688786520000000,2200,1100,200
85,31,54,11287,5895,5392,6663,4195,2468,1306371.9,688375280000000,8400,5200,0
26,12,14,3292,1320,1972,1560,520,1040,1305838,688224550000000,2500,1200,0
85,32,53,11287,5937,5350,6651,4183,2468,1305291.5,687800290000000,8300,5300,200
26,12,14,3891,1851,2040,2159,1051,1108,1304745.4,687649830000000,2500,1200,0
26,12,14,3292,1320,1972,1560,520,1040,1304459.5,687499440000000,2500,1200,0
85,31,54,11287,5895,5392,6663,4195,2468,1303927.1,687089670000000,8400,5200,0
26,12,14,3308,1336,1972,1576,536,1040,1303395.1,686939550000000,2500,1200,0
24,11,13,4125,2371,1754,2787,1747,1040,1303122.8,686803190000000,2300,1100,0
26,12,14,3292,1320,1972,1560,520,1040,1302850.5,686653200000000,2500,1200,0
26,12,14,3292,1320,1972,1560,520,1040,1302565.2,686503210000000,2500,1200,0
26,12,14,3292,1320,1972,1560,520,1040,1302280.2,686353360000000,2500,1200,0
3,2,1,178,120,58,0,0,0,1302124.9,686339730000000,100,0,100
26,12,14,3292,1320,1972,1560,520,1040,1301969.5,686189950000000,2500,1200,0
24,11,13,4117,2367,1750,2787,1747,1040,1301697.8,686053850000000,2300,1100,0
24,11,13,4117,2367,1750,2787,1747,1040,1301439,685917750000000,2300,1100,0
26,12,14,3308,1336,1972,1576,536,1040,1301167.4,685768170000000,2500,1200,0
106,43,63,13146,5216,7930,6062,2298,3764,1300482.9,685197540000000,10500,6100,0
26,12,14,3292,1320,1972,1560,520,1040,1299799,685048220000000,2500,1200,0
23,11,12,3541,1701,1840,2007,967,1040,1299528.1,684912530000000,2200,1000,0
27,12,15,3358,1320,2038,1560,520,1040,1299257.2,684763350000000,2600,1200,0
24,11,13,4185,2367,1818,2855,1747,1108,1298986.6,684627790000000,2300,1200,0
4,2,2,236,120,116,0,0,0,1298844.9,684614300000000,200,0,100
26,12,14,3292,1320,1972,1560,520,1040,1298690.4,684465250000000,2500,1200,0
21,14,7,1246,840,406,0,0,0,1312905,693195240000000,700,0,700
26,12,14,3292,1320,1972,1560,520,1040,1327113,693044450000000,2500,1200,0
6,4,2,390,242,148,32,0,32,1326928.8,693003310000000,400,100,200
26,12,14,3292,1320,1972,1560,520,1040,1326744.6,692852580000000,2500,1200,0
36,16,20,5461,3105,2356,3483,2215,1268,1326402.9,692647090000000,3500,2100,0
86,31,55,11409,5895,5514,6731,4195,2536,1325812,692236590000000,8500,5300,0
37,17,20,5521,3165,2356,3483,2215,1268,1325208.6,692017810000000,3600,2100,0
26,12,14,3308,1336,1972,1576,536,1040,1324854.5,691867490000000,2500,1200,0
95,35,60,12299,6343,5956,7087,4415,2672,1324265,691403300000000,9400,5800,0
26,12,14,3012,1204,1808,1560,520,1040,1323676,691253240000000,2500,1200,0
32,13,19,5255,2817,2438,3475,2095,1380,1323375.2,691089630000000,3100,1900,100
88,32,56,11719,6083,5636,6927,4323,2604,1322813.2,690667320000000,8700,5400,0
3,2,1,184,122,62,0,0,0,1322395.4,690653690000000,100,0,100
24,11,13,4181,2431,1750,2851,1811,1040,1322251.6,690517600000000,2300,1100,0
24,11,13,4125,2371,1754,2787,1747,1040,1321990.5,690381500000000,2300,1100,0
26,12,14,3292,1320,1972,1560,520,1040,1321716.4,690231910000000,2500,1200,0
91,32,59,12487,6145,6342,7527,4391,3136,1321168.9,689810670000000,9000,5700,0
26,12,14,3292,1320,1972,1560,520,1040,1320621.8,689661290000000,2500,1200,0
85,30,55,11269,5771,5498,6651,4131,2520,1320101,689267830000000,8400,5300,0
10,3,7,740,222,518,0,0,0,1319697.9,689240720000000,700,0,0
26,12,14,3012,1204,1808,1560,520,1040,1319528.8,689091600000000,2500,1200,0
26,12,14,3308,1336,1972,1576,536,1040,1319242.6,688942550000000,2500,1200,0
80,30,50,10807,5631,5176,6447,3979,2468,1318723,688549900000000,7800,5000,200
23,11,12,3557,1717,1840,2023,983,1040,1318216.9,688414610000000,2200,1000,0
35,12,23,5529,2663,2866,3599,1995,1604,1317944.6,688265890000000,3400,2200,100
17,9,8,1536,580,956,528,40,488,1317698.6,688157710000000,1400,500,100
53,25,28,7145,4085,3060,4219,2679,1540,1317284.2,687833510000000,5200,2900,0
26,12,14,3292,1320,1972,1560,520,1040,1316831.1,687685000000000,2500,1200,0
27,12,15,3358,1320,2038,1560,520,1040,1316546.1,687536550000000,2600,1200,0
23,11,12,3541,1701,1840,2007,967,1040,1316274.2,687401660000000,2200,1000,0
94,39,55,11889,6375,5514,6731,4195,2536,1315653.5,686889560000000,9300,5300,0
26,12,14,3292,1320,1972,1560,520,1040,1315020.5,686741450000000,2500,1200,0
94,34,60,12381,6313,6068,7247,4439,2808,1314452.6,686297590000000,9300,5800,0
26,12,14,3292,1320,1972,1560,520,1040,1313885.4,686149750000000,2500,1200,0
26,12,14,3292,1320,1972,1560,520,1040,1313601.8,686001970000000,2500,1200,0
26,12,14,3923,1883,2040,2191,1083,1108,1313318.2,685854200000000,2500,1200,0
26,12,14,3292,1320,1972,1560,520,1040,1313034.9,685706560000000,2500,1200,0
92,33,59,11943,5997,5946,6923,4183,2740,1312481.5,685277400000000,9100,5700,0
24,11,13,4125,2371,1754,2787,1747,1040,1311941.6,685143380000000,2300,1100,0
23,11,12,3557,1717,1840,2023,983,1040,1311684.5,685009430000000,2200,1000,0
92,38,54,11707,6315,5392,6663,4195,2468,1311081.1,684514310000000,9100,5200,0
24,11,13,4125,2371,1754,2787,1747,1040,1310478.2,684380560000000,2300,1100,0
6,1,5,372,62,310,0,0,0,1310350,684380560000000,500,0,0
58,23,35,8225,4471,3754,5059,3203,1856,1310068,684086620000000,5600,3500,200
91,33,58,12233,5957,6276,7267,4131,3136,1309376.4,683659470000000,9000,5600,0
26,12,14,3308,1336,1972,1576,536,1040,1308826.2,683512770000000,2500,1200,0
28,14,14,3900,1464,2436,2024,520,1504,1308519.1,683339430000000,2700,1300,0
27,13,14,3358,1386,1972,1560,520,1040,1308199.5,683179580000000,2600,1200,0
61,23,38,7488,3104,4384,3434,1578,1856,1307765.6,682886650000000,6000,3600,0
87,32,55,11273,5827,5446,6535,4067,2468,1307089.8,682474260000000,8600,5300,0
91,37,54,11647,6255,5392,6663,4195,2468,1306235.8,681996040000000,9000,5200,0
3,2,1,178,120,58,0,0,0,1305764.5,681982760000000,100,0,100
48,22,26,8298,4798,3500,5638,3558,2080,1305485.9,681704120000000,4600,2200,0
86,31,55,11393,5895,5498,6715,4195,2520,1304838.8,681306430000000,8500,5300,0
94,40,54,11955,6563,5392,6791,4323,2468,1303962.2,680790100000000,9300,5200,0
25,12,13,3226,1320,1906,1560,520,1040,1303327.9,680644670000000,2400,1200,0
89,32,57,12163,6065,6098,7311,4311,3000,1302795.4,680234970000000,8800,5500,0
7,2,5,502,140,362,0,0,0,1302390.2,680221820000000,600,0,0
23,11,12,3541,1701,1840,2007,967,1040,1302251.2,680089750000000,2200,1000,0
27,12,15,3358,1320,2038,1560,520,1040,1301985.2,679944590000000,2600,1200,0
85,31,54,11191,5799,5392,6567,4099,2468,1301466.5,679548920000000,8400,5200,0
26,12,14,3308,1336,1972,1576,536,1040,1300948.1,679404030000000,2500,1200,0
6,4,2,444,272,172,32,0,32,1300771.1,679364510000000,500,100,100
24,11,13,4117,2367,1750,2787,1747,1040,1300606.9,679232770000000,2300,1100,0
39,19,20,5641,3285,2356,3483,2215,1268,1300253.2,678995880000000,3800,2200,0
97,38,59,11997,6187,5810,6671,4067,2604,1299559.4,678509340000000,9600,5500,0
26,12,14,3292,1320,1972,1560,520,1040,1298954.4,678364850000000,2500,1200,0
23,11,12,3541,1701,1840,2007,967,1040,1298689.6,678233520000000,2200,1000,0
22,10,12,2896,1104,1792,1440,436,1004,1298450.4,678115340000000,2000,1000,200
29,14,15,3926,1464,2462,1984,520,1464,1298173.2,677944820000000,2800,1300,0
26,12,14,3292,1320,1972,1560,520,1040,1297871.2,677800530000000,2500,1200,0
26,12,14,3292,1320,1972,1560,520,1040,1297594.5,677656320000000,2500,1200,0
26,12,14,3292,1320,1972,1560,520,1040,1297317.8,677512170000000,2500,1200,0
24,11,13,4117,2367,1750,2787,1747,1040,1297053.9,677381170000000,2300,1100,0
25,12,13,3360,1550,1810,1968,872,1096,1296790,677237150000000,2400,1500,0
85,31,54,11159,5767,5392,6535,4067,2468,1296275.4,676844700000000,8400,5200,0
85,31,54,11367,5975,5392,6743,4275,2468,1295523.2,676452650000000,8400,5200,0
27,12,15,3358,1320,2038,1560,520,1040,1295009.6,676309040000000,2600,1200,0
27,12,15,3374,1336,2038,1576,536,1040,1294734,676165430000000,2600,1200,0
22,10,12,2896,1104,1792,1440,436,1004,1294483.6,676048050000000,2000,1000,200
26,12,14,3308,1336,1972,1576,536,1040,1294233.4,675904570000000,2500,1200,0
28,13,15,4459,2585,1874,2887,1847,1040,1293945.6,675748140000000,2700,1300,0
39,18,21,5635,3225,2410,3483,2215,1268,1293583.1,675526680000000,3800,2200,0
22,10,12,2896,1104,1792,1440,436,1004,1293258.2,675409440000000,2000,1000,200
26,12,14,3292,1320,1972,1560,520,1040,1293008.4,675266300000000,2500,1200,0
85,31,54,11287,5895,5392,6663,4195,2468,1292496.8,674876060000000,8400,5200,0
27,12,15,3374,1336,2038,1576,536,1040,1291985.5,674733120000000,2600,1200,0
26,12,14,3923,1883,2040,2191,1083,1108,1291711.2,674590180000000,2500,1200,0
24,11,13,4125,2371,1754,2787,1747,1040,1291449.6,674460320000000,2300,1100,0
22,10,12,2896,1104,1792,1440,436,1004,1291213,674343490000000,2000,1000,200
136,52,84,16670,6278,10392,7594,2838,4756,1290466.9,673682260000000,13500,8200,0
23,11,12,3541,1701,1840,2007,967,1040,1289709.2,673552740000000,2200,1000,0
24,11,13,4117,2367,1750,2787,1747,1040,1289460.8,673423290000000,2300,1100,0
24,11,13,4117,2367,1750,2787,1747,1040,1289212.5,673293840000000,2300,1100,0
21,10,11,2870,1204,1666,1456,536,920,1288976.8,673177470000000,2000,900,0
5,2,3,308,122,186,0,0,0,1288852.8,673164520000000,300,0,100
26,12,14,3292,1320,1972,1560,520,1040,1288704,673022250000000,2500,1200,0
26,12,14,3292,1320,1972,1560,520,1040,1288431,672880110000000,2500,1200,0
41,18,23,5743,3225,2518,3483,2215,1268,1288083.9,672660460000000,4000,2200,0
24,11,13,4125,2371,1754,2787,1747,1040,1287749.4,672531350000000,2300,1100,0
65,32,33,8415,4837,3578,4811,3023,1788,1287242.2,672131440000000,6400,3300,100
28,12,16,3848,1320,2528,1984,520,1464,1286723,671989640000000,2700,1300,0
27,13,14,3374,1402,1972,1576,536,1040,1286438.6,671834960000000,2600,1200,0
22,10,12,2896,1104,1792,1440,436,1004,1286179,671719060000000,2000,1000,200
84,30,54,11115,5723,5392,6551,4083,2468,1285709.9,671345800000000,8300,5200,0
26,12,14,3292,1320,1972,1560,520,1040,1285216.4,671204340000000,2500,1200,0
6,1,5,372,62,310,0,0,0,1285080.6,671204340000000,500,0,0
27,13,14,3719,1851,1868,2227,1119,1108,1284932.6,671050050000000,2600,1300,0
26,12,14,3012,1204,1808,1560,520,1040,1284649,670908720000000,2500,1200,0
85,31,54,11287,5895,5392,6663,4195,2468,1284143.9,670523520000000,8400,5200,0
26,12,14,3292,1320,1972,1560,520,1040,1283639.2,670382450000000,2500,1200,0
86,32,54,11283,5891,5392,6599,4131,2468,1283122.8,669985030000000,8500,5300,0
3,2,1,184,122,62,0,0,0,1282729.5,669972220000000,100,0,100
35,22,13,2074,1320,754,0,0,0,1299405.5,678152850000000,1300,0,1100
26,12,14,3292,1320,1972,1560,520,1040,1315948.2,678010320000000,2500,1200,0
25,12,13,2840,1438,1402,1110,622,488,1315671.5,677867780000000,2200,800,0
26,12,14,3012,1204,1808,1560,520,1040,1315394.9,677725370000000,2500,1200,0
56,26,30,6944,2816,4128,3204,1072,2132,1314949.8,677401910000000,5400,2500,0
22,11,11,2676,1098,1578,1440,468,972,1314517.6,677272590000000,2100,1000,0
26,12,14,3292,1320,1972,1560,520,1040,1314253.6,677130380000000,2500,1200,0
86,32,54,11219,5827,5392,6535,4067,2468,1313726.1,676730080000000,8500,5200,0
24,11,13,4181,2431,1750,2851,1811,1040,1313211.6,676601030000000,2300,1100,0
39,16,23,6587,3105,3482,4447,2215,2232,1312898,676407550000000,3800,2400,0
38,18,20,5581,3225,2356,3483,2215,1268,1312496.9,676188440000000,3700,2100,0
61,24,37,8351,4465,3886,5023,3143,1880,1311995.8,675892160000000,6000,3900,0
26,12,14,3292,1320,1972,1560,520,1040,1311570.1,675750560000000,2500,1200,0
20,10,10,2692,1020,1672,1368,364,1004,1311319.8,675634800000000,1700,900,200
106,52,54,12419,7027,5392,6535,4067,2468,1310569.6,674979280000000,10500,5200,0
22,10,12,2896,1104,1792,1440,436,1004,1309820.4,674863780000000,2000,1000,200
25,11,14,4179,2371,1808,2787,1747,1040,1309583.2,674735400000000,2400,1100,0
89,32,57,11655,5953,5702,6803,4199,2604,1309072.1,674337920000000,8800,5500,0
6,4,2,412,272,140,0,0,0,1308648.6,674299460000000,500,0,0
98,34,64,13263,6319,6944,7907,4439,3468,1308200.5,673876880000000,9700,6100,0
85,31,54,11159,5767,5392,6535,4067,2468,1307417,673493150000000,8400,5200,0
39,16,23,6105,3407,2698,3971,2523,1448,1306857.8,673301420000000,3800,2300,100
88,32,56,11395,5827,5568,6603,4067,2536,1306286.5,672905610000000,8700,5300,0
27,11,16,4563,2555,2008,3039,1931,1108,1305777.9,672778040000000,2600,1200,0
23,11,12,3541,1701,1840,2007,967,1040,1305529.9,672650460000000,2200,1000,0
85,33,52,11073,5777,5296,6419,3951,2468,1305010.1,672242640000000,8300,5200,200
24,11,13,4117,2367,1750,2787,1747,1040,1304490.9,672115340000000,2300,1100,0
85,31,54,11223,5831,5392,6599,4131,2468,1303995.9,671733620000000,8400,5200,0
103,49,54,12239,6847,5392,6535,4067,2468,1303032,671123740000000,10200,5200,0
26,12,14,3292,1320,1972,1560,520,1040,1302303.9,670984150000000,2500,1200,0
25,12,13,3116,1246,1870,1456,452,1004,1302032.4,670844630000000,2200,1100,300
26,12,14,4100,1248,2852,2368,436,1932,1301761,670705110000000,2400,1200,200
28,13,15,3452,1402,2050,1576,536,1040,1301477.5,670553040000000,2700,1300,0
27,13,14,3358,1386,1972,1560,520,1040,1301181.8,670400980000000,2600,1200,0
24,11,13,4181,2431,1750,2851,1811,1040,1300910.8,670274340000000,2300,1100,0
26,12,14,3308,1336,1972,1576,536,1040,1300652.1,670135090000000,2500,1200,0
89,34,55,11717,6203,5514,6859,4323,2536,1300110.9,669717740000000,8800,5300,0
27,12,15,3374,1336,2038,1576,536,1040,1299570.1,669578690000000,2600,1200,0
104,39,65,12698,4896,7802,5770,2266,3504,1298968.9,669098860000000,10300,6300,0
26,12,14,3012,1204,1808,1560,520,1040,1298368.1,668960150000000,2500,1200,0
26,12,14,3292,1320,1972,1560,520,1040,1298098.2,668821430000000,2500,1200,0
8,5,3,945,319,626,479,23,456,1297916.6,668770970000000,700,200,100
24,11,13,4117,2367,1750,2787,1747,1040,1297747.1,668644940000000,2300,1100,0
26,12,14,3292,1320,1972,1560,520,1040,1297489.9,668506430000000,2500,1200,0
8,5,3,945,319,626,479,23,456,1297306.1,668456030000000,700,200,100
26,12,14,3665,1625,2040,1933,825,1108,1297122.4,668317510000000,2500,1300,0
26,12,14,3292,1320,1972,1560,520,1040,1296853.1,668179070000000,2500,1200,0
3,2,1,178,120,58,0,0,0,1296706.2,668166520000000,100,0,100
23,11,12,3541,1701,1840,2007,967,1040,1296571.6,668040690000000,2200,1000,0
101,38,63,13041,6663,6378,7499,4555,2944,1295997.4,667575690000000,10000,6100,0
23,11,12,2956,1164,1792,1440,436,1004,1295423.8,667450060000000,2000,1000,300
26,12,14,3292,1320,1972,1560,520,1040,1295167.4,667312020000000,2500,1200,0
26,12,14,3292,1320,1972,1560,520,1040,1294898.9,667173980000000,2500,1200,0
26,12,14,3292,1320,1972,1560,520,1040,1294630.4,667036000000000,2500,1200,0
23,11,12,4071,2371,1700,2787,1747,1040,1294374.4,666910640000000,2200,1100,0
26,12,14,3292,1320,1972,1560,520,1040,1294118.4,666772800000000,2500,1200,0
95,36,59,12109,6287,5822,6903,4299,2604,1293558.2,666334580000000,9400,5700,0
26,12,14,3292,1320,1972,1560,520,1040,1292998.5,666196940000000,2500,1200,0
26,12,14,3028,1220,1808,1576,536,1040,1292730.9,666059370000000,2500,1200,0
37,16,21,5583,3105,2478,3551,2215,1336,1292414.8,665871870000000,3600,2300,0
23,11,12,3541,1701,1840,2007,967,1040,1292111,665746980000000,2200,1000,0
85,31,54,11175,5783,5392,6551,4083,2468,1291625.4,665372440000000,8400,5200,0
23,11,12,3541,1701,1840,2007,967,1040,1291140.1,665247690000000,2200,1000,0
26,12,14,3292,1320,1972,1560,520,1040,1290885.4,665110520000000,2500,1200,0
26,12,14,3012,1204,1808,1560,520,1040,1290618.6,664973410000000,2500,1200,0
24,11,13,4125,2371,1754,2787,1747,1040,1290364.1,664848790000000,2300,1100,0
90,33,57,11715,5957,5758,6803,4131,2672,1289855.8,664450430000000,8900,5500,0
26,12,14,3308,1336,1972,1576,536,1040,1289335.6,664313530000000,2500,1200,0
27,12,15,3410,1320,2090,1612,520,1092,1289069.5,664176760000000,2600,1300,0
26,12,14,3292,1320,1972,1560,520,1040,1288803.5,664040060000000,2500,1200,0
23,11,12,3541,1701,1840,2007,967,1040,1288549.8,663915780000000,2200,1000,0
26,12,14,3292,1320,1972,1560,520,1040,1288296,663779210000000,2500,1200,0
26,12,14,3292,1320,1972,1560,520,1040,1288030.4,663642640000000,2500,1200,0
26,12,14,3292,1320,1972,1560,520,1040,1287764.8,663506140000000,2500,1200,0
81,31,50,10715,5719,4996,6307,4019,2288,1287270.4,663134090000000,8000,5200,0
43,19,24,6131,3475,2656,3751,2411,1340,1286692,662911090000000,4200,2500,0
24,11,13,4149,2399,1750,2819,1779,1040,1286354.8,662787270000000,2300,1100,0
91,36,55,11581,6067,5514,6603,4067,2536,1285813.4,662354220000000,9000,5400,0
25,12,13,3242,1336,1906,1576,536,1040,1285260.4,662218260000000,2400,1200,0
24,11,13,4117,2367,1750,2787,1747,1040,1285008,662094710000000,2300,1100,0
85,31,54,11159,5767,5392,6535,4067,2468,1284527.8,661724270000000,8400,5200,0
27,12,15,3358,1320,2038,1560,520,1040,1284035.8,661588570000000,2600,1200,0
36,16,20,5461,3105,2356,3483,2215,1268,1283723.9,661403560000000,3500,2100,0
23,11,12,3541,1701,1840,2007,967,1040,1283424.1,661280280000000,2200,1000,0
26,12,14,3292,1320,1972,1560,520,1040,1283172.5,661144780000000,2500,1200,0
26,12,14,3308,1336,1972,1576,536,1040,1282908.9,661009290000000,2500,1200,0
26,12,14,3292,1320,1972,1560,520,1040,1282645.5,660873870000000,2500,1200,0
24,11,13,4125,2371,1754,2787,1747,1040,1282394,660750790000000,2300,1100,0
24,11,13,4189,2435,1754,2851,1811,1040,1282154.8,660627780000000,2300,1100,0
23,12,11,4069,2427,1642,2787,1747,1040,1281903.6,660492490000000,2100,1100,200
87,31,56,11403,5767,5636,6671,4067,2604,1281413.8,660123860000000,8600,5400,0
26,12,14,3292,1320,1972,1560,520,1040,1280924.2,659988830000000,2500,1200,0
29,13,16,3706,1538,2168,1764,672,1092,1280649.8,659841530000000,2800,1400,0
26,12,14,3292,1320,1972,1560,520,1040,1280375.4,659706570000000,2500,1200,0
93,33,60,12521,6125,6396,7447,4311,3136,1279862.9,659314320000000,9200,5700,0
26,12,14,3292,1320,1972,1560,520,1040,1279350.8,659179570000000,2500,1200,0
26,12,14,3308,1336,1972,1576,536,1040,1279088.8,659044880000000,2500,1200,0
38,21,17,2246,1260,986,0,0,0,1289965.1,663229320000000,1700,0,1000
26,12,14,3292,1320,1972,1560,520,1040,1300835.2,663093890000000,2500,1200,0
77,30,47,10363,5597,4766,6147,3951,2196,1300351.5,662737140000000,7500,4700,200
23,11,12,3541,1701,1840,2007,967,1040,1299880.2,662614270000000,2200,1000,0
70,26,44,10003,5027,4976,6195,3603,2592,1299457.6,662307110000000,6900,4400,100
52,21,31,6224,2358,3866,2692,964,1728,1298915.2,662061630000000,5100,2800,0
28,15,13,4487,2701,1786,2923,1847,1076,1298506.8,661889890000000,2700,1400,0
54,22,32,8061,4081,3980,5099,2855,2244,1298086.4,661632460000000,5200,3200,200
88,32,56,11533,5953,5580,6735,4199,2536,1297460.6,661252830000000,8700,5400,0
22,10,12,2896,1104,1792,1440,436,1004,1296979.5,661142640000000,2000,1000,200
23,11,12,3557,1717,1840,2023,983,1040,1296751,661020300000000,2200,1000,0
74,27,47,10139,5261,4878,6115,3783,2332,1296318.4,660702470000000,7300,4700,100
87,31,56,11403,5767,5636,6671,4067,2604,1295646.2,660336060000000,8600,5400,0
29,14,15,4014,1540,2474,2056,588,1468,1295130.5,660177410000000,2600,1200,200
23,11,12,3541,1701,1840,2007,967,1040,1294854.8,660055470000000,2200,1000,0
25,11,14,4695,2367,2328,3311,1747,1564,1294615,659933540000000,2400,1300,0
21,10,11,2842,1104,1738,1440,436,1004,1294387.4,659823810000000,2000,1000,100
85,31,54,11159,5767,5392,6535,4067,2468,1293920.5,659458410000000,8400,5200,0
26,12,14,3292,1320,1972,1560,520,1040,1293430,659324520000000,2500,1200,0
26,12,14,3292,1320,1972,1560,520,1040,1293166.9,659190710000000,2500,1200,0
33,19,14,1952,1140,812,0,0,0,1299530.2,661178880000000,1400,0,900
38,16,22,5673,3105,2568,3587,2215,1372,1305842.1,660995940000000,3700,2300,0
26,12,14,3292,1320,1972,1560,520,1040,1305528.4,660861920000000,2500,1200,0
26,12,14,3308,1336,1972,1576,536,1040,1305263,660727900000000,2500,1200,0
26,12,14,3292,1320,1972,1560,520,1040,1304997.8,660593950000000,2500,1200,0
23,11,12,2956,1164,1792,1440,436,1004,1304744.6,660472220000000,2000,1000,300
70,27,43,9503,4977,4526,5683,3487,2196,1304311.2,660156000000000,6900,4300,100
87,32,55,11405,5891,5514,6667,4131,2536,1303625.8,659779320000000,8600,5300,0
69,26,43,9613,5155,4458,5859,3731,2128,1302952.9,659475850000000,6800,4300,100
26,12,14,3308,1336,1972,1576,536,1040,1302520.6,659342370000000,2500,1200,0
89,31,58,11855,5975,5880,7015,4275,2740,1302028.8,658978780000000,8800,5600,0
86,31,55,11345,5831,5514,6667,4131,2536,1301309.8,658615520000000,8500,5300,0
60,24,36,8343,4467,3876,5063,3139,1924,1300675.1,658337280000000,5800,3600,200
22,10,12,2896,1104,1792,1440,436,1004,1300292.2,658228500000000,2000,1000,200
26,12,14,3292,1320,1972,1560,520,1040,1300053.1,658095560000000,2500,1200,0
24,11,13,4181,2431,1750,2851,1811,1040,1299801.9,657974760000000,2300,1100,0
64,24,40,9055,4815,4240,5559,3499,2060,1299407.6,657697070000000,6300,4000,100
56,21,35,6946,2772,4174,3234,1378,1856,1298894.5,657455810000000,5500,3400,0
87,33,54,11407,6015,5392,6663,4195,2468,1298274.5,657070140000000,8600,5200,0
26,12,14,3292,1320,1972,1560,520,1040,1297761.9,656937660000000,2500,1200,0
41,19,22,6635,4131,2504,4327,3059,1268,1297416.4,656721030000000,3900,2100,0
26,12,14,3292,1320,1972,1560,520,1040,1297071.1,656588700000000,2500,1200,0
6,1,5,372,62,310,0,0,0,1296940.1,656588700000000,500,0,0
86,30,56,10402,4222,6180,4702,2234,2468,1296595.4,656240130000000,8500,5300,0
80,30,50,10705,5597,5108,6351,3951,2400,1295906.4,655891900000000,7800,5000,200
24,11,13,4117,2367,1750,2787,1747,1040,1295443.1,655771910000000,2300,1100,0
23,11,12,3541,1701,1840,2007,967,1040,1295205.6,655651920000000,2200,1000,0
22,10,12,2896,1104,1792,1440,436,1004,1294980,655544010000000,2000,1000,200
85,31,54,11159,5767,5392,6535,4067,2468,1294517.5,655184580000000,8400,5200,0
85,31,54,11287,5895,5392,6663,4195,2468,1293806.6,654825480000000,8400,5200,0
93,36,57,11911,6241,5670,6819,4247,2572,1293037.5,654407050000000,9200,5500,0
88,33,55,11401,5887,5514,6603,4067,2536,1292245.6,654025000000000,8700,5300,0
26,12,14,3012,1204,1808,1560,520,1040,1291737.9,653893740000000,2500,1200,0
36,16,20,5461,3105,2356,3483,2215,1268,1291430.9,653714890000000,3500,2100,0
26,12,14,3028,1220,1808,1576,536,1040,1291124,653583760000000,2500,1200,0
36,16,20,5461,3105,2356,3483,2215,1268,1290817.4,653405050000000,3500,2100,0
24,11,13,5009,3243,1766,3659,2619,1040,1290522.6,653285930000000,2300,1100,0
26,12,14,3292,1320,1972,1560,520,1040,1290275.2,653155000000000,2500,1200,0
85,31,54,11175,5783,5392,6551,4083,2468,1289792.5,652798190000000,8400,5200,0
26,12,14,3308,1336,1972,1576,536,1040,1289310.1,652667390000000,2500,1200,0
26,12,14,3308,1336,1972,1576,536,1040,1289051.4,652536730000000,2500,1200,0
85,31,54,11223,5831,5392,6599,4131,2468,1288569.5,652180520000000,8400,5200,0
26,12,14,3012,1204,1808,1560,520,1040,1288088,652050060000000,2500,1200,0
27,12,15,4483,2541,1942,2971,1863,1108,1287829.8,651919600000000,2600,1300,0
22,10,12,2896,1104,1792,1440,436,1004,1287595,651812890000000,2000,1000,200
11,5,6,652,304,348,0,0,0,1287442.6,651765520000000,900,0,0
26,12,14,3292,1320,1972,1560,520,1040,1287266.6,651635120000000,2500,1200,0
27,12,15,3358,1320,2038,1560,520,1040,1287008.8,651504860000000,2600,1200,0
27,12,15,3358,1320,2038,1560,520,1040,1286750.8,651374610000000,2600,1200,0
85,31,54,11351,5959,5392,6727,4259,2468,1286270.8,651019730000000,8400,5200,0
103,47,56,12365,6853,5512,6667,4199,2468,1285381.9,650476290000000,10200,5400,0
24,11,13,4193,2371,1822,2855,1747,1108,1284727.9,650358240000000,2300,1200,0
23,11,12,3541,1701,1840,2007,967,1040,1284494.2,650240260000000,2200,1000,0
26,12,14,3292,1320,1972,1560,520,1040,1284249,650110540000000,2500,1200,0
23,11,12,3541,1701,1840,2007,967,1040,1284003.9,649992700000000,2200,1000,0
26,12,14,3292,1320,1972,1560,520,1040,1283758.9,649863050000000,2500,1200,0
26,12,14,3292,1320,1972,1560,520,1040,1283502.4,649733460000000,2500,1200,0
26,12,14,3292,1320,1972,1560,520,1040,1283245.9,649603940000000,2500,1200,0
104,50,54,11574,5510,6064,4682,2214,2468,1282547,649027610000000,10100,5300,200
15,8,7,3163,1857,1306,2319,1399,920,1281895.6,648945330000000,1300,600,200
23,11,12,3557,1717,1840,2023,983,1040,1281697.9,648827890000000,2200,1000,0
87,32,55,11395,5937,5458,6651,4183,2468,1281221.5,648464030000000,8600,5300,0
90,33,57,11577,5887,5690,6671,4067,2604,1280490.5,648088820000000,8900,5500,0
26,12,14,3292,1320,1972,1560,520,1040,1279991.9,647959970000000,2500,1200,0
80,27,53,10875,5245,5630,6491,3767,2724,1279563.4,647655570000000,7900,5300,100
2,1,1,118,60,58,0,0,0,1279262.5,647655570000000,100,0,0
22,10,12,2896,1104,1792,1440,436,1004,1279158.2,647550270000000,2000,1000,200
96,42,54,11819,6427,5392,6535,4067,2468,1278579.9,647070980000000,9500,5300,0
25,11,14,3118,1178,1940,1440,436,1004,1277990.5,646954210000000,2200,1000,200
86,32,54,11283,5891,5392,6599,4131,2468,1277517,646592430000000,8500,5200,0
24,11,13,4117,2367,1750,2787,1747,1040,1277043.8,646475790000000,2300,1100,0
36,16,20,5461,3105,2356,3483,2215,1268,1276755.2,646300970000000,3500,2100,0
26,12,14,3308,1336,1972,1576,536,1040,1276455.4,646172800000000,2500,1200,0
26,12,14,3891,1851,2040,2159,1051,1108,1276201.6,646044690000000,2500,1200,0
87,33,54,11423,6031,5392,6679,4211,2468,1275706.4,645672300000000,8600,5200,0
27,12,15,3358,1320,2038,1560,520,1040,1275211.5,645544390000000,2600,1200,0
26,12,14,3308,1336,1972,1576,536,1040,1274958.2,645416550000000,2500,1200,0
86,32,54,11283,5891,5392,6599,4131,2468,1274475.5,645056510000000,8500,5200,0
23,11,12,2956,1164,1792,1440,436,1004,1274004.5,644940410000000,2000,1000,300
65,29,36,4312,1740,2572,576,0,576,1276047.2,645084360000000,5700,1800,100
24,10,14,5403,3119,2284,4059,2555,1504,1278100.1,644980000000000,2300,1200,0
85,31,54,11159,5767,5392,6535,4067,2468,1277651.4,644632250000000,8400,5200,0
25,12,13,3396,1554,1842,2004,876,1128,1277179.9,644504870000000,2400,1500,0
24,11,13,4117,2367,1750,2787,1747,1040,1276938.4,644389110000000,2300,1100,0
26,12,14,3028,1220,1808,1576,536,1040,1276697,644261800000000,2500,1200,0
26,12,14,3308,1336,1972,1576,536,1040,1276444.2,644134500000000,2500,1200,0
24,11,13,3192,1322,1870,1592,588,1004,1276203,644018870000000,2200,1100,200
23,11,12,4131,2367,1764,2855,1747,1108,1275973.4,643903240000000,2100,1200,200
26,12,14,3292,1320,1972,1560,520,1040,1275732.4,643776140000000,2500,1200,0
26,12,14,3292,1320,1972,1560,520,1040,1275480,643649100000000,2500,1200,0
26,12,14,3292,1320,1972,1560,520,1040,1275227.8,643522060000000,2500,1200,0
8,5,3,504,302,202,32,0,32,1275055.8,643475890000000,600,100,200
23,11,12,2956,1164,1792,1440,436,1004,1274895.2,643360470000000,2000,1000,300
26,12,14,3308,1336,1972,1576,536,1040,1274654.6,643233560000000,2500,1200,0
90,33,57,12171,6073,6098,7243,4251,2992,1274162.6,642864730000000,8800,5400,0
26,12,14,3292,1320,1972,1560,520,1040,1273670.9,642738030000000,2500,1200,0
24,11,13,4117,2367,1750,2787,1747,1040,1273430.8,642622870000000,2300,1100,0
10,3,7,656,194,462,0,0,0,1273293.8,642599850000000,700,0,0
10,3,7,620,186,434,0,0,0,1273248.1,642576840000000,700,0,0
87,32,55,11597,6083,5514,6859,4323,2536,1272871.4,642220150000000,8600,5300,0
27,12,15,3358,1320,2038,1560,520,1040,1272392,642093720000000,2600,1200,0
26,12,14,3292,1320,1972,1560,520,1040,1272140.9,641967350000000,2500,1200,0
22,10,12,2896,1104,1792,1440,436,1004,1271912.8,641863940000000,2000,1000,200
26,12,14,3324,1352,1972,1592,552,1040,1271684.6,641737640000000,2500,1200,0
26,12,14,3308,1336,1972,1576,536,1040,1271433.9,641611410000000,2500,1200,0
27,12,15,3358,1320,2038,1560,520,1040,1271183.1,641485180000000,2600,1200,0
26,12,14,3292,1320,1972,1560,520,1040,1270932.5,641359010000000,2500,1200,0
26,12,14,3292,1320,1972,1560,520,1040,1270682,641232910000000,2500,1200,0
26,12,14,3308,1336,1972,1576,536,1040,1270431.6,641106820000000,2500,1200,0
88,33,55,11401,5887,5514,6603,4067,2536,1269942.8,640740400000000,8700,5300,0
79,38,41,10059,5765,4294,5675,3615,2060,1269160.8,640317210000000,7800,4200,100
23,11,12,3541,1701,1840,2007,967,1040,1268629,640202930000000,2200,1000,0
21,14,7,1246,840,406,0,0,0,1285047.1,652121330000000,700,0,700
24,11,13,4117,2367,1750,2787,1747,1040,1301458.5,652005030000000,2300,1100,0
26,12,14,3308,1336,1972,1576,536,1040,1301214.2,651877120000000,2500,1200,0
53,21,32,7591,4067,3524,4695,2907,1788,1300853.9,651644650000000,5200,3200,100
24,11,13,4189,2435,1754,2851,1811,1040,1300505.4,651528490000000,2300,1100,0
26,12,14,3292,1320,1972,1560,520,1040,1300261.4,651400780000000,2500,1200,0
26,12,14,3292,1320,1972,1560,520,1040,1300005.9,651273070000000,2500,1200,0
91,33,58,11837,6013,5824,6871,4199,2672,1299507.1,650901960000000,9000,5600,0
26,12,14,3292,1320,1972,1560,520,1040,1299008.8,650774520000000,2500,1200,0
22,10,12,2896,1104,1792,1440,436,1004,1298776.9,650670230000000,2000,1000,200
26,12,14,3308,1336,1972,1576,536,1040,1298545.1,650542860000000,2500,1200,0
85,36,49,10937,5847,5090,6235,3835,2400,1298013.8,650137860000000,8400,5000,100
23,11,12,3541,1701,1840,2007,967,1040,1297494.4,650022230000000,2200,1000,0
87,32,55,11475,5961,5514,6731,4195,2536,1297020.6,649664070000000,8600,5300,0
24,11,13,4117,2367,1750,2787,1747,1040,1296547.1,649548570000000,2300,1100,0
23,11,12,3541,1701,1840,2007,967,1040,1296316.2,649433210000000,2200,1000,0
26,12,14,3340,1368,1972,1608,568,1040,1296073.9,649306310000000,2500,1200,0
26,12,14,3028,1220,1808,1576,536,1040,1295820,649179410000000,2500,1200,0
57,21,36,8121,4177,3944,5015,3023,1992,1295462.6,648948890000000,5600,3600,100
114,36,78,16169,7341,8828,9895,5351,4544,1294830.5,648545900000000,11200,7400,0
26,12,14,3028,1220,1808,1576,536,1040,1294302.4,648419330000000,2500,1200,0
45,21,24,6559,3399,3160,4059,2215,1844,1293947.1,648189350000000,4400,2400,0
85,31,54,11159,5767,5392,6535,4067,2468,1293373.9,647844680000000,8400,5200,0
26,12,14,3292,1320,1972,1560,520,1040,1292903.1,647718380000000,2500,1200,0
86,32,54,11219,5827,5392,6535,4067,2468,1292421.1,647362770000000,8500,5300,0
24,11,13,4125,2371,1754,2787,1747,1040,1291951.1,647248150000000,2300,1100,0
22,10,12,2896,1104,1792,1440,436,1004,1291733.4,647145000000000,2000,1000,200
86,31,55,11265,5767,5498,6587,4067,2520,1291286.8,646801470000000,8500,5300,0
32,14,18,5169,2877,2292,3407,2095,1312,1290794.6,646652690000000,3000,1800,200
26,12,14,3292,1320,1972,1560,520,1040,1290520,646526860000000,2500,1200,0
26,12,14,3292,1320,1972,1560,520,1040,1290268.4,646401100000000,2500,1200,0
98,44,54,12067,6675,5392,6663,4195,2468,1289651.4,645909930000000,9700,5200,0
26,12,14,3308,1336,1972,1576,536,1040,1289035,645784370000000,2500,1200,0
26,12,14,3292,1320,1972,1560,520,1040,1288783.9,645658880000000,2500,1200,0
6,1,5,350,60,290,0,0,0,1288658.4,645658880000000,500,0,0
26,12,14,3292,1320,1972,1560,520,1040,1288532.9,645533450000000,2500,1200,0
85,31,54,11431,6039,5392,6807,4339,2468,1288065.6,645191600000000,8400,5200,0
27,13,14,3358,1386,1972,1560,520,1040,1287587.4,645054960000000,2600,1200,0
27,12,15,3358,1320,2038,1560,520,1040,1287325.5,644929810000000,2600,1200,0
26,12,14,3012,1204,1808,1560,520,1040,1287075,644804650000000,2500,1200,0
104,36,68,14795,7499,7296,9067,5523,3544,1286552.2,644406760000000,10300,6600,0
22,9,13,2904,1038,1866,1440,436,1004,1286064,644315890000000,2000,1000,200
25,12,13,3570,1248,2322,1904,436,1468,1285848.2,644190940000000,2300,1100,200
89,33,56,11711,6143,5568,6859,4323,2536,1285360.2,643827880000000,8800,5300,0
26,12,14,3292,1320,1972,1560,520,1040,1284872.6,643703120000000,2500,1200,0
23,11,12,2956,1164,1792,1440,436,1004,1284634.5,643589780000000,2000,1000,300
26,12,14,3292,1320,1972,1560,520,1040,1284396.4,643465160000000,2500,1200,0
170,62,108,22318,11534,10784,13070,8134,4936,1283586.2,642774870000000,16800,10400,0
26,12,14,3292,1320,1972,1560,520,1040,1282777.1,642650590000000,2500,1200,0
26,12,14,3308,1336,1972,1576,536,1040,1282528.5,642526300000000,2500,1200,0
36,16,20,5461,3105,2356,3483,2215,1268,1282234.8,642356920000000,3500,2200,0
24,11,13,4125,2371,1754,2787,1747,1040,1281952.5,642244040000000,2300,1100,0
24,11,13,4117,2367,1750,2787,1747,1040,1281726.8,642131230000000,2300,1100,0
29,12,17,4615,2429,2186,2991,1747,1244,1281489.9,642007150000000,2700,1400,0
27,13,14,3719,1851,1868,2227,1119,1108,1281230.6,641871860000000,2600,1300,0
36,16,20,5461,3105,2356,3483,2215,1268,1280926.2,641702810000000,3500,2200,0
17,8,9,3583,1745,1838,2631,1287,1344,1280678.4,641623960000000,1600,800,0
3,2,1,184,122,62,0,0,0,1280588.2,641612680000000,100,0,100
85,31,54,11351,5959,5392,6727,4259,2468,1280239.2,641274990000000,8400,5200,0
26,12,14,3292,1320,1972,1560,520,1040,1279778,641151240000000,2500,1200,0
46,20,26,6559,3675,2884,4035,2563,1472,1279440.6,640937630000000,4500,2700,0
26,12,14,3292,1320,1972,1560,520,1040,1279103.5,640814020000000,2500,1200,0
3,2,1,184,122,62,0,0,0,1278968.6,640802810000000,100,0,100
26,12,14,3292,1320,1972,1560,520,1040,1278833.8,640679260000000,2500,1200,0
85,31,54,11159,5767,5392,6535,4067,2468,1278373.5,640342510000000,8400,5200,0
23,11,12,2956,1164,1792,1440,436,1004,1277924.9,640230370000000,2000,1000,300
70,27,43,9545,5087,4458,5731,3603,2128,1277521.2,639938920000000,6800,4300,200
26,12,14,3292,1320,1972,1560,520,1040,1277106.8,639815710000000,2500,1200,0
91,33,58,12131,6363,5768,7159,4555,2604,1276625.4,639457480000000,9000,5600,0
24,11,13,4133,2383,1750,2803,1763,1040,1276155.5,639345680000000,2300,1100,0
85,39,46,10613,5781,4832,5895,3563,2332,1275619.9,638920950000000,8300,4500,100
22,10,12,2896,1104,1792,1440,436,1004,1275096,638820480000000,2000,1000,200
85,31,54,11175,5783,5392,6551,4083,2468,1274660.8,638485680000000,8400,5200,0
23,11,12,3541,1701,1840,2007,967,1040,1274214.6,638374210000000,2200,1000,0
87,32,55,11533,6019,5514,6795,4259,2536,1273757.6,638028730000000,8600,5300,0
26,12,14,3292,1320,1972,1560,520,1040,1273289.9,637906260000000,2500,1200,0
31,17,14,3714,1850,1864,1968,872,1096,1272989.8,637728150000000,3000,1500,0
29,14,15,3966,1464,2502,2024,520,1504,1272667.4,637583530000000,2800,1300,0
26,12,14,3288,1248,2040,1556,436,1120,1272400.5,637461260000000,2400,1200,200
54,27,27,7215,4097,3118,4211,2559,1652,1271990.8,637172290000000,5300,2700,100
26,12,14,3308,1336,1972,1576,536,1040,1271581.4,637050150000000,2500,1200,0
114,49,65,13817,7371,6446,7483,4607,2876,1270927.1,636517640000000,11200,6100,0
85,31,54,11223,5831,5392,6599,4131,2468,1270063.2,636185250000000,8400,5200,0
23,9,14,4945,2977,1968,3651,2471,1180,1269642.8,636096670000000,2200,1300,100
26,12,14,3292,1320,1972,1560,520,1040,1269432.6,635974930000000,2500,1200,0
95,41,54,11887,6495,5392,6663,4195,2468,1268868.6,635532620000000,9400,5200,0
23,11,12,3541,1701,1840,2007,967,1040,1268316.4,635422160000000,2200,1000,0
26,12,14,3292,1320,1972,1560,520,1040,1268084.2,635300620000000,2500,1200,0
8,5,3,576,338,238,32,0,32,1267918.8,635256470000000,700,100,0
26,12,14,3292,1320,1972,1560,520,1040,1267753.2,635135070000000,2500,1200,0
48,22,26,8250,4750,3500,5590,3510,2080,1267413,634903340000000,4600,2200,0
26,12,14,3292,1320,1972,1560,520,1040,1267073.1,634782070000000,2500,1200,0
77,36,41,9799,5517,4282,5547,3487,2060,1266566.1,634396470000000,7500,4100,200
48,19,29,6985,3727,3258,4359,2675,1684,1265982.6,634198290000000,4700,3000,100
38,18,20,5581,3225,2356,3483,2215,1268,1265597.8,634011330000000,3700,2100,0
26,12,14,3292,1320,1972,1560,520,1040,1265290,633890330000000,2500,1200,0
85,31,54,11223,5831,5392,6599,4131,2468,1264839.5,633560690000000,8400,5200,0
22,10,12,2896,1104,1792,1440,436,1004,1264411.2,633461910000000,2000,1000,200
26,12,14,3891,1851,2040,2159,1051,1108,1264191.6,633341180000000,2500,1200,0
22,10,12,2880,1104,1776,1424,436,988,1263972.1,633242390000000,2000,1000,200
24,10,14,3876,1104,2772,2288,436,1852,1263774.6,633143680000000,2200,1200,200
26,12,14,3292,1320,1972,1560,520,1040,1263555.2,633023080000000,2500,1200,0
23,11,12,3541,1701,1840,2007,967,1040,1263325,632913430000000,2200,1000,0
89,33,56,11403,5903,5500,6551,4083,2468,1262864.9,632562920000000,8800,5300,0
85,31,54,11415,6023,5392,6791,4323,2468,1262186.5,632234690000000,8400,5300,0
26,12,14,3292,1320,1972,1560,520,1040,1261738.1,632114430000000,2500,1200,0
92,37,55,11573,6127,5446,6535,4067,2468,1261225.8,631721100000000,9100,5300,0
89,33,56,11523,5887,5636,6671,4067,2604,1260484.9,631371940000000,8800,5400,0
26,12,14,3292,1320,1972,1560,520,1040,1260016,631251950000000,2500,1200,0
26,12,14,3308,1336,1972,1576,536,1040,1259776.1,631132090000000,2500,1200,0
79,32,47,10375,5497,4878,6051,3719,2332,1259318.8,630794400000000,7800,4800,100
30,15,15,4208,2322,1886,2534,1470,1064,1258829.1,630642060000000,2900,1500,0
26,12,14,3308,1336,1972,1576,536,1040,1258557.2,630522410000000,2500,1200,0
26,12,14,3891,1851,2040,2159,1051,1108,1258318,630402750000000,2500,1200,0
91,35,56,11661,6117,5544,6683,4183,2500,1257829.1,630033320000000,9000,5500,0
85,31,54,11415,6023,5392,6791,4323,2468,1257134.6,629707700000000,8400,5200,0
22,11,11,4009,2367,1642,2787,1747,1040,1256700.8,629599190000000,2100,1200,100
8,5,3,576,338,238,32,0,32,1256548.9,629555840000000,700,100,0
27,12,15,3822,1320,2502,2024,520,1504,1256386.2,629436580000000,2600,1300,0
23,11,12,3541,1701,1840,2007,967,1040,1256158.5,629328200000000,2200,1000,0
26,12,14,3292,1320,1972,1560,520,1040,1255930.9,629209020000000,2500,1200,0
24,11,13,4133,2383,1750,2803,1763,1040,1255703.4,629100700000000,2300,1100,0
86,32,54,11315,5923,5392,6631,4163,2468,1255259.8,628765230000000,8500,5200,0
26,12,14,3292,1320,1972,1560,520,1040,1254805.5,628646310000000,2500,1200,0
104,35,69,13881,6987,6894,8171,5059,3112,1254319.5,628278890000000,10300,6700,0
12,8,4,712,480,232,0,0,0,1255649.1,628531620000000,400,0,400
48,22,26,8298,4798,3500,5638,3558,2080,1257121.5,628304860000000,4600,2200,0
26,12,14,3292,1320,1972,1560,520,1040,1256778.6,628186140000000,2500,1200,0
100,45,55,12053,6607,5446,6535,4067,2468,1256185.5,627711680000000,9900,5300,0
24,11,13,3176,1322,1854,1576,588,988,1255603.8,627603980000000,2200,1100,200
45,18,27,6195,3261,2934,3695,2251,1444,1255312.5,627420900000000,4400,2500,0
26,12,14,3308,1336,1972,1576,536,1040,1255010.6,627302520000000,2500,1200,0
6,4,2,412,272,140,0,0,0,1254859.5,627270240000000,500,0,0
98,38,60,11452,4380,7072,4958,1862,3096,1254428.9,626872420000000,9500,5800,100
24,11,13,4117,2367,1750,2787,1747,1040,1253923.1,626764980000000,2300,1100,0
98,44,54,11939,6547,5392,6535,4067,2468,1253353,626303410000000,9700,5200,0
85,31,54,11351,5959,5392,6727,4259,2468,1252568.5,625981820000000,8400,5200,0
26,12,14,3292,1320,1972,1560,520,1040,1252128.2,625863980000000,2500,1200,0
85,31,54,11543,6151,5392,6919,4451,2468,1251688.2,625542790000000,8400,5200,0
82,31,51,10887,5657,5230,6419,3951,2468,1251045,625221950000000,8000,5100,200
99,39,60,13177,7165,6012,7731,4991,2740,1250316.9,624816070000000,9800,5800,0
26,12,14,3292,1320,1972,1560,520,1040,1249792.8,624698630000000,2500,1200,0
24,11,13,4133,2383,1750,2803,1763,1040,1249568.1,624591930000000,2300,1100,0
106,43,63,13091,6729,6362,7243,4315,2928,1249012.5,624144240000000,10500,6100,0
28,13,15,3440,1394,2046,1560,520,1040,1248436.1,624016400000000,2600,1200,0
85,31,54,11303,5911,5392,6679,4211,2468,1247988,623697170000000,8400,5200,0
26,12,14,3292,1320,1972,1560,520,1040,1247551,623580190000000,2500,1200,0
24,11,13,4117,2367,1750,2787,1747,1040,1247327.1,623473890000000,2300,1100,0
24,11,13,4117,2367,1750,2787,1747,1040,1247114,623367590000000,2300,1100,0
31,15,16,4947,2939,2008,3231,2099,1132,1246858.4,623218880000000,3000,1800,0
85,31,54,11159,5767,5392,6535,4067,2468,1246390.2,622900380000000,8400,5200,0
45,23,22,6281,3637,2644,3775,2327,1448,1245838.8,622667110000000,4400,2200,100
85,31,54,11159,5767,5392,6535,4067,2468,1245287.8,622349220000000,8400,5200,0
22,10,12,2896,1104,1792,1440,436,1004,1244873.8,622253860000000,2000,1000,200
85,31,54,11159,5767,5392,6535,4067,2468,1244460.1,621936430000000,8400,5200,0
28,13,15,3452,1402,2050,1576,536,1040,1244015,621809530000000,2700,1300,0
63,25,38,8631,4639,3992,5179,3255,1924,1243633.6,621555860000000,6000,3700,200
101,45,56,12485,6973,5512,6907,4439,2468,1242914.4,621091400000000,10000,5300,0
24,11,13,4125,2371,1754,2787,1747,1040,1242343.9,620985970000000,2300,1100,0
26,12,14,3292,1320,1972,1560,520,1040,1242121.9,620870000000000,2500,1200,0
24,11,13,4181,2431,1750,2851,1811,1040,1241900,620764580000000,2300,1100,0
84,30,54,11227,5835,5392,6663,4195,2468,1241488.2,620459160000000,8300,5200,0
26,12,14,3292,1320,1972,1560,520,1040,1241066.4,620343400000000,2500,1200,0
89,33,56,11641,6061,5580,6783,4247,2536,1240613,620006850000000,8800,5400,0
9,6,3,534,360,174,0,0,0,1247675.4,626457960000000,300,0,300
10,6,4,1861,1181,680,1287,831,456,1255020.9,626404870000000,800,300,200
26,12,14,3292,1320,1972,1560,520,1040,1254850.4,626288100000000,2500,1200,0
26,12,14,3308,1336,1972,1576,536,1040,1254615.9,626171340000000,2500,1200,0
36,16,20,5461,3105,2356,3483,2215,1268,1254339,626012220000000,3500,2100,0
24,11,13,4117,2367,1750,2787,1747,1040,1254072.9,625906260000000,2300,1100,0
56,22,34,7959,4191,3768,4895,2971,1924,1253743,625683720000000,5500,3400,100
6,4,2,358,242,116,0,0,0,1253487.9,625651910000000,500,0,0
23,11,12,2956,1164,1792,1440,436,1004,1253349.6,625546010000000,2000,1000,300
92,33,59,12189,6299,5890,7163,4491,2672,1252903.5,625207380000000,9100,5700,0
24,11,13,4125,2371,1754,2787,1747,1040,1252457.6,625101620000000,2300,1100,0
24,11,13,4117,2367,1750,2787,1747,1040,1252245.4,624995860000000,2300,1100,0
26,12,14,3292,1320,1972,1560,520,1040,1252022.5,624879620000000,2500,1200,0
93,34,59,12539,6081,6458,7459,4195,3264,1251556.1,624531130000000,9200,5700,0
26,12,14,3292,1320,1972,1560,520,1040,1251090.1,624415100000000,2500,1200,0
27,12,15,3390,1320,2070,1592,520,1072,1250857.1,624299060000000,2600,1300,0
26,12,14,3308,1336,1972,1576,536,1040,1250624.1,624183030000000,2500,1200,0
26,12,14,3292,1320,1972,1560,520,1040,1250391.2,624067070000000,2500,1200,0
36,14,22,5933,2861,3072,3943,2079,1864,1250137.5,623930100000000,3500,2100,0
24,11,13,3607,1701,1906,2007,967,1040,1249894.4,623824810000000,2300,1100,0
26,12,14,3292,1320,1972,1560,520,1040,1249672.4,623708980000000,2500,1200,0
24,11,13,4117,2367,1750,2787,1747,1040,1249450.4,623603750000000,2300,1100,0
26,12,14,3012,1204,1808,1560,520,1040,1249228.5,623487990000000,2500,1200,0
26,12,14,3292,1320,1972,1560,520,1040,1248996.1,623372360000000,2500,1200,0
26,12,14,3292,1320,1972,1560,520,1040,1248763.9,623256660000000,2500,1200,0
40,16,24,6541,3325,3216,4323,2435,1888,1248489.8,623099020000000,3900,2500,0
47,19,28,6899,3727,3172,4327,2675,1652,1248142,622909980000000,4500,2800,200
95,34,61,12087,6077,6010,6871,4199,2672,1247604.9,622563700000000,9200,5600,0
26,12,14,3292,1320,1972,1560,520,1040,1247141.8,622448340000000,2500,1200,0
6,4,2,412,272,140,0,0,0,1246994.4,622416930000000,500,0,0
26,12,14,3292,1320,1972,1560,520,1040,1246847.1,622301640000000,2500,1200,0
22,10,12,2896,1104,1792,1440,436,1004,1246636.6,622207350000000,2000,1000,200
24,11,13,4133,2383,1750,2803,1763,1040,1246436.8,622102590000000,2300,1100,0
22,10,12,2896,1104,1792,1440,436,1004,1246237.1,622008370000000,2000,1000,200
25,12,13,3226,1320,1906,1560,520,1040,1246026.9,621893210000000,2400,1200,0
22,12,10,1300,720,580,0,0,0,1261665.4,645801420000000,1000,0,600
40,16,24,6301,3141,3160,4095,2251,1844,1277255.1,645638480000000,3900,2400,0
26,12,14,3292,1320,1972,1560,520,1040,1276975.2,645519020000000,2500,1200,0
26,12,14,3292,1320,1972,1560,520,1040,1276738.5,645399640000000,2500,1200,0
27,12,15,3358,1320,2038,1560,520,1040,1276501.9,645280250000000,2600,1200,0
24,11,13,4117,2367,1750,2787,1747,1040,1276276,645171800000000,2300,1100,0
26,12,14,3308,1336,1972,1576,536,1040,1276050.4,645052550000000,2500,1200,0
24,11,13,4125,2371,1754,2787,1747,1040,1275824.8,644944170000000,2300,1100,0
26,12,14,3292,1320,1972,1560,520,1040,1275599.1,644824980000000,2500,1200,0
35,15,20,5871,3051,2820,3947,2215,1732,1275330.8,644673380000000,3400,2100,0
24,11,13,4181,2431,1750,2851,1811,1040,1275073.2,644565140000000,2300,1100,0
12,5,7,706,300,406,0,0,0,1280066,647654020000000,700,0,200
25,13,12,3614,1826,1788,2228,1100,1128,1285036.2,647523560000000,2400,1600,100
23,11,12,3541,1701,1840,2007,967,1040,1284798.8,647414850000000,2200,1000,0
26,12,14,3292,1320,1972,1560,520,1040,1284571.8,647295330000000,2500,1200,0
23,10,13,3426,1104,2322,1904,436,1468,1284355.8,647197620000000,2100,1100,200
23,11,12,3541,1701,1840,2007,967,1040,1284150.6,647089030000000,2200,1000,0
85,31,54,11431,6039,5392,6807,4339,2468,1283719,646763490000000,8400,5200,0
26,12,14,3292,1320,1972,1560,520,1040,1283277,646644240000000,2500,1200,0
26,12,14,3308,1336,1972,1576,536,1040,1283039.9,646524980000000,2500,1200,0
104,38,66,13143,6727,6416,7427,4619,2808,1282523.2,646124280000000,10300,5900,0
85,31,54,11191,5799,5392,6567,4099,2468,1281802.8,645799740000000,8400,5200,0
32,16,16,4366,2138,2228,2596,1244,1352,1281319.1,645637600000000,3100,2100,0
85,31,54,11287,5895,5392,6663,4195,2468,1280835.8,645313600000000,8400,5200,0
85,30,55,11691,5713,5978,7067,4067,3000,1280202.8,645000670000000,8400,5300,0
22,10,12,2896,1104,1792,1440,436,1004,1279795.4,644903570000000,2000,1000,200
91,33,58,11979,6127,5852,6983,4311,2672,1279356.1,644558760000000,8900,5600,100
26,12,14,3292,1320,1972,1560,520,1040,1278895.8,644440250000000,2500,1200,0
24,11,13,4117,2367,1750,2787,1747,1040,1278670.9,644332600000000,2300,1100,0
25,12,13,3226,1320,1906,1560,520,1040,1278446.1,644214220000000,2400,1200,0
29,14,15,3554,1464,2090,1612,520,1092,1278189.4,644074440000000,2800,1300,0
99,44,55,12317,6803,5514,6859,4323,2536,1277590.9,643612260000000,9800,5300,0
85,31,54,11287,5895,5392,6663,4195,2468,1276811.6,643290270000000,8400,5200,0
24,12,12,4191,2427,1764,2855,1747,1108,1276374.6,643172290000000,2300,1200,100
85,31,54,11159,5767,5392,6535,4067,2468,1275937.8,642850710000000,8400,5300,0
24,11,13,4125,2371,1754,2787,1747,1040,1275511.8,642743600000000,2300,1100,0
23,11,12,3541,1701,1840,2007,967,1040,1275298.8,642636490000000,2200,1000,0
62,24,38,9099,4583,4516,5711,3255,2456,1274947.6,642390340000000,6100,3800,100
26,12,14,3292,1320,1972,1560,520,1040,1274586,642272700000000,2500,1200,0
26,12,14,3292,1320,1972,1560,520,1040,1274352,642155060000000,2500,1200,0
87,31,56,11419,5783,5636,6687,4083,2604,1273916.5,641834480000000,8600,5500,0
98,43,55,11933,6487,5446,6535,4067,2468,1273152.5,641386260000000,9700,5300,0
3,2,1,184,122,62,0,0,0,1272696.8,641375590000000,100,0,100
3,2,1,178,120,58,0,0,0,1272675.5,641364920000000,100,0,100
28,13,15,3588,1538,2050,1712,672,1040,1272537.8,641236940000000,2700,1300,0
26,12,14,3292,1320,1972,1560,520,1040,1272293.9,641119700000000,2500,1200,0
36,16,20,5461,3105,2356,3483,2215,1268,1272018.4,640959910000000,3500,2100,0
88,34,54,11467,6075,5392,6663,4195,2468,1271510.4,640608600000000,8700,5200,0
26,12,14,3292,1320,1972,1560,520,1040,1271045,640491630000000,2500,1200,0
22,10,12,2896,1104,1792,1440,436,1004,1270833.5,640395930000000,2000,1000,200
28,13,15,3488,1438,2050,1612,572,1040,1270611.5,640268360000000,2700,1300,0
86,31,55,11537,6023,5514,6859,4323,2536,1270168,639949660000000,8500,5300,0
25,12,13,3570,1248,2322,1904,436,1468,1269735.2,639832890000000,2300,1100,200
32,18,14,3774,1910,1864,1968,872,1096,1269441,639652500000000,3100,1500,0
27,12,15,5854,3436,2418,4326,2762,1564,1269146.9,639535860000000,2600,1400,0
25,12,13,3226,1320,1906,1560,520,1040,1268915,639419230000000,2400,1200,0
71,31,40,8850,3778,5072,4118,1730,2388,1268483.1,639101400000000,6900,3900,100
41,17,24,6207,3387,2820,3959,2443,1516,1267999,638932020000000,3900,2400,200
86,38,48,10933,5921,5012,6183,3783,2400,1267441.5,638540640000000,8400,4900,200
26,12,14,3308,1336,1972,1576,536,1040,1266937.1,638424410000000,2500,1200,0
105,45,60,12581,6717,5864,6787,4183,2604,1266359.6,637959810000000,10400,5600,0
104,41,63,13089,6779,6310,7367,4491,2876,1265479.1,637538030000000,10300,6000,0
26,12,14,3308,1336,1972,1576,536,1040,1264944.9,637422140000000,2500,1200,0
85,31,54,11287,5895,5392,6663,4195,2468,1264515.8,637106250000000,8400,5200,0
94,35,59,12027,6117,5910,6887,4183,2704,1263846.5,636748700000000,9300,5800,0
24,11,13,4117,2367,1750,2787,1747,1040,1263386.9,636643610000000,2300,1100,0
36,16,20,5461,3105,2356,3483,2215,1268,1263125.6,636486030000000,3500,2100,0
26,12,14,3292,1320,1972,1560,520,1040,1262854.1,636370470000000,2500,1200,0
3,2,1,178,120,58,0,0,0,1262728.9,636360000000000,100,0,100
26,12,14,3292,1320,1972,1560,520,1040,1262603.6,636244510000000,2500,1200,0
31,13,18,3894,1522,2372,1808,656,1152,1262363.6,636118610000000,2900,1600,200
26,12,14,3292,1320,1972,1560,520,1040,1262123.8,636003250000000,2500,1200,0
85,31,54,11255,5863,5392,6631,4163,2468,1261696.5,635688780000000,8400,5200,0
43,16,27,7443,3401,4042,5075,2511,2564,1261228,635531680000000,4100,2700,200
97,36,61,12483,6541,5942,7163,4559,2604,1260707.9,635165400000000,9600,5700,0
95,41,54,11759,6367,5392,6535,4067,2468,1259928.6,634747310000000,9400,5200,0
26,12,14,3012,1204,1808,1560,520,1040,1259399.2,634632420000000,2500,1200,0
24,11,13,4181,2431,1750,2851,1811,1040,1259181.1,634528000000000,2300,1100,0
92,37,55,11573,6127,5446,6535,4067,2468,1258704,634152460000000,9100,5300,0
38,17,21,5627,3165,2462,3535,2215,1320,1258165.1,633985690000000,3700,2200,0
26,12,14,3292,1320,1972,1560,520,1040,1257885.4,633871070000000,2500,1200,0
24,11,13,4117,2367,1750,2787,1747,1040,1257667.9,633766920000000,2300,1100,0
94,33,61,12173,6107,6066,7039,4299,2740,1257233.2,633433920000000,9300,5800,0
26,12,14,3292,1320,1972,1560,520,1040,1256788.8,633319500000000,2500,1200,0
27,12,15,3386,1336,2050,1576,536,1040,1256561.2,633205150000000,2600,1200,0
26,12,14,3292,1320,1972,1560,520,1040,1256333.9,633090800000000,2500,1200,0
26,12,14,3292,1320,1972,1560,520,1040,1256106.5,632976510000000,2500,1200,0
22,10,12,2896,1104,1792,1440,436,1004,1255899.9,632883030000000,2000,1000,200
30,13,17,5521,2887,2634,3867,2159,1708,1255683.1,632758470000000,2900,1700,100
26,12,14,3292,1320,1972,1560,520,1040,1255445.8,632644320000000,2500,1200,0
25,10,15,4366,1104,3262,2712,436,2276,1255239.5,632550910000000,2300,1300,200
26,12,14,3891,1851,2040,2159,1051,1108,1255033.4,632436820000000,2500,1200,0
24,11,13,4117,2367,1750,2787,1747,1040,1254816.9,632333200000000,2300,1100,0
29,13,16,4537,2489,2048,2907,1747,1160,1254590.1,632208780000000,2700,1300,0
7,4,3,885,259,626,479,23,456,1254435.6,632177710000000,600,200,100
7,4,3,412,242,170,0,0,0,1254373.8,632146640000000,600,0,0
88,31,57,11525,5767,5758,6739,4067,2672,1254034.1,631835990000000,8700,5500,0
26,12,14,3292,1320,1972,1560,520,1040,1253612.4,631722180000000,2500,1200,0
22,10,12,3491,1651,1840,2023,983,1040,1253406.6,631629030000000,2100,1000,0
26,12,14,3308,1336,1972,1576,536,1040,1253201,631515280000000,2500,1200,0
26,12,14,3292,1320,1972,1560,520,1040,1252974.8,631401600000000,2500,1200,0
48,22,26,8298,4798,3500,5638,3558,2080,1252659.1,631184570000000,4600,2200,0
22,10,12,2896,1104,1792,1440,436,1004,1252364.1,631091620000000,2000,1000,200
170,62,108,22318,11534,10784,13070,8134,4936,1251911.5,630478250000000,16800,10600,0
26,12,14,3891,1851,2040,2159,1051,1108,1251439,630364970000000,2500,1200,0
82,27,55,11001,5163,5838,6479,3671,2808,1251061,630097200000000,8000,5300,100
25,12,13,3570,1248,2322,1904,436,1468,1250683.4,629983990000000,2300,1100,200
26,12,14,3292,1320,1972,1560,520,1040,1250458.1,629870850000000,2500,1200,0
26,12,14,3292,1320,1972,1560,520,1040,1250233.1,629757770000000,2500,1200,0
38,17,21,5643,3165,2478,3551,2215,1336,1249957,629593280000000,3700,2200,0
26,12,14,3012,1204,1808,1560,520,1040,1249681,629480270000000,2500,1200,0
46,18,28,6839,3667,3172,4327,2675,1652,1249395,629305650000000,4400,2800,200
27,12,15,3358,1320,2038,1560,520,1040,1249109.1,629192780000000,2600,1200,0
26,12,14,3292,1320,1972,1560,520,1040,1248884.5,629079900000000,2500,1200,0
24,11,13,4117,2367,1750,2787,1747,1040,1248670.2,628977290000000,2300,1100,0
47,23,24,2772,1380,1392,0,0,0,1261598.4,633887980000000,2400,0,1100
26,12,14,3292,1320,1972,1560,520,1040,1274509.4,633774370000000,2500,1200,0
26,12,14,3308,1336,1972,1576,536,1040,1274280.4,633660750000000,2500,1200,0
24,11,13,4125,2371,1754,2787,1747,1040,1274062,633557540000000,2300,1100,0
87,32,55,11341,5827,5514,6603,4067,2536,1273635.9,633237760000000,8600,5300,0
87,32,55,11395,5937,5458,6651,4183,2468,1272992,632918330000000,8600,5300,0
48,19,29,7127,3901,3226,4507,2855,1652,1272483.6,632732970000000,4700,2900,100
24,11,13,4185,2367,1818,2855,1747,1108,1272193.2,632630030000000,2300,1200,0
85,31,54,11159,5767,5392,6535,4067,2468,1271778.8,632321460000000,8400,5200,0
6,4,2,398,246,152,32,0,32,1271437,632290590000000,400,100,200
26,12,14,3308,1336,1972,1576,536,1040,1271292,632177580000000,2500,1200,0
26,12,14,3308,1336,1972,1576,536,1040,1271064.1,632064570000000,2500,1200,0
26,12,14,3292,1320,1972,1560,520,1040,1270836.4,631951560000000,2500,1200,0
26,12,14,3292,1320,1972,1560,520,1040,1270608.8,631838610000000,2500,1200,0
26,12,14,3292,1320,1972,1560,520,1040,1270381.1,631725730000000,2500,1200,0
26,12,14,3292,1320,1972,1560,520,1040,1270153.6,631612860000000,2500,1200,0
87,32,55,11411,5953,5458,6667,4199,2468,1269719.8,631295100000000,8600,5300,0
45,22,23,6161,3575,2586,3667,2331,1336,1269183.2,631079950000000,4400,2400,0
22,10,12,2896,1104,1792,1440,436,1004,1268873.9,630987810000000,2000,1000,200
6,1,5,372,62,310,0,0,0,1268781,630987810000000,500,0,0
23,11,12,3557,1717,1840,2023,983,1040,1268677.9,630885460000000,2200,1000,0
26,12,14,3292,1320,1972,1560,520,1040,1268461.2,630772860000000,2500,1200,0
26,12,14,3012,1204,1808,1560,520,1040,1268234.4,630660380000000,2500,1200,0
26,12,14,3292,1320,1972,1560,520,1040,1268007.8,630547910000000,2500,1200,0
24,11,13,4125,2371,1754,2787,1747,1040,1267791.4,630445700000000,2300,1100,0
26,12,14,3292,1320,1972,1560,520,1040,1267575.1,630333290000000,2500,1200,0
48,22,26,8234,4734,3500,5574,3494,2080,1267247.4,630118810000000,4600,2200,0
26,12,14,3012,1204,1808,1560,520,1040,1266919.8,630006540000000,2500,1200,0
88,32,56,11527,5891,5636,6735,4131,2604,1266488.1,629690320000000,8700,5400,0
42,18,24,6267,3447,2820,3959,2443,1516,1265996,629517050000000,4100,2400,100
26,12,14,3292,1320,1972,1560,520,1040,1265709.4,629404980000000,2500,1200,0
155,55,100,18899,9319,9580,10463,6295,4168,1265042.6,628855420000000,15200,9800,200
29,13,16,4289,2049,2240,2359,1183,1176,1264366.4,628733420000000,2800,1400,0
26,12,14,3292,1320,1972,1560,520,1040,1264130.9,628621610000000,2500,1200,0
25,11,14,4247,2371,1876,2855,1747,1108,1263915.9,628520010000000,2400,1200,0
87,32,55,11405,5891,5514,6667,4131,2536,1263496.5,628205340000000,8600,5300,0
24,11,13,3192,1322,1870,1592,588,1004,1263077.4,628103870000000,2200,1100,200
26,12,14,3292,1320,1972,1560,520,1040,1262862.8,627992330000000,2500,1200,0
27,12,15,5595,3245,2350,4059,2555,1504,1262638,627880800000000,2500,1200,0
26,12,14,3668,1248,2420,1936,436,1500,1262413.4,627769260000000,2400,1200,200
23,11,12,3541,1701,1840,2007,967,1040,1262199,627668000000000,2200,1000,0
27,12,15,3358,1320,2038,1560,520,1040,1261984.6,627556600000000,2600,1200,0
26,12,14,3292,1320,1972,1560,520,1040,1261760.1,627445200000000,2500,1200,0
26,12,14,3340,1368,1972,1608,568,1040,1261535.6,627333860000000,2500,1200,0
26,12,14,3292,1320,1972,1560,520,1040,1261311.4,627222600000000,2500,1200,0
24,11,13,4125,2371,1754,2787,1747,1040,1261097.2,627121460000000,2300,1100,0
26,12,14,3308,1336,1972,1576,536,1040,1260883.4,627010200000000,2500,1200,0
86,31,55,11669,5767,5902,6991,4067,2924,1260466,626707130000000,8500,5300,0
27,12,15,3078,1204,1874,1560,520,1040,1260049,626596070000000,2600,1200,0
77,31,46,10023,5435,4588,5807,3723,2084,1259632.1,626293340000000,7600,4700,0
81,31,50,10715,5719,4996,6307,4019,2288,1259022.6,625990880000000,8000,5200,0
24,11,13,4125,2371,1754,2787,1747,1040,1258616.6,625890150000000,2300,1100,0
23,11,12,4131,2367,1764,2855,1747,1108,1258413.6,625789490000000,2100,1200,200
26,12,14,3324,1352,1972,1592,552,1040,1258200.6,625678690000000,2500,1200,0
84,30,54,11099,5707,5392,6535,4067,2468,1257795.2,625386970000000,8300,5200,0
26,12,14,3292,1320,1972,1560,520,1040,1257390,625276370000000,2500,1200,0
36,16,20,5509,3141,2368,3519,2251,1268,1257126.6,625125580000000,3500,2100,0
26,12,14,3308,1336,1972,1576,536,1040,1256863.5,625015050000000,2500,1200,0
26,12,14,3292,1320,1972,1560,520,1040,1256640.8,624904590000000,2500,1200,0
26,12,14,3292,1320,1972,1560,520,1040,1256418.1,624794190000000,2500,1200,0
29,13,16,4257,2017,2240,2327,1151,1176,1256185.5,624673730000000,2800,1400,0
95,41,54,12015,6623,5392,6791,4323,2468,1255661,624272690000000,9400,5200,0
87,32,55,11597,6083,5514,6859,4323,2536,1254945.2,623962180000000,8600,5300,0
23,11,12,3541,1701,1840,2007,967,1040,1254531.8,623862120000000,2200,1000,0
26,12,14,3292,1320,1972,1560,520,1040,1254320,623752060000000,2500,1200,0
14,7,7,2925,1619,1306,2135,1215,920,1254148.6,623692000000000,1300,500,0
26,12,14,3292,1320,1972,1560,520,1040,1253977.2,623582010000000,2500,1200,0
22,10,12,2896,1104,1792,1440,436,1004,1253775.8,623492010000000,2000,1000,200
96,42,54,12075,6683,5392,6791,4323,2468,1253272.8,623082520000000,9500,5300,0
26,12,14,3292,1320,1972,1560,520,1040,1252750,622972730000000,2500,1200,0
26,13,13,4245,2491,1754,2787,1747,1040,1252518.8,622853000000000,2300,1100,300
33,15,18,4086,1646,2440,1876,640,1236,1252257.5,622713350000000,3100,1700,0
86,32,54,11219,5827,5392,6535,4067,2468,1251805.8,622404450000000,8500,5200,0
26,12,14,3292,1320,1972,1560,520,1040,1251384.2,622294860000000,2500,1200,0
85,31,54,11159,5767,5392,6535,4067,2468,1250973.1,621996290000000,8400,5200,0
23,11,12,3541,1701,1840,2007,967,1040,1250572.4,621896840000000,2200,1000,0
87,32,55,11721,6275,5446,6983,4515,2468,1250161.8,621588740000000,8600,5200,0
26,12,14,3891,1851,2040,2159,1051,1108,1249741.4,621479490000000,2500,1200,0
24,11,13,4117,2367,1750,2787,1747,1040,1249531.2,621380160000000,2300,1100,0
26,12,14,3292,1320,1972,1560,520,1040,1249321.2,621270980000000,2500,1200,0
26,12,14,3308,1336,1972,1576,536,1040,1249101.2,621161860000000,2500,1200,0
29,16,13,4547,2761,1786,2923,1847,1076,1248842.4,621013080000000,2800,1400,0
25,11,14,4191,2371,1820,2787,1747,1040,1248593.8,620913890000000,2400,1100,0
93,33,60,12051,6107,5944,6971,4299,2672,1248174.5,620596870000000,9200,5700,0
26,12,14,3292,1320,1972,1560,520,1040,1247745.6,620487950000000,2500,1200,0
22,10,12,2896,1104,1792,1440,436,1004,1247546.1,620398830000000,2000,1000,200
21,9,12,2830,1038,1792,1440,436,1004,1247376.6,620319710000000,1900,1000,200
22,10,12,2896,1104,1792,1440,436,1004,1247207.1,620230660000000,2000,1000,200
97,41,56,12003,6367,5636,6671,4067,2604,1246719.2,619835250000000,9600,5400,0
26,12,14,3292,1320,1972,1560,520,1040,1246211.9,619726600000000,2500,1200,0
91,34,57,12015,6313,5702,7043,4439,2604,1245774.4,619400920000000,9000,5500,0
24,11,13,4181,2431,1750,2851,1811,1040,1245347.1,619302270000000,2300,1100,0
86,31,55,11329,5831,5498,6651,4131,2520,1244949.9,619006590000000,8500,5300,0
26,12,14,3292,1320,1972,1560,520,1040,1244543,618898210000000,2500,1200,0
18,12,6,1068,720,348,0,0,0,1256599.4,642625690000000,600,0,600
26,12,14,3292,1320,1972,1560,520,1040,1268651.4,642513280000000,2500,1200,0
15,10,5,890,600,290,0,0,0,1275795.4,647073400000000,500,0,500
26,12,14,3292,1320,1972,1560,520,1040,1282937.1,646960250000000,2500,1200,0
27,12,15,4911,2525,2386,3411,1847,1564,1282712.2,646847110000000,2600,1400,0
27,12,15,3822,1320,2502,2024,520,1504,1282487.5,646733960000000,2600,1300,0
26,12,14,3292,1320,1972,1560,520,1040,1282262.8,646620880000000,2500,1200,0
89,31,58,12019,5767,6252,7179,4067,3112,1281844.4,646312720000000,8800,5600,0
88,32,56,11523,6011,5512,6719,4251,2468,1281222.5,645994620000000,8700,5200,0
22,10,12,2896,1104,1792,1440,436,1004,1280815,645902280000000,2000,1000,200
24,11,13,4117,2367,1750,2787,1747,1040,1280621.4,645799740000000,2300,1100,0
26,12,14,3308,1336,1972,1576,536,1040,1280407.5,645687000000000,2500,1200,0
103,46,57,12877,6731,6146,7191,4131,3060,1279838.2,645226230000000,10200,5500,0
23,11,12,3541,1701,1840,2007,967,1040,1279279.8,645123880000000,2200,1000,0
23,11,12,3541,1701,1840,2007,967,1040,1279076.5,645021610000000,2200,1000,0
36,16,20,5461,3105,2356,3483,2215,1268,1278822.4,644868270000000,3500,2100,0
38,16,22,5705,3105,2600,3619,2215,1404,1278517.8,644714990000000,3700,2300,0
26,12,14,3292,1320,1972,1560,520,1040,1278253.9,644602580000000,2500,1200,0
3,2,1,178,120,58,0,0,0,1278132.1,644592380000000,100,0,100
33,14,19,5191,2877,2314,3375,2095,1280,1277990.1,644459640000000,3200,1800,0
116,46,70,14262,5486,8776,6470,2334,4136,1277402.4,644000620000000,11500,6800,0
26,12,14,3292,1320,1972,1560,520,1040,1276835.5,643888480000000,2500,1200,0
26,12,14,3356,1384,1972,1624,584,1040,1276612.8,643776410000000,2500,1200,0
88,33,55,11333,5887,5446,6535,4067,2468,1276177.8,643450590000000,8700,5300,0
32,16,16,4366,2138,2228,2596,1244,1352,1275702.6,643297990000000,3100,2100,0
24,11,13,4125,2371,1754,2787,1747,1040,1275449.9,643196250000000,2300,1100,0
26,12,14,3292,1320,1972,1560,520,1040,1275237.8,643084450000000,2500,1200,0
86,31,55,11281,5767,5514,6603,4067,2536,1274823.9,642779640000000,8500,5300,0
86,30,56,11343,5707,5636,6671,4067,2604,1274228.9,642485230000000,8500,5400,0
54,22,32,7651,4127,3524,4695,2907,1788,1273725,642272230000000,5300,3200,100
85,31,54,11223,5831,5392,6599,4131,2468,1273211.5,641968220000000,8400,5200,0
89,32,57,11943,6241,5702,7091,4487,2604,1272597.9,641654290000000,8800,5500,0
26,12,14,3292,1320,1972,1560,520,1040,1272175.8,641543020000000,2500,1200,0
36,15,21,5679,3157,2522,3707,2327,1380,1271924.5,641401420000000,3500,2100,100
26,12,14,3292,1320,1972,1560,520,1040,1271673.4,641290220000000,2500,1200,0
37,17,20,5521,3165,2356,3483,2215,1268,1271402.2,641128490000000,3600,2200,0
23,11,12,3541,1701,1840,2007,967,1040,1271141.2,641027490000000,2200,1000,0
32,14,18,5169,2877,2292,3407,2095,1312,1270910.4,640896230000000,3000,1800,200
26,12,14,3292,1320,1972,1560,520,1040,1270669.8,640785160000000,2500,1200,0
24,10,14,3524,1104,2420,1936,436,1500,1270469.1,640694360000000,2200,1200,200
26,12,14,3308,1336,1972,1576,536,1040,1270268.6,640583370000000,2500,1200,0
85,31,54,11223,5831,5392,6599,4131,2468,1269858,640280970000000,8400,5200,0
87,33,54,11359,5967,5392,6615,4147,2468,1269237.6,639958650000000,8600,5300,0
23,11,12,3541,1701,1840,2007,967,1040,1268817.6,639857990000000,2200,1000,0
26,12,14,3308,1336,1972,1576,536,1040,1268607.6,639747320000000,2500,1200,0
42,17,25,6755,3481,3274,4435,2531,1904,1268337.9,639586400000000,4100,2600,0
26,12,14,3012,1204,1808,1560,520,1040,1268068.2,639475800000000,2500,1200,0
85,31,54,11223,5831,5392,6599,4131,2468,1267659,639174420000000,8400,5200,0
26,12,14,3308,1336,1972,1576,536,1040,1267250,639064020000000,2500,1200,0
26,12,14,3292,1320,1972,1560,520,1040,1267030.5,638953560000000,2500,1200,0
93,37,56,12051,6127,5924,6959,4067,2892,1266562.4,638592510000000,9200,5400,0
89,33,56,11455,5887,5568,6603,4067,2536,1265885.8,638271940000000,8800,5400,0
26,12,14,3292,1320,1972,1560,520,1040,1265458,638161810000000,2500,1200,0
91,37,54,11583,6191,5392,6599,4131,2468,1264990.9,637801640000000,9000,5200,0
24,11,13,4117,2367,1750,2787,1747,1040,1264534,637701640000000,2300,1100,0
76,36,40,9763,5535,4228,5559,3499,2060,1264088.1,637352010000000,7500,4100,100
29,13,16,4241,2001,2240,2311,1135,1176,1263622.6,637232220000000,2800,1400,0
26,12,14,3292,1320,1972,1560,520,1040,1263394.5,637122430000000,2500,1200,0
26,12,14,3891,1851,2040,2159,1051,1108,1263176.4,637012710000000,2500,1200,0
36,16,20,5461,3105,2356,3483,2215,1268,1262918.8,636863120000000,3500,2100,0
24,11,13,4117,2367,1750,2787,1747,1040,1262671.1,636763460000000,2300,1100,0
26,12,14,3308,1336,1972,1576,536,1040,1262463.1,636653870000000,2500,1200,0
90,34,56,11701,6121,5580,6783,4247,2536,1262027.9,636325240000000,8900,5400,0
23,11,12,3541,1701,1840,2007,967,1040,1261602.8,636225720000000,2200,1000,0
8,4,4,592,296,296,0,0,0,1261474.2,636195860000000,400,0,0
37,16,21,5803,3281,2522,3771,2391,1380,1261296.5,636046670000000,3600,2100,100
20,8,12,1444,552,892,284,92,192,1261080.4,635977080000000,1800,1000,100
26,12,14,3292,1320,1972,1560,520,1040,1260903.6,635867760000000,2500,1200,0
121,44,77,15129,7611,7518,8555,5203,3352,1260370.6,635440680000000,12000,7800,100
22,10,12,2896,1104,1792,1440,436,1004,1259857.9,635351360000000,2000,1000,200
14,7,7,2925,1619,1306,2135,1215,920,1259710,635291830000000,1300,500,0
22,10,12,2896,1104,1792,1440,436,1004,1259562.1,635202580000000,2000,1000,200
26,12,14,3028,1220,1808,1576,536,1040,1259365,635093530000000,2500,1200,0
8,3,5,568,206,362,0,0,0,1259237.1,635073660000000,700,0,0
98,43,55,12189,6743,5446,6791,4323,2468,1258805.1,634657590000000,9700,5300,0
24,11,13,4117,2367,1750,2787,1747,1040,1258294.4,634558600000000,2300,1100,0
22,10,12,2896,1104,1792,1440,436,1004,1258107.5,634469550000000,2000,1000,200
23,11,12,3541,1701,1840,2007,967,1040,1257920.6,634370630000000,2200,1000,0
29,13,16,4257,2017,2240,2327,1151,1176,1257704.5,634251910000000,2800,1400,0
23,11,12,3541,1701,1840,2007,967,1040,1257488.4,634153060000000,2200,1000,0
5,2,3,294,120,174,0,0,0,1257380.4,634143200000000,300,0,100
26,12,14,3292,1320,1972,1560,520,1040,1257262.6,634034480000000,2500,1200,0
26,12,14,3324,1352,1972,1592,552,1040,1257046.6,633925760000000,2500,1200,0
85,31,54,11175,5783,5392,6551,4083,2468,1256644.5,633629610000000,8400,5200,0
96,33,63,13941,7227,6714,8675,5419,3256,1256037.1,633314000000000,9500,6000,0
93,39,54,11703,6311,5392,6599,4131,2468,1255352.2,632939530000000,9200,5300,0
26,12,14,3292,1320,1972,1560,520,1040,1254873,632831290000000,2500,1200,0
22,10,12,2896,1104,1792,1440,436,1004,1254677.4,632742700000000,2000,1000,200
26,12,14,3292,1320,1972,1560,520,1040,1254481.9,632634460000000,2500,1200,0
127,58,69,14144,6470,7674,5686,2634,3052,1253817.8,632074230000000,12600,6900,0
89,31,58,10788,4400,6388,4882,2346,2536,1252969.9,631779760000000,8800,5400,0
26,12,14,3292,1320,1972,1560,520,1040,1252570.9,631671850000000,2500,1200,0
85,31,54,11175,5783,5392,6551,4083,2468,1252171.6,631377780000000,8400,5200,0
26,12,14,3308,1336,1972,1576,536,1040,1251772.5,631270000000000,2500,1200,0
23,10,13,2970,1104,1866,1440,436,1004,1251577.9,631181820000000,2100,1000,200
46,20,26,6673,3677,2996,4143,2559,1584,1251305.6,630995860000000,4500,2600,100
24,11,13,4117,2367,1750,2787,1747,1040,1251023.8,630898010000000,2300,1100,0
24,11,13,4125,2371,1754,2787,1747,1040,1250829.2,630800170000000,2300,1100,0
26,12,14,3292,1320,1972,1560,520,1040,1250625.2,630692590000000,2500,1200,0
25,11,14,4625,2661,1964,3223,2047,1176,1250421.2,630594880000000,2400,1400,100
88,33,55,11349,5903,5446,6551,4083,2468,1250013.8,630282220000000,8700,5300,0
26,12,14,3292,1320,1972,1560,520,1040,1249596.6,630174850000000,2500,1200,0
3,2,1,178,120,58,0,0,0,1249480.2,630165120000000,100,0,100
26,12,14,3012,1204,1808,1560,520,1040,1249363.9,630057740000000,2500,1200,0
6,1,5,350,60,290,0,0,0,1249257.2,630057740000000,500,0,0
89,35,54,11527,6135,5392,6663,4195,2468,1248927.9,629726160000000,8800,5200,0
25,12,13,4249,2495,1754,2851,1811,1040,1248492.2,629618990000000,2400,1100,0
85,31,54,11159,5767,5392,6535,4067,2468,1248095.6,629326790000000,8400,5200,0
25,12,13,4185,2431,1754,2787,1747,1040,1247699.1,629219690000000,2400,1200,0
88,32,56,11459,5891,5568,6667,4131,2536,1247293.4,628918170000000,8700,5300,0
65,25,40,9039,4811,4228,5495,3435,2060,1246762.4,628684900000000,6300,4000,200
17,8,9,3449,1983,1466,2503,1531,972,1246463.2,628616920000000,1600,800,100
23,11,12,2956,1164,1792,1440,436,1004,1246299.2,628519810000000,2000,1000,300
27,12,15,3390,1320,2070,1592,520,1072,1246096.6,628413040000000,2600,1300,0
60,23,37,8575,4645,3930,5307,3383,1924,1245778.5,628199570000000,5900,3700,100
71,27,44,8416,3536,4880,3706,1746,1960,1245316.4,627947440000000,7000,4000,0
6,1,5,372,62,310,0,0,0,1245066.2,627947440000000,500,0,0
26,12,14,3292,1320,1972,1560,520,1040,1244960.4,627840870000000,2500,1200,0
22,10,12,2896,1104,1792,1440,436,1004,1244767.9,627753700000000,2000,1000,200
26,12,14,3292,1320,1972,1560,520,1040,1244575.4,627647130000000,2500,1200,0
26,12,14,3308,1336,1972,1576,536,1040,1244363.6,627540620000000,2500,1200,0
29,12,17,4703,2553,2150,3091,1879,1212,1244152.1,627434190000000,2800,1500,0
91,37,54,11775,6383,5392,6791,4323,2468,1243700.8,627086030000000,9000,5200,0
23,10,13,3386,1104,2282,1864,436,1428,1243268.9,626999060000000,2100,1100,200
43,17,26,10355,5343,5012,7963,4399,3564,1243029.6,626844500000000,4200,2700,0
22,10,12,2896,1104,1792,1440,436,1004,1242790.6,626757530000000,2000,1000,200
26,12,14,3012,1204,1808,1560,520,1040,1242598.8,626651360000000,2500,1200,0
26,12,14,3292,1320,1972,1560,520,1040,1242387.8,626545200000000,2500,1200,0
89,33,56,11647,6079,5568,6795,4259,2536,1241975.8,626236560000000,8800,5400,0
27,12,15,3358,1320,2038,1560,520,1040,1241564,626130600000000,2600,1200,0
55,22,33,7815,4237,3578,4811,3023,1788,1241257.8,625928270000000,5300,3300,200
26,12,14,3292,1320,1972,1560,520,1040,1240951.6,625822370000000,2500,1200,0
41,15,26,6453,3341,3112,4199,2511,1688,1240712.8,625687610000000,4000,2600,100
15,8,7,2741,1351,1390,1735,815,920,1240512,625620300000000,1400,500,0
85,31,54,11367,5975,5392,6743,4275,2468,1240158.6,625331800000000,8400,5200,0
26,12,14,3292,1320,1972,1560,520,1040,1239767.2,625226110000000,2500,1200,0
48,21,27,6681,3519,3162,4015,2327,1688,1239471.5,625033970000000,4600,2700,100
26,12,14,3308,1336,1972,1576,536,1040,1239175.9,624928340000000,2500,1200,0
26,12,14,3308,1336,1972,1576,536,1040,1238966,624822780000000,2500,1200,0
23,11,12,3541,1701,1840,2007,967,1040,1238765.8,624726820000000,2200,1000,0
96,38,58,12133,6425,5708,6851,4315,2536,1238318.1,624372080000000,9400,5600,0
26,12,14,3292,1320,1972,1560,520,1040,1237861.4,624266720000000,2500,1200,0
103,36,67,14207,6741,7466,8539,4751,3788,1237424.8,623931640000000,10100,6300,0
24,11,13,3607,1701,1906,2007,967,1040,1236997.9,623835950000000,2300,1100,0
26,12,14,3292,1320,1972,1560,520,1040,1236798.4,623730720000000,2500,1200,0
26,12,14,3308,1336,1972,1576,536,1040,1236589.2,623625560000000,2500,1200,0
85,31,54,11159,5767,5392,6535,4067,2468,1236200.1,623338940000000,8400,5200,0
3,2,1,184,122,62,0,0,0,1235906.1,623329410000000,100,0,100
3,2,1,184,122,62,0,0,0,1235887.1,623319810000000,100,0,100
32,16,16,4366,2138,2228,2596,1244,1352,1235735.2,623176600000000,3100,2100,0
28,13,15,4152,1310,2842,2276,456,1820,1235479.2,623062110000000,2500,1300,200
27,12,15,3358,1320,2038,1560,520,1040,1235261.2,622957160000000,2600,1200,0
39,16,23,6089,3391,2698,3955,2507,1448,1235015,622814080000000,3800,2300,100
110,47,63,13389,7011,6378,7307,4363,2944,1234438,622375790000000,10900,6100,0
92,33,59,11949,6003,5946,6923,4183,2740,1233701,622071320000000,9100,5700,0
88,33,55,11333,5887,5446,6535,4067,2468,1233096.6,621767050000000,8700,5300,0
87,33,54,11535,6143,5392,6791,4323,2468,1232492.9,621463180000000,8600,5200,0
99,37,62,13179,6603,6576,7751,4555,3196,1231852,621121590000000,9800,5900,0
6,1,5,350,60,290,0,0,0,1231513,621121590000000,500,0,0
26,12,14,3308,1336,1972,1576,536,1040,1231409.4,621017310000000,2500,1200,0
26,12,14,3012,1204,1808,1560,520,1040,1231202.2,620913020000000,2500,1200,0
57,20,37,8768,3646,5122,5578,2526,3052,1230920.6,620733030000000,5500,3400,0
89,31,58,12855,6575,6280,8003,4875,3128,1230460.8,620449030000000,8800,5600,0
26,12,14,3292,1320,1972,1560,520,1040,1230075.6,620344940000000,2500,1200,0
22,10,12,2896,1104,1792,1440,436,1004,1229887.6,620259850000000,2000,1000,200
42,17,25,5078,2056,3022,2274,926,1348,1229653.1,620108590000000,4100,2200,0
24,11,13,4185,2367,1818,2855,1747,1108,1229409.2,620014100000000,2300,1200,0
24,11,13,4117,2367,1750,2787,1747,1040,1229221.5,619919610000000,2300,1100,0
15,8,7,2985,1679,1306,2135,1215,920,1229062,619853510000000,1400,600,0
3,2,1,184,122,62,0,0,0,1228987,619844040000000,100,0,100
24,11,13,4125,2371,1754,2787,1747,1040,1228883.8,619749620000000,2300,1100,0
80,30,50,10705,5597,5108,6351,3951,2400,1228518.2,619475950000000,7800,5100,200
26,12,14,3324,1352,1972,1592,552,1040,1228143.5,619372200000000,2500,1200,0
26,12,14,3292,1320,1972,1560,520,1040,1227937.4,619268520000000,2500,1200,0
92,33,59,12059,6177,5882,7027,4355,2672,1227535,618967000000000,9000,5500,0
87,32,55,11395,5937,5458,6651,4183,2468,1226946,618675210000000,8600,5300,0
23,11,12,3541,1701,1840,2007,967,1040,1226562.9,618581190000000,2200,1000,0
26,12,14,3012,1204,1808,1560,520,1040,1226366.6,618477710000000,2500,1200,0
26,12,14,3308,1336,1972,1576,536,1040,1226161.1,618374360000000,2500,1200,0
85,31,54,11159,5767,5392,6535,4067,2468,1225778.5,618092500000000,8400,5200,0
85,31,54,11175,5783,5392,6551,4083,2468,1225219.1,617810910000000,8400,5200,0
21,9,12,2830,1038,1792,1440,436,1004,1224865.1,617735890000000,1900,1000,200
26,12,14,3292,1320,1972,1560,520,1040,1224688,617632670000000,2500,1200,0
103,49,54,12239,6847,5392,6535,4067,2468,1224138.9,617182980000000,10200,5200,0
24,11,13,4193,2371,1822,2855,1747,1108,1223599.5,617089360000000,2300,1200,0
23,11,12,3541,1701,1840,2007,967,1040,1223413.6,616995740000000,2200,1000,0
26,12,14,3494,1222,2272,2024,520,1504,1223218.4,616892860000000,2500,1200,0
85,31,54,11175,5783,5392,6551,4083,2468,1222837.6,616612350000000,8400,5200,0
85,31,54,11367,5975,5392,6743,4275,2468,1222280.9,616332100000000,8400,5200,0
22,10,12,2896,1104,1792,1440,436,1004,1221919.2,616248080000000,2000,1000,200
10,6,4,1148,420,728,478,22,456,1221789.4,616201440000000,800,300,100
26,12,14,3292,1320,1972,1560,520,1040,1221641,616098760000000,2500,1200,0
30,14,16,3836,1572,2264,1840,640,1200,1221418.6,615977500000000,2900,1600,0
27,12,15,3358,1320,2038,1560,520,1040,1221196.2,615874960000000,2600,1200,0
26,12,14,3292,1320,1972,1560,520,1040,1220992.5,615772410000000,2500,1200,0
102,35,67,13345,6591,6754,7755,4675,3080,1220576.2,615455660000000,10100,6500,0
85,31,54,11159,5767,5392,6535,4067,2468,1219984.8,615176490000000,8400,5200,0
24,11,13,4117,2367,1750,2787,1747,1040,1219615.2,615083470000000,2300,1100,0
26,12,14,3292,1320,1972,1560,520,1040,1219421.2,614981200000000,2500,1200,0
26,12,14,3028,1220,1808,1576,536,1040,1219218.1,614878990000000,2500,1200,0
26,12,14,3292,1320,1972,1560,520,1040,1219015,614776790000000,2500,1200,0
24,11,13,4125,2371,1754,2787,1747,1040,1218821.2,614683910000000,2300,1200,0
24,11,13,4125,2371,1754,2787,1747,1040,1218636.8,614591030000000,2300,1100,0
24,11,13,4117,2367,1750,2787,1747,1040,1218452.2,614498220000000,2300,1100,0
96,42,54,12075,6683,5392,6791,4323,2468,1217982.2,614117910000000,9500,5200,0
26,12,14,3292,1320,1972,1560,520,1040,1217503.5,614015970000000,2500,1200,0
27,14,13,3699,1757,1942,1901,825,1076,1217282.5,613895510000000,2600,1300,0
24,11,13,4185,2367,1818,2855,1747,1108,1217070.9,613802900000000,2300,1200,0
26,12,14,3292,1320,1972,1560,520,1040,1216877.8,613701030000000,2500,1200,0
26,12,14,4257,2437,1820,2787,1747,1040,1216675.4,613599230000000,2400,1100,0
91,32,59,11883,5937,5946,6923,4183,2740,1216289.6,613312470000000,9000,5700,0
26,12,14,3292,1320,1972,1560,520,1040,1215904,613210800000000,2500,1200,0
26,12,14,3292,1320,1972,1560,520,1040,1215702,613109130000000,2500,1200,0
47,23,24,6567,3747,2820,3959,2443,1516,1215399.6,612905930000000,4600,2400,100
26,12,14,3012,1204,1808,1560,520,1040,1215097.5,612804390000000,2500,1200,0
26,12,14,3292,1320,1972,1560,520,1040,1214895.8,612702850000000,2500,1200,0
23,11,12,3541,1701,1840,2007,967,1040,1214703.2,612610580000000,2200,1000,0
26,12,14,3292,1320,1972,1560,520,1040,1214510.8,612509110000000,2500,1200,0
24,11,13,4117,2367,1750,2787,1747,1040,1214318.4,612416900000000,2300,1100,0
94,40,54,11763,6371,5392,6599,4131,2468,1213869.9,612057600000000,9300,5200,0
26,12,14,3292,1320,1972,1560,520,1040,1213412.6,611956340000000,2500,1200,0
27,12,15,3358,1320,2038,1560,520,1040,1213211.4,611855140000000,2600,1200,0
22,11,11,4073,2431,1642,2851,1811,1040,1213019.4,611763130000000,2000,1100,200
26,12,14,3292,1320,1972,1560,520,1040,1212827.5,611661930000000,2500,1200,0
24,11,13,3607,1701,1906,2007,967,1040,1212635.6,611569990000000,2300,1100,0
26,12,14,3292,1320,1972,1560,520,1040,1212443.9,611468860000000,2500,1200,0
24,11,13,4125,2371,1754,2787,1747,1040,1212252.1,611376980000000,2300,1100,0
24,11,13,4193,2371,1822,2855,1747,1108,1212069.6,611285110000000,2300,1200,0
26,12,14,3292,1320,1972,1560,520,1040,1211878,611184110000000,2500,1200,0
24,11,13,4117,2367,1750,2787,1747,1040,1211686.5,611092310000000,2300,1100,0
26,12,14,3292,1320,1972,1560,520,1040,1211495,610991380000000,2500,1200,0
87,33,54,11279,5887,5392,6535,4067,2468,1211103.2,610697840000000,8600,5300,0
85,31,54,11303,5911,5392,6679,4211,2468,1210539,610422970000000,8400,5200,0
24,11,13,4125,2371,1754,2787,1747,1040,1210175.2,610331430000000,2300,1100,0
24,11,13,4125,2371,1754,2787,1747,1040,1209993.4,610239890000000,2300,1100,0
109,44,65,14489,7255,7234,8467,4799,3668,1209511.9,609846500000000,10800,6300,0
109,50,59,13933,7979,5954,7871,5131,2740,1208677.5,609398880000000,10700,5600,0
24,11,13,4961,3195,1766,3611,2571,1040,1208143.1,609307620000000,2300,1100,0
11,6,5,658,364,294,0,0,0,1208007.1,609262050000000,900,0,0
89,34,55,11409,5963,5446,6551,4083,2468,1207663,608961070000000,8800,5300,0
26,12,14,3292,1320,1972,1560,520,1040,1207264.6,608860810000000,2500,1200,0
26,12,14,3292,1320,1972,1560,520,1040,1207065.5,608760610000000,2500,1200,0
22,10,12,2896,1104,1792,1440,436,1004,1206884.5,608678670000000,2000,1000,200
23,11,12,3541,1701,1840,2007,967,1040,1206712.6,608587600000000,2200,1000,0
26,12,14,3292,1320,1972,1560,520,1040,1206522.6,608487480000000,2500,1200,0
36,16,20,5461,3105,2356,3483,2215,1268,1206287.6,608350980000000,3500,2100,0
96,35,61,12543,6465,6078,7283,4543,2740,1205845.1,608041880000000,9500,5900,0
26,12,14,3012,1204,1808,1560,520,1040,1205439,607941880000000,2500,1200,0
26,12,14,3308,1336,1972,1576,536,1040,1205240.5,607842030000000,2500,1200,0
26,12,14,3292,1320,1972,1560,520,1040,1205042,607742100000000,2500,1200,0
26,12,14,3292,1320,1972,1560,520,1040,1204843.6,607642240000000,2500,1200,0
22,10,12,2896,1104,1792,1440,436,1004,1204663.2,607560570000000,2000,1000,200
94,35,59,12299,6465,5834,7147,4543,2604,1204275.9,607252270000000,9300,5700,0
85,31,54,11287,5895,5392,6663,4195,2468,1203700,606980480000000,8400,5200,0
89,34,55,11409,5963,5446,6551,4083,2468,1203133.6,606681780000000,8800,5300,0
22,10,12,2896,1104,1792,1440,436,1004,1202756.2,606600380000000,2000,1000,200
26,12,14,3292,1320,1972,1560,520,1040,1202576.6,606500920000000,2500,1200,0
63,23,40,8941,4645,4296,5511,3383,2128,1202280.4,606302080000000,6200,4000,100
89,32,57,11639,5937,5702,6787,4183,2604,1201805,606022100000000,8800,5500,0
23,11,12,3541,1701,1840,2007,967,1040,1201437.5,605931840000000,2200,1000,0
3,2,1,178,120,58,0,0,0,1201338.9,605922780000000,100,0,100
23,11,12,3557,1717,1840,2023,983,1040,1201240.2,605832580000000,2200,1000,0
85,31,54,11415,6023,5392,6791,4323,2468,1200882,605562000000000,8400,5300,0
28,13,15,3452,1402,2050,1576,536,1040,1200506.1,605453890000000,2700,1300,0
24,11,13,4125,2371,1754,2787,1747,1040,1200309.1,605363830000000,2300,1100,0
85,31,54,11159,5767,5392,6535,4067,2468,1199951.5,605093720000000,8400,5200,0
86,32,54,11283,5891,5392,6599,4131,2468,1199406.5,604814810000000,8500,5200,0
36,16,20,5461,3105,2356,3483,2215,1268,1198995.8,604679990000000,3500,2100,0
25,11,14,4643,2371,2272,3251,1747,1504,1198772.6,604590130000000,2400,1200,0
27,12,15,3358,1320,2038,1560,520,1040,1198585.1,604491350000000,2600,1200,0
85,31,54,11239,5847,5392,6615,4147,2468,1198219.6,604221970000000,8400,5200,0
26,12,14,3292,1320,1972,1560,520,1040,1197854.2,604123320000000,2500,1200,0
22,10,12,2896,1104,1792,1440,436,1004,1197676,604042590000000,2000,1000,200
26,12,14,3292,1320,1972,1560,520,1040,1197497.8,603943940000000,2500,1200,0
68,25,43,8114,3356,4758,3590,1698,1892,1197186.2,603728860000000,6700,3900,0
26,12,14,3292,1320,1972,1560,520,1040,1196874.9,603630340000000,2500,1200,0
91,33,58,11885,6061,5824,6919,4247,2672,1196492.6,603343850000000,9000,5600,0
85,31,54,11159,5767,5392,6535,4067,2468,1195942,603075550000000,8400,5200,0
86,41,45,11361,6627,4734,6559,4295,2264,1195321.1,602718200000000,8400,4400,100
26,12,14,3292,1320,1972,1560,520,1040,1194869.2,602619950000000,2500,1200,0
29,14,15,3396,1394,2002,1440,452,988,1194656.5,602503920000000,2400,1100,300
24,11,13,4117,2367,1750,2787,1747,1040,1194452.8,602414730000000,2300,1100,0
24,11,13,4295,2477,1818,2971,1863,1108,1194275.5,602325540000000,2300,1300,100
26,12,14,3292,1320,1972,1560,520,1040,1194089.5,602227500000000,2500,1200,0
23,11,12,3541,1701,1840,2007,967,1040,1193903.5,602138310000000,2200,1000,0
85,31,54,11287,5895,5392,6663,4195,2468,1193549.6,601871080000000,8400,5200,0
87,32,55,11523,6065,5458,6779,4311,2468,1193010.5,601595200000000,8600,5300,0
97,39,58,12127,6247,5880,6807,4067,2740,1192401.2,601257370000000,9600,5600,0
26,12,14,3308,1336,1972,1576,536,1040,1191968.9,601159590000000,2500,1200,0
86,31,55,11537,6023,5514,6859,4323,2536,1191607.4,600893240000000,8500,5300,0
26,12,14,3292,1320,1972,1560,520,1040,1191246,600795660000000,2500,1200,0
95,40,55,11875,6417,5458,6651,4183,2468,1190805.8,600449850000000,9400,5300,0
26,12,14,3292,1320,1972,1560,520,1040,1190365.9,600352340000000,2500,1200,0
26,12,14,3292,1320,1972,1560,520,1040,1190172.2,600254900000000,2500,1200,0
26,12,14,3292,1320,1972,1560,520,1040,1189978.6,600157520000000,2500,1200,0
102,48,54,12307,6915,5392,6663,4195,2468,1189469,599741720000000,10100,5300,0
24,11,13,4117,2367,1750,2787,1747,1040,1188968.6,599653270000000,2300,1100,0
26,12,14,3292,1320,1972,1560,520,1040,1188784.2,599556090000000,2500,1200,0
88,32,56,11463,5827,5636,6671,4067,2604,1188415.9,599282290000000,8700,5500,0
85,31,54,11287,5895,5392,6663,4195,2468,1187881.2,599017610000000,8400,5200,0
26,12,14,3308,1336,1972,1576,536,1040,1187522.2,598920570000000,2500,1200,0
26,12,14,3308,1336,1972,1576,536,1040,1187329.5,598823600000000,2500,1200,0
86,31,55,11281,5767,5514,6603,4067,2536,1186970.8,598559330000000,8500,5300,0
12,6,6,1324,432,892,510,22,488,1186665,598515300000000,1000,400,100
26,12,14,3292,1320,1972,1560,520,1040,1186525.2,598418460000000,2500,1200,0
26,12,14,3292,1320,1972,1560,520,1040,1186332.9,598321630000000,2500,1200,0
87,32,55,11347,5833,5514,6603,4067,2536,1185966,598048960000000,8600,5300,0
26,12,14,3891,1851,2040,2159,1051,1108,1185599.4,597952330000000,2500,1200,0
108,43,65,13346,5164,8182,6190,2318,3872,1185137.1,597583430000000,10700,6300,0
6,1,5,350,60,290,0,0,0,1184771.1,597583430000000,500,0,0
26,12,14,3292,1320,1972,1560,520,1040,1184675.2,597486860000000,2500,1200,0
26,12,14,3292,1320,1972,1560,520,1040,1184483.5,597390360000000,2500,1200,0
26,12,14,3292,1320,1972,1560,520,1040,1184291.8,597293920000000,2500,1200,0
24,16,8,1424,960,464,0,0,0,1196804.1,604850250000000,800,0,800
24,11,13,4181,2431,1750,2851,1811,1040,1209320.6,604761530000000,2300,1100,0
27,13,14,3731,1691,2040,1933,825,1108,1209125,604655030000000,2600,1300,0
26,12,14,3292,1320,1972,1560,520,1040,1208920.5,604557450000000,2500,1200,0
31,14,17,5665,3467,2198,3915,2671,1244,1208707.2,604442220000000,2800,1500,200
90,32,58,12625,6017,6608,7719,4263,3456,1208316.9,604167480000000,8900,5600,0
85,31,54,11159,5767,5392,6535,4067,2468,1207776,603901860000000,8400,5200,0
24,11,13,4181,2431,1750,2851,1811,1040,1207421.5,603813410000000,2300,1100,0
26,12,14,3292,1320,1972,1560,520,1040,1207235.4,603716110000000,2500,1200,0
25,12,13,4185,2431,1754,2787,1747,1040,1207040.4,603618800000000,2400,1100,0
5,2,3,294,120,174,0,0,0,1206934.1,603610010000000,300,0,100
26,12,14,3308,1336,1972,1576,536,1040,1206828,603512770000000,2500,1200,0
99,41,58,12269,6389,5880,6823,4083,2740,1206376.8,603159440000000,9800,5600,0
26,12,14,3292,1320,1972,1560,520,1040,1205925.8,603062330000000,2500,1200,0
85,31,54,11287,5895,5392,6663,4195,2468,1205563.5,602797720000000,8400,5200,0
35,18,17,5177,3007,2170,3223,1979,1244,1205149.5,602647870000000,3400,1700,100
25,12,13,4241,2491,1750,2851,1811,1040,1204903.2,602550890000000,2200,1100,300
26,12,14,3292,1320,1972,1560,520,1040,1204709.1,602453990000000,2500,1200,0
26,12,14,3308,1336,1972,1576,536,1040,1204515,602357150000000,2500,1200,0
26,12,14,3891,1851,2040,2159,1051,1108,1204320.9,602260310000000,2500,1200,0
26,12,14,3292,1320,1972,1560,520,1040,1204126.9,602163540000000,2500,1200,0
85,36,49,11059,5913,5146,6363,3895,2468,1203722.2,601855710000000,8400,4900,100
26,12,14,3292,1320,1972,1560,520,1040,1203317.8,601759080000000,2500,1200,0
22,10,12,2896,1104,1792,1440,436,1004,1203141.8,601679960000000,2000,1000,200
24,11,13,4125,2371,1754,2787,1747,1040,1202974.5,601592180000000,2300,1200,0
24,7,17,1794,420,1374,448,0,448,1203252.4,601585330000000,2200,1400,0
88,31,57,12601,6831,5770,7803,5131,2672,1203354.4,601322060000000,8700,5500,0
97,36,61,11940,4674,7266,5498,2266,3232,1202783.4,601015110000000,9600,5900,0
85,31,54,11159,5767,5392,6535,4067,2468,1202212.9,600752310000000,8400,5200,0
105,45,60,13675,7595,6080,7863,5055,2808,1201564,600367240000000,10400,5800,0
94,44,50,11495,6499,4996,6307,4019,2288,1200802.8,599991430000000,9300,5100,0
24,11,13,4125,2371,1754,2787,1747,1040,1200339.8,599904050000000,2300,1100,0
26,12,14,3292,1320,1972,1560,520,1040,1200155.9,599808020000000,2500,1200,0
26,12,14,3292,1320,1972,1560,520,1040,1199963.4,599712050000000,2500,1200,0
91,32,59,12399,6065,6334,7439,4311,3128,1199596.2,599441610000000,9000,5700,0
23,10,13,4065,2311,1754,2787,1747,1040,1199246.8,599363160000000,2200,1100,0
6,4,2,412,272,140,0,0,0,1199142,599337050000000,500,0,0
26,12,14,3292,1320,1972,1560,520,1040,1199019.6,599241150000000,2500,1200,0
3,2,1,184,122,62,0,0,0,1198914.8,599232430000000,100,0,100
28,13,15,3468,1398,2070,1592,520,1072,1198801.2,599127940000000,2700,1300,0
22,10,12,2896,1104,1792,1440,436,1004,1198617.9,599049560000000,2000,1000,200
89,32,57,11895,6193,5702,7043,4439,2604,1198269,598779710000000,8800,5500,0
25,11,14,4417,2477,1940,3039,1863,1176,1197911.6,598692740000000,2400,1400,100
85,31,54,11303,5911,5392,6679,4211,2468,1197563.1,598431950000000,8400,5200,0
23,11,12,3541,1701,1840,2007,967,1040,1197214.8,598345110000000,2200,1000,0
80,36,44,9318,4266,5052,4010,1882,2128,1196823.1,598041180000000,7900,4300,0
26,12,14,3292,1320,1972,1560,520,1040,1196423,597945750000000,2500,1200,0
29,14,15,3926,1464,2462,1984,520,1464,1196214.2,597833010000000,2800,1300,0
26,12,14,3292,1320,1972,1560,520,1040,1196005.5,597737650000000,2500,1200,0
26,12,14,3292,1320,1972,1560,520,1040,1195814.4,597642280000000,2500,1200,0
83,30,53,11253,5835,5418,6731,4195,2536,1195467.1,597391030000000,8200,5300,100
55,21,34,7877,4177,3700,4879,3023,1856,1195042.1,597217950000000,5400,3400,100
23,11,12,3541,1701,1840,2007,967,1040,1194781.9,597131380000000,2200,1000,0
26,12,14,3292,1320,1972,1560,520,1040,1194599.8,597036220000000,2500,1200,0
26,12,14,3292,1320,1972,1560,520,1040,1194409,596941130000000,2500,1200,0
97,37,60,12185,6253,5932,6871,4199,2672,1194001.9,596630010000000,9600,5600,0
26,12,14,3292,1320,1972,1560,520,1040,1193595.1,596535050000000,2500,1200,0
24,11,13,3192,1322,1870,1592,588,1004,1193413.4,596448690000000,2200,1100,200
94,32,62,13177,6081,7096,8055,4327,3728,1193059,596181260000000,9300,6000,0
21,10,11,3393,1619,1774,1991,951,1040,1192713.4,596103610000000,2000,900,0
3,2,1,178,120,58,0,0,0,1192627,596095020000000,100,0,100
23,10,13,2994,1104,1890,1472,436,1036,1192540.5,596017440000000,2100,1100,200
26,12,14,3292,1320,1972,1560,520,1040,1192367.8,595922620000000,2500,1200,0
66,30,36,8847,4971,3876,5207,3283,1924,1192022.5,595672840000000,6500,3600,100
26,12,14,3292,1320,1972,1560,520,1040,1191677.5,595578150000000,2500,1200,0
87,32,55,11395,5937,5458,6651,4183,2468,1191315.4,595311460000000,8600,5300,0
85,31,54,11159,5767,5392,6535,4067,2468,1190789.9,595053630000000,8400,5200,0
82,30,52,11077,5725,5352,6615,4079,2536,1190282.1,594804590000000,8100,5200,100
87,33,54,11423,6031,5392,6679,4211,2468,1189757.5,594529980000000,8600,5300,0
36,16,20,5461,3105,2356,3483,2215,1268,1189353.6,594401390000000,3500,2100,0
24,11,13,3607,1701,1906,2007,967,1040,1189138.8,594315700000000,2300,1100,0
26,12,14,3292,1320,1972,1560,520,1040,1188958.4,594221410000000,2500,1200,0
53,19,34,7685,3837,3848,4783,2791,1992,1188709.6,594067260000000,5200,3400,100
86,31,55,11693,5783,5910,7015,4083,2932,1188298.2,593810430000000,8500,5300,0
26,12,14,3292,1320,1972,1560,520,1040,1187946.6,593716350000000,2500,1200,0
26,12,14,3292,1320,1972,1560,520,1040,1187758,593622260000000,2500,1200,0
26,12,14,3292,1320,1972,1560,520,1040,1187569.5,593528240000000,2500,1200,0
24,11,13,4125,2371,1754,2787,1747,1040,1187389.5,593442810000000,2300,1100,0
36,16,20,5461,3105,2356,3483,2215,1268,1187175.5,593314630000000,3500,2200,0
25,12,13,3570,1248,2322,1904,436,1468,1186952.9,593220680000000,2300,1100,200
93,39,54,11703,6311,5392,6599,4131,2468,1186533.8,592896410000000,9200,5200,0
85,31,54,11447,6055,5392,6823,4355,2468,1185952.6,592640660000000,8400,5200,0
24,11,13,3044,1178,1866,1440,436,1004,1185611,592555430000000,2100,1000,200
99,36,63,12991,6381,6610,7563,4399,3164,1185227.2,592257400000000,9800,6100,0
91,33,58,11753,5997,5756,6787,4183,2604,1184656.2,591985140000000,9000,5500,0
26,12,14,3292,1320,1972,1560,520,1040,1184289.9,591891660000000,2500,1200,0
26,12,14,3308,1336,1972,1576,536,1040,1184102.4,591798180000000,2500,1200,0
26,12,14,3292,1320,1972,1560,520,1040,1183915,591704690000000,2500,1200,0
18,12,6,1068,720,348,0,0,0,1193967.2,599774130000000,600,0,600
27,12,15,3390,1352,2038,1592,552,1040,1204016.2,599679440000000,2600,1200,0
58,23,35,8005,4295,3710,4839,3027,1812,1203730.6,599490190000000,5700,3600,0
26,12,14,3292,1320,1972,1560,520,1040,1203445.2,599395570000000,2500,1200,0
6,4,2,390,242,148,32,0,32,1203324.1,599369800000000,500,100,100
26,12,14,3292,1320,1972,1560,520,1040,1203203,599275240000000,2500,1200,0
22,10,12,2896,1104,1792,1440,436,1004,1203030.1,599197870000000,2000,1000,200
26,12,14,3292,1320,1972,1560,520,1040,1202857.2,599103380000000,2500,1200,0
26,12,14,3292,1320,1972,1560,520,1040,1202667.1,599008890000000,2500,1200,0
29,13,16,4273,2033,2240,2343,1167,1176,1202468.5,598905880000000,2800,1400,0
26,12,14,3300,1320,1980,1560,520,1040,1202269.9,598811450000000,2500,1200,0
26,12,14,3292,1320,1972,1560,520,1040,1202080,598717100000000,2500,1200,0
26,12,14,3292,1320,1972,1560,520,1040,1201890.1,598622740000000,2500,1200,0
22,10,12,2896,1104,1792,1440,436,1004,1201717.6,598545570000000,2000,1000,200
26,13,13,3739,1833,1906,2007,967,1040,1201536.5,598442690000000,2500,1100,0
79,30,49,10787,5789,4998,6475,4143,2332,1201183.1,598194250000000,7700,4900,200
32,18,14,3766,1906,1860,1968,872,1096,1200789.4,598048690000000,3100,1500,0
26,12,14,3292,1320,1972,1560,520,1040,1200550.6,597954540000000,2500,1200,0
26,12,14,3292,1320,1972,1560,520,1040,1200361.2,597860450000000,2500,1200,0
27,12,15,3822,1320,2502,2024,520,1504,1200172,597766370000000,2600,1300,0
26,12,14,3292,1320,1972,1560,520,1040,1199982.8,597672280000000,2500,1200,0
87,32,55,11469,5955,5514,6731,4195,2536,1199621.8,597407400000000,8600,5300,0
28,13,15,4383,2497,1886,2787,1747,1040,1199252.5,597304930000000,2600,1100,0
26,12,14,3292,1320,1972,1560,520,1040,1199055,597210970000000,2500,1200,0
26,12,14,3292,1320,1972,1560,520,1040,1198866.1,597117160000000,2500,1200,0
36,16,20,5559,3107,2452,3575,2211,1364,1198643,596989180000000,3400,2000,200
26,12,14,3292,1320,1972,1560,520,1040,1198419.9,596895360000000,2500,1200,0
90,33,57,11635,5893,5742,6723,4067,2656,1198051.5,596622630000000,8900,5500,0
26,12,14,3292,1320,1972,1560,520,1040,1197683.2,596528950000000,2500,1200,0
26,12,14,3292,1320,1972,1560,520,1040,1197494.9,596435260000000,2500,1200,0
85,31,54,11159,5767,5392,6535,4067,2468,1197143.9,596179980000000,8400,5200,0
26,12,14,3012,1204,1808,1560,520,1040,1196793.2,596086430000000,2500,1200,0
22,10,12,2896,1104,1792,1440,436,1004,1196622.1,596009860000000,2000,1000,200
26,12,14,3292,1320,1972,1560,520,1040,1196451.1,595916380000000,2500,1200,0
23,11,12,3541,1701,1840,2007,967,1040,1196271.5,595831420000000,2200,1000,0
24,11,13,4133,2383,1750,2803,1763,1040,1196100.6,595746460000000,2300,1100,0
22,10,12,2896,1104,1792,1440,436,1004,1195938.2,595670020000000,2000,1000,200
87,33,54,11535,6143,5392,6791,4323,2468,1195588.2,595398430000000,8600,5200,0
22,10,12,2896,1104,1792,1440,436,1004,1195238.5,595322060000000,2000,1000,200
26,12,14,3012,1204,1808,1560,520,1040,1195067.9,595228780000000,2500,1200,0
27,13,14,4421,2549,1872,2923,1815,1108,1194871.6,595127040000000,2600,1400,0
95,34,61,12705,6503,6202,7499,4623,2876,1194488.4,594847470000000,9400,5900,0
22,10,12,2896,1104,1792,1440,436,1004,1194130.8,594771300000000,2000,1000,200
26,12,14,3292,1320,1972,1560,520,1040,1193960.5,594678150000000,2500,1200,0
15,7,8,3459,1627,1832,2591,1215,1376,1193815.8,594627350000000,1300,500,100
26,12,14,3292,1320,1972,1560,520,1040,1193671.1,594534340000000,2500,1200,0
22,10,12,2896,1104,1792,1440,436,1004,1193500.9,594458170000000,2000,1000,200
24,11,13,3044,1178,1866,1440,436,1004,1193339.2,594373610000000,2100,1000,200
26,12,14,3292,1320,1972,1560,520,1040,1193160.6,594280670000000,2500,1200,0
103,41,62,12775,6587,6188,7107,4299,2808,1192727.4,593942770000000,10200,6000,0
36,16,20,5461,3105,2356,3483,2215,1268,1192260.5,593816140000000,3500,2100,0
85,31,54,11303,5911,5392,6679,4211,2468,1191878.8,593563070000000,8400,5200,0
26,12,14,3292,1320,1972,1560,520,1040,1191531.1,593470330000000,2500,1200,0
22,10,12,2896,1104,1792,1440,436,1004,1191361.5,593394490000000,2000,1000,200
26,12,14,3292,1320,1972,1560,520,1040,1191192,593301820000000,2500,1200,0
26,12,14,3292,1320,1972,1560,520,1040,1191005.6,593209140000000,2500,1200,0
26,12,14,3292,1320,1972,1560,520,1040,1190819.2,593116530000000,2500,1200,0
25,12,13,3242,1336,1906,1576,536,1040,1190632.9,593023920000000,2400,1200,0
85,31,54,11287,5895,5392,6663,4195,2468,1190286,592771520000000,8400,5200,0
6,4,2,390,242,148,32,0,32,1190007,592746290000000,500,100,100
3,2,1,184,122,62,0,0,0,1189973.1,592737900000000,100,0,100
25,12,13,3226,1320,1906,1560,520,1040,1189871.6,592645420000000,2400,1200,0
23,11,12,3541,1701,1840,2007,967,1040,1189694.1,592561400000000,2200,1000,0
30,13,17,4987,2817,2170,3339,2095,1244,1189508.1,592460540000000,2900,1700,100
85,31,54,11287,5895,5392,6663,4195,2468,1189153.5,592208680000000,8400,5200,0
29,13,16,3606,1438,2168,1664,572,1092,1188799,592107950000000,2800,1400,0
22,10,12,2896,1104,1792,1440,436,1004,1188621.8,592032450000000,2000,1000,200
24,11,13,4181,2431,1750,2851,1811,1040,1188461.4,591948570000000,2300,1100,0
24,11,13,4125,2371,1754,2787,1747,1040,1188292.8,591864750000000,2300,1100,0
22,10,12,2896,1104,1792,1440,436,1004,1188132.5,591789320000000,2000,1000,200
22,10,12,2896,1104,1792,1440,436,1004,1187980.8,591713890000000,2000,1000,200
85,31,54,11159,5767,5392,6535,4067,2468,1187652.2,591462560000000,8400,5200,0
30,13,17,4987,2817,2170,3339,2095,1244,1187298.8,591362170000000,2900,1700,100
26,12,14,3292,1320,1972,1560,520,1040,1187105.1,591270100000000,2500,1200,0
23,10,13,2970,1104,1866,1440,436,1004,1186936.9,591194800000000,2100,1000,200
22,9,13,2966,980,1986,1504,384,1120,1186793.9,591127890000000,2000,1100,100
23,11,12,3557,1717,1840,2023,983,1040,1186642.5,591044270000000,2200,1000,0
26,12,14,3012,1204,1808,1560,520,1040,1186465.9,590952330000000,2500,1200,0
77,38,39,9633,5527,4106,5363,3371,1992,1186063.2,590643230000000,7600,3900,100
24,11,13,4125,2371,1754,2787,1747,1040,1185669.4,590559750000000,2300,1200,0
85,31,54,11383,5991,5392,6759,4291,2468,1185333.8,590309500000000,8400,5200,0
26,13,13,3739,1833,1906,2007,967,1040,1184981.5,590209440000000,2500,1100,0
87,31,56,12611,6575,6036,7867,4875,2992,1184629.5,589959460000000,8600,5400,0
26,12,14,3308,1336,1972,1576,536,1040,1184286.2,589867790000000,2500,1200,0
26,12,14,3292,1320,1972,1560,520,1040,1184101.9,589776250000000,2500,1200,0
23,11,12,3541,1701,1840,2007,967,1040,1183926.1,589692970000000,2200,1000,0
21,10,11,2842,1104,1738,1440,436,1004,1183767,589618080000000,2000,1000,100
52,24,28,6584,2640,3944,3120,1040,2080,1183500.8,589426820000000,5000,2400,0
26,12,14,3292,1320,1972,1560,520,1040,1183217.9,589335350000000,2500,1200,0
76,28,48,10299,5367,4932,6167,3835,2332,1182900.5,589111000000000,7500,4800,100
26,12,14,3292,1320,1972,1560,520,1040,1182583.1,589019670000000,2500,1200,0
26,12,14,3292,1320,1972,1560,520,1040,1182399.4,588928330000000,2500,1200,0
97,42,55,11873,6427,5446,6535,4067,2468,1181966.4,588588220000000,9600,5300,0
40,18,22,4834,2174,2660,2154,978,1176,1181483.6,588447300000000,3900,1800,0
87,32,55,11459,6001,5458,6715,4247,2468,1181083.8,588190540000000,8600,5300,0
47,18,29,5764,2354,3410,2606,1158,1448,1180684.2,588049810000000,4600,2500,0
22,10,12,2896,1104,1792,1440,436,1004,1180468,587975320000000,2000,1000,200
108,50,58,13255,7035,6220,7275,4195,3080,1179986,587570180000000,10700,5700,0
33,14,19,5397,3051,2346,3587,2275,1312,1179471.2,587462810000000,3200,1900,100
26,12,14,3292,1320,1972,1560,520,1040,1179271.9,587371940000000,2500,1200,0
23,11,12,3541,1701,1840,2007,967,1040,1179097.5,587289400000000,2200,1000,0
26,12,14,3292,1320,1972,1560,520,1040,1178923.1,587198600000000,2500,1200,0
26,12,14,3292,1320,1972,1560,520,1040,1178740.5,587107870000000,2500,1200,0
11,6,5,1233,439,794,497,41,456,1178607.8,587066600000000,900,300,100
52,22,30,7185,3937,3248,4331,2711,1620,1178392.1,586893460000000,5100,3000,0
26,12,14,3292,1320,1972,1560,520,1040,1178126.9,586802790000000,2500,1200,0
93,34,59,11901,6019,5882,6803,4131,2672,1177762.4,586531000000000,9100,5500,0
85,31,54,11159,5767,5392,6535,4067,2468,1177241.1,586284110000000,8400,5200,0
24,11,13,4117,2367,1750,2787,1747,1040,1176910.2,586201830000000,2300,1100,0
24,11,13,4181,2431,1750,2851,1811,1040,1176744.8,586119620000000,2300,1100,0
26,12,14,3292,1320,1972,1560,520,1040,1176571.1,586029160000000,2500,1200,0
92,33,59,12197,6171,6026,7171,4363,2808,1176215.9,585766300000000,9000,5900,200
3,2,1,178,120,58,0,0,0,1175943.5,585758040000000,100,0,100
26,12,14,3308,1336,1972,1576,536,1040,1175844.4,585667780000000,2500,1200,0
85,31,54,11415,6023,5392,6791,4323,2468,1175506,585421620000000,8400,5200,0
25,11,14,4235,2431,1804,2851,1811,1040,1175176.1,585339620000000,2400,1100,0
85,31,54,11367,5975,5392,6743,4275,2468,1174846.5,585093730000000,8400,5200,0
44,17,27,6555,3497,3058,4143,2559,1584,1174467.6,584962670000000,4300,2600,100
24,11,13,4125,2371,1754,2787,1747,1040,1174253.5,584880790000000,2300,1100,0
92,33,59,12155,6237,5918,7099,4427,2672,1173908,584618870000000,9000,5700,100
25,12,13,4185,2431,1754,2787,1747,1040,1173554.4,584528940000000,2400,1100,0
25,12,13,3530,1248,2282,1864,436,1428,1173373.5,584439020000000,2300,1100,200
26,12,14,3292,1320,1972,1560,520,1040,1173192.5,584349090000000,2500,1200,0
22,10,12,2896,1104,1792,1440,436,1004,1173028.1,584275540000000,2000,1000,200
27,12,15,3374,1336,2038,1576,536,1040,1172863.8,584185680000000,2600,1200,0
23,11,12,3541,1701,1840,2007,967,1040,1172691.2,584104010000000,2200,1000,0
26,12,14,3012,1204,1808,1560,520,1040,1172518.8,584014220000000,2500,1200,0
27,12,15,3358,1320,2038,1560,520,1040,1172338.1,583924490000000,2600,1200,0
99,36,63,13231,6289,6942,7791,4299,3492,1171961,583639010000000,9700,5900,0
88,32,56,12797,6809,5988,7987,5055,2932,1171420.5,583386410000000,8700,5400,0
26,12,14,3012,1204,1808,1560,520,1040,1171076.6,583296820000000,2500,1200,0
26,12,14,3292,1320,1972,1560,520,1040,1170896.4,583207230000000,2500,1200,0
23,11,12,3541,1701,1840,2007,967,1040,1170724.4,583125830000000,2200,1000,0
85,31,54,11159,5767,5392,6535,4067,2468,1170397.2,582881820000000,8400,5200,0
21,9,12,3182,998,2184,1760,384,1376,1170086.6,582816790000000,2000,1000,0
26,12,14,3292,1320,1972,1560,520,1040,1169931.4,582727410000000,2500,1200,0
26,12,14,3308,1336,1972,1576,536,1040,1169751.5,582638020000000,2500,1200,0
22,10,12,2896,1104,1792,1440,436,1004,1169588,582564870000000,2000,1000,200
87,32,55,11341,5827,5514,6603,4067,2536,1169261.5,582313210000000,8600,5300,0
26,12,14,3292,1320,1972,1560,520,1040,1168918.8,582223950000000,2500,1200,0
26,12,14,3292,1320,1972,1560,520,1040,1168739.2,582134700000000,2500,1200,0
54,21,33,7697,4067,3630,4747,2907,1840,1168486.5,581972560000000,5300,3300,100
90,32,58,12017,6193,5824,7111,4439,2672,1168071,581721380000000,8900,5600,0
85,31,54,11287,5895,5392,6663,4195,2468,1167574.5,581478580000000,8400,5200,0
24,11,13,4117,2367,1750,2787,1747,1040,1167249,581397640000000,2300,1100,0
24,11,13,4189,2435,1754,2851,1811,1040,1167086.2,581316780000000,2300,1100,0
25,11,14,4171,2367,1804,2787,1747,1040,1166923.6,581235910000000,2400,1100,0
85,31,54,11165,5773,5392,6535,4067,2468,1166598.6,580993450000000,8400,5200,0
85,39,46,10673,5917,4756,5983,3719,2264,1166046.4,580686620000000,8400,4600,100
84,30,54,11099,5707,5392,6535,4067,2468,1165502.9,580452680000000,8300,5200,0
86,32,54,11219,5827,5392,6535,4067,2468,1165016.9,580202840000000,8500,5200,0
22,10,12,2896,1104,1792,1440,436,1004,1164693,580130360000000,2000,1000,200
26,12,14,3292,1320,1972,1560,520,1040,1164531,580041780000000,2500,1200,0
26,12,14,3292,1320,1972,1560,520,1040,1164352.8,579953190000000,2500,1200,0
26,12,14,3292,1320,1972,1560,520,1040,1164174.6,579864680000000,2500,1200,0
32,15,17,4088,1722,2366,1960,724,1236,1163972.4,579752000000000,3100,1800,0
23,11,12,3541,1701,1840,2007,967,1040,1163778.2,579671600000000,2200,1000,0
3,2,1,184,122,62,0,0,0,1163689.2,579663550000000,100,0,100
24,11,13,4117,2367,1750,2787,1747,1040,1163600.2,579583150000000,2300,1100,0
24,11,13,3607,1701,1906,2007,967,1040,1163438.5,579502760000000,2300,1100,0
101,47,54,12183,6791,5392,6599,4131,2468,1162987.4,579133320000000,10000,5200,0
90,33,57,11715,6013,5702,6803,4199,2604,1162359.1,578876560000000,8900,5600,0
26,12,14,3292,1320,1972,1560,520,1040,1162012.4,578788320000000,2500,1200,0
26,12,14,3292,1320,1972,1560,520,1040,1161834.9,578700140000000,2500,1200,0
95,34,61,12179,6057,6122,6991,4183,2808,1161480.5,578435790000000,9400,5900,0
24,11,13,4117,2367,1750,2787,1747,1040,1161134.4,578355730000000,2300,1100,0
28,13,15,3520,1470,2050,1644,604,1040,1160957.2,578259700000000,2700,1300,0
23,10,13,2988,1098,1890,1472,436,1036,1160788.2,578187690000000,2000,1100,300
22,10,12,2896,1104,1792,1440,436,1004,1160643.4,578115680000000,2000,1000,200
26,12,14,3292,1320,1972,1560,520,1040,1160482.5,578027700000000,2500,1200,0
80,30,50,10705,5597,5108,6351,3951,2400,1160161,577795910000000,7900,5000,100
24,11,13,4125,2371,1754,2787,1747,1040,1159847.8,577716050000000,2300,1100,0
94,38,56,11877,6297,5580,6719,4183,2536,1159470.6,577420640000000,9300,5400,0
24,11,13,4125,2371,1754,2787,1747,1040,1159093.6,577340850000000,2300,1100,0
26,12,14,4759,2495,2264,3307,1811,1496,1158925.2,577253130000000,2300,1200,300
89,32,57,11623,5937,5686,6771,4183,2588,1158588.6,577006040000000,8800,5500,0
22,10,12,2896,1104,1792,1440,436,1004,1158268.2,576934300000000,2000,1000,200
6,1,5,350,60,290,0,0,0,1158196.1,576934300000000,500,0,0
80,28,52,9582,3782,5800,4246,1914,2332,1157980.8,576719280000000,7900,4700,0
25,12,13,3570,1248,2322,1904,436,1468,1157677.5,576631770000000,2300,1100,200
37,16,21,5583,3105,2478,3551,2215,1336,1157469.5,576512390000000,3600,2300,0
94,38,56,11941,6361,5580,6783,4247,2536,1157054.4,576218250000000,9300,5400,0
24,11,13,4125,2371,1754,2787,1747,1040,1156679.5,576138790000000,2300,1100,0
27,12,15,3358,1320,2038,1560,520,1040,1156511.6,576051420000000,2600,1200,0
23,11,12,3541,1701,1840,2007,967,1040,1156343.9,575972030000000,2200,1000,0
67,26,41,9327,5045,4282,5675,3615,2060,1156064.6,575773580000000,6500,4100,200
26,12,14,3292,1320,1972,1560,520,1040,1155777.4,575686340000000,2500,1200,0
24,11,13,4125,2371,1754,2787,1747,1040,1155609.9,575607020000000,2300,1100,0
98,44,54,11939,6547,5392,6535,4067,2468,1155187.8,575266310000000,9700,5200,0
30,9,21,7090,1064,6026,5070,462,4608,1154782.2,575202960000000,2900,1800,0
22,10,12,2896,1104,1792,1440,436,1004,1154647.1,575131690000000,2000,1000,200
38,18,20,5581,3225,2356,3483,2215,1268,1154440.2,574997140000000,3700,2100,0
35,13,22,5597,2817,2780,3679,2095,1584,1154209.6,574902180000000,3300,2200,100
23,11,12,3541,1701,1840,2007,967,1040,1154034.8,574823120000000,2200,1000,0
85,31,54,11175,5783,5392,6551,4083,2468,1153716.8,574585960000000,8400,5200,0
45,18,27,6717,3667,3050,4259,2675,1584,1153343.5,574451670000000,4400,2700,100
13,7,6,2871,1619,1252,2135,1215,920,1153162,574404300000000,1200,500,100
26,12,14,3891,1851,2040,2159,1051,1108,1153028.1,574317460000000,2500,1200,0
88,32,56,11513,6001,5512,6715,4247,2468,1152695,574072840000000,8700,5300,0
26,12,14,3292,1320,1972,1560,520,1040,1152361.9,573986070000000,2500,1200,0
26,12,14,3308,1336,1972,1576,536,1040,1152187.5,573899370000000,2500,1200,0
22,10,12,2896,1104,1792,1440,436,1004,1152028.9,573828430000000,2000,1000,200
88,33,55,11657,6143,5514,6859,4323,2536,1151704.1,573576370000000,8700,5300,0
29,14,15,3926,1464,2462,1984,520,1464,1151348,573474030000000,2800,1300,0
24,11,13,4295,2477,1818,2971,1863,1108,1151165.9,573395380000000,2300,1300,100
26,12,14,3292,1320,1972,1560,520,1040,1150999.8,573308810000000,2500,1200,0
26,12,14,3292,1320,1972,1560,520,1040,1150825.6,573222310000000,2500,1200,0
22,10,12,2896,1104,1792,1440,436,1004,1150667.5,573151510000000,2000,1000,200
26,12,14,3292,1320,1972,1560,520,1040,1150509.4,573065070000000,2500,1200,0
26,12,14,3292,1320,1972,1560,520,1040,1150335.4,572978630000000,2500,1200,0
6,4,2,412,272,140,0,0,0,1150224.8,572955080000000,500,0,0
24,11,13,4117,2367,1750,2787,1747,1040,1150122,572876500000000,2300,1100,0
90,31,59,11967,5965,6002,7067,4259,2808,1149806.4,572640940000000,8900,5700,0
26,12,14,3292,1320,1972,1560,520,1040,1149482.9,572554640000000,2500,1200,0
26,12,14,3292,1320,1972,1560,520,1040,1149309.4,572468410000000,2500,1200,0
32,14,18,5169,2877,2292,3407,2095,1312,1149120,572366470000000,3000,1800,200
103,49,54,12239,6847,5392,6535,4067,2468,1148639.4,571990320000000,10200,5200,0
26,12,14,3292,1320,1972,1560,520,1040,1148174.8,571904220000000,2500,1200,0
47,20,27,6613,3675,2938,4035,2563,1472,1147938.6,571755580000000,4600,2800,0
23,11,12,3541,1701,1840,2007,967,1040,1147710.4,571677330000000,2200,1000,0
24,11,13,3192,1322,1870,1592,588,1004,1147553.1,571599150000000,2200,1100,200
26,12,14,3292,1320,1972,1560,520,1040,1147387.9,571513110000000,2500,1200,0
26,12,14,3308,1336,1972,1576,536,1040,1147215,571427150000000,2500,1200,0
26,12,14,3292,1320,1972,1560,520,1040,1147042,571341180000000,2500,1200,0
24,11,13,4125,2371,1754,2787,1747,1040,1146877.1,571263060000000,2300,1200,0
3,2,1,178,120,58,0,0,0,1146790.6,571255280000000,100,0,100
14,8,6,828,480,348,0,0,0,1151392.8,574040570000000,600,0,400
85,31,54,11351,5959,5392,6727,4259,2468,1155765,573805210000000,8400,5300,0
87,31,56,11403,5767,5636,6671,4067,2604,1155290.8,573570130000000,8600,5400,0
85,31,54,11159,5767,5392,6535,4067,2468,1154816.9,573335180000000,8400,5200,0
26,12,14,3292,1320,1972,1560,520,1040,1154493.1,573249080000000,2500,1200,0
26,12,14,3292,1320,1972,1560,520,1040,1154319.5,573162980000000,2500,1200,0
27,13,14,3718,1322,2396,1904,436,1468,1154138,573069160000000,2400,1100,200
3,2,1,184,122,62,0,0,0,1154035.4,573061310000000,100,0,100
18,12,6,1068,720,348,0,0,0,1163141.6,581847610000000,600,0,600
3,2,1,184,122,62,0,0,0,1172246.4,581839690000000,100,0,100
24,11,13,4117,2367,1750,2787,1747,1040,1172158.2,581760300000000,2300,1100,0
28,12,16,3756,1252,2504,1864,436,1428,1171990,581672990000000,2400,1100,200
26,12,14,3292,1320,1972,1560,520,1040,1171813.9,581585750000000,2500,1200,0
24,11,13,3044,1178,1866,1440,436,1004,1171645.8,581506430000000,2100,1000,200
85,31,54,11159,5767,5392,6535,4067,2468,1171325.8,581268660000000,8400,5300,0
26,12,14,3308,1336,1972,1576,536,1040,1170998,581181550000000,2500,1200,0
77,29,48,10413,5537,4876,6215,3951,2264,1170686.4,580959830000000,7600,4800,100
95,38,57,12001,6423,5578,6783,4315,2468,1170167.5,580667160000000,9400,5500,0
26,12,14,3891,1851,2040,2159,1051,1108,1169784.5,580580190000000,2500,1200,0
92,36,56,11821,6241,5580,6783,4247,2536,1169417.8,580303700000000,9100,5400,0
9,5,4,1801,1121,680,1287,831,456,1169107,580272090000000,700,300,200
26,12,14,3891,1851,2040,2159,1051,1108,1168987.5,580185250000000,2500,1200,0
50,20,30,7325,3977,3348,4591,2871,1720,1168748.5,580035330000000,4900,3000,100
103,39,64,13641,6989,6652,7967,4839,3128,1168295,579735690000000,10200,6100,0
26,12,14,3292,1320,1972,1560,520,1040,1167905.2,579648990000000,2500,1200,0
92,35,57,11829,6071,5758,6803,4131,2672,1167547.6,579381220000000,9100,5500,0
24,11,13,4125,2371,1754,2787,1747,1040,1167198.1,579302570000000,2300,1100,0
26,12,14,3292,1320,1972,1560,520,1040,1167031.4,579216000000000,2500,1200,0
24,11,13,4125,2371,1754,2787,1747,1040,1166864.6,579137350000000,2300,1100,0
3,2,1,178,120,58,0,0,0,1166777.2,579129500000000,100,0,100
18,12,6,1068,720,348,0,0,0,1176687.8,586557040000000,600,0,600
23,11,12,3541,1701,1840,2007,967,1040,1186523.9,586477380000000,2200,1000,0
26,12,14,3292,1320,1972,1560,520,1040,1186354.4,586389800000000,2500,1200,0
2,1,1,118,60,58,0,0,0,1186265.6,586389800000000,100,0,0
84,30,54,11227,5835,5392,6663,4195,2468,1186031.9,586159080000000,8300,5200,0
100,46,54,12059,6667,5392,6535,4067,2468,1185435.8,585801390000000,9900,5200,0
26,12,14,3292,1320,1972,1560,520,1040,1184984.9,585714090000000,2500,1200,0
26,12,14,3292,1320,1972,1560,520,1040,1184807.8,585626710000000,2500,1200,0
26,12,14,3292,1320,1972,1560,520,1040,1184630.8,585539400000000,2500,1200,0
86,32,54,11219,5827,5392,6535,4067,2468,1184293.1,585293510000000,8500,5200,0
26,12,14,3292,1320,1972,1560,520,1040,1183955.6,585206270000000,2500,1200,0
4,2,2,246,122,124,0,0,0,1183859.2,585198350000000,200,0,100
26,12,14,3324,1352,1972,1592,552,1040,1183762.9,585111180000000,2500,1200,0
52,24,28,6024,2408,3616,3120,1040,2080,1183496.5,584928910000000,5000,2400,0
26,12,14,3292,1320,1972,1560,520,1040,1183230.4,584841800000000,2500,1200,0
61,27,34,9267,5467,3800,5855,3947,1908,1182933.6,584636050000000,6000,3400,100
23,11,12,2956,1164,1792,1440,436,1004,1182645.1,584556930000000,2000,1000,300
67,28,39,9064,3342,5722,4590,1462,3128,1182348.9,584343450000000,6600,3800,0
29,13,16,4241,2001,2240,2311,1135,1176,1182036.6,584248630000000,2800,1400,0
24,11,13,4181,2431,1750,2851,1811,1040,1181860.5,584169640000000,2300,1100,0
87,32,55,11485,5971,5514,6747,4211,2536,1181532.4,583924830000000,8600,5300,0
11,5,6,858,326,532,128,0,128,1181252.5,583893290000000,800,400,200
26,12,14,3012,1204,1808,1560,520,1040,1181132.6,583806450000000,2500,1200,0
26,12,14,3308,1336,1972,1576,536,1040,1180956.6,583719680000000,2500,1200,0
85,31,54,11159,5767,5392,6535,4067,2468,1180629.1,583483190000000,8400,5200,0
32,16,16,4080,2012,2068,2292,1100,1192,1180270.1,583365010000000,3100,1800,0
26,12,14,3292,1320,1972,1560,520,1040,1180062.9,583278370000000,2500,1200,0
26,12,14,3292,1320,1972,1560,520,1040,1179887.2,583191730000000,2500,1200,0
24,11,13,4295,2477,1818,2971,1863,1108,1179719.8,583113010000000,2300,1300,100
26,12,14,3012,1204,1808,1560,520,1040,1179552.1,583026440000000,2500,1200,0
186,76,110,23662,12622,11040,13454,8382,5072,1183132.1,587795530000000,18400,10600,0
26,12,14,3292,1320,1972,1560,520,1040,1186708,587708360000000,2500,1200,0
24,11,13,4125,2371,1754,2787,1747,1040,1186539.8,587629170000000,2300,1100,0
85,31,54,11287,5895,5392,6663,4195,2468,1186219.4,587391670000000,8400,5200,0
129,47,82,16077,8153,7924,9071,5583,3488,1185611.2,587027880000000,12800,8200,100
26,14,12,1536,840,696,0,0,0,1195953.6,594703120000000,1200,0,700
23,10,13,3476,1058,2418,1936,384,1552,1206588.8,594631040000000,2100,1100,100
26,12,14,3308,1336,1972,1576,536,1040,1206426,594542990000000,2500,1200,0
24,11,13,4117,2367,1750,2787,1747,1040,1206255.1,594463000000000,2300,1100,0
26,12,14,3292,1320,1972,1560,520,1040,1206084.4,594375020000000,2500,1200,0
97,42,55,12129,6683,5446,6791,4323,2468,1205662.1,594047400000000,9600,5300,0
26,12,14,3292,1320,1972,1560,520,1040,1205240.1,593959550000000,2500,1200,0
97,42,55,12069,6555,5514,6731,4195,2536,1204818.2,593632330000000,9600,5400,0
6,1,5,372,62,310,0,0,0,1204486,593632330000000,500,0,0
24,11,13,4125,2371,1754,2787,1747,1040,1204404.9,593552530000000,2300,1100,0
26,12,14,3292,1320,1972,1560,520,1040,1204234.6,593464820000000,2500,1200,0
26,12,14,3292,1320,1972,1560,520,1040,1204056.2,593377180000000,2500,1200,0
22,10,12,2896,1104,1792,1440,436,1004,1203894.2,593305440000000,2000,1000,200
85,31,54,11175,5783,5392,6551,4083,2468,1203578.5,593066470000000,8400,5300,0
85,30,55,11221,5707,5514,6603,4067,2536,1203101.2,592835680000000,8400,5300,0
84,30,54,11295,5891,5404,6719,4251,2468,1202632.5,592605090000000,8300,5300,0
26,12,14,3292,1320,1972,1560,520,1040,1202309.4,592517650000000,2500,1200,0
24,11,13,4125,2371,1754,2787,1747,1040,1202139.8,592438190000000,2300,1100,0
88,33,55,11519,6061,5458,6715,4247,2468,1201800.8,592184120000000,8700,5300,0
24,11,13,4117,2367,1750,2787,1747,1040,1201461.9,592104730000000,2300,1100,0
26,12,14,3292,1320,1972,1560,520,1040,1201292.5,592017420000000,2500,1200,0
26,12,14,3308,1336,1972,1576,536,1040,1201115.1,591930180000000,2500,1200,0
21,14,7,1246,840,406,0,0,0,1209443.1,596139780000000,700,0,700
26,12,14,3292,1320,1972,1560,520,1040,1217768.5,596051940000000,2500,1200,0
26,12,14,3292,1320,1972,1560,520,1040,1217588.6,595964160000000,2500,1200,0
27,12,15,3426,1320,2106,1628,520,1108,1217409,595876380000000,2600,1300,0
42,17,25,5356,2182,3174,2574,1058,1516,1217188.6,595748740000000,4000,2500,100
26,12,14,3292,1320,1972,1560,520,1040,1216968.2,595661030000000,2500,1200,0
26,12,14,3292,1320,1972,1560,520,1040,1216788.8,595573380000000,2500,1200,0
85,31,54,11287,5895,5392,6663,4195,2468,1216454.4,595334340000000,8400,5200,0
108,51,57,12657,6967,5690,6671,4067,2604,1215803,594936390000000,10700,5500,0
85,31,54,11367,5975,5392,6743,4275,2468,1215152.4,594697880000000,8400,5200,0
24,11,13,4117,2367,1750,2787,1747,1040,1214827.1,594618430000000,2300,1100,0
26,12,14,3308,1336,1972,1576,536,1040,1214656.2,594531050000000,2500,1200,0
24,11,13,3192,1322,1870,1592,588,1004,1214485.5,594451660000000,2200,1100,200
25,11,14,3550,1190,2360,1884,456,1428,1214323,594372270000000,2300,1200,200
95,38,57,12269,6499,5770,7051,4379,2672,1213941.4,594078670000000,9400,5500,0
23,11,12,3541,1701,1840,2007,967,1040,1213560,593999410000000,2200,1000,0
88,34,54,11403,6011,5392,6599,4131,2468,1213211.2,593737890000000,8700,5300,0
85,31,54,11159,5767,5392,6535,4067,2468,1212700.6,593500320000000,8400,5200,0
26,12,14,3292,1320,1972,1560,520,1040,1212368.6,593413280000000,2500,1200,0
22,10,12,2896,1104,1792,1440,436,1004,1212206.5,593342080000000,2000,1000,200
26,12,14,3292,1320,1972,1560,520,1040,1212044.6,593255040000000,2500,1200,0
27,13,14,3358,1386,1972,1560,520,1040,1211858.4,593160150000000,2600,1200,0
26,12,14,3292,1320,1972,1560,520,1040,1211672.2,593073240000000,2500,1200,0
26,12,14,4401,2525,1876,2955,1847,1108,1211494.2,592986270000000,2500,1300,0
6,1,5,350,60,290,0,0,0,1211405.2,592986270000000,500,0,0
93,35,58,12123,6343,5780,7019,4415,2604,1211130.5,592717770000000,9100,5700,200
24,11,13,4117,2367,1750,2787,1747,1040,1210775.1,592638850000000,2300,1100,0
93,44,49,11423,6437,4986,6283,3951,2332,1210347.6,592299680000000,9200,5000,100
26,12,14,3308,1336,1972,1576,536,1040,1209912.4,592212970000000,2500,1200,0
24,11,13,4117,2367,1750,2787,1747,1040,1209742.9,592134190000000,2300,1100,0
26,12,14,3292,1320,1972,1560,520,1040,1209573.5,592047550000000,2500,1200,0
3,2,1,184,122,62,0,0,0,1209476.8,592039630000000,100,0,100
22,10,12,2896,1104,1792,1440,436,1004,1209396.1,591968770000000,2000,1000,200
51,21,30,8083,4655,3428,5271,3483,1788,1209162.8,591811330000000,4900,3000,200
26,12,14,3292,1320,1972,1560,520,1040,1208913.2,591724760000000,2500,1200,0
24,11,13,3607,1701,1906,2007,967,1040,1208744.1,591646110000000,2300,1100,0
22,10,12,2896,1104,1792,1440,436,1004,1208591.1,591575310000000,2000,1000,200
22,10,12,2896,1104,1792,1440,436,1004,1208446.2,591504570000000,2000,1000,200
36,16,20,5461,3105,2356,3483,2215,1268,1208253.1,591386660000000,3500,2100,0
24,11,13,3607,1701,1906,2007,967,1040,1208052,591308080000000,2300,1100,0
26,12,14,3292,1320,1972,1560,520,1040,1207883,591221710000000,2500,1200,0
36,16,20,5461,3105,2356,3483,2215,1268,1207674,591103870000000,3500,2100,0
22,10,12,2896,1104,1792,1440,436,1004,1207481.1,591033200000000,2000,1000,200
71,29,42,9273,4969,4304,5387,3359,2028,1207184,590813550000000,7000,4100,0
26,12,14,3292,1320,1972,1560,520,1040,1206871,590727250000000,2500,1200,0
26,12,14,3292,1320,1972,1560,520,1040,1206694.4,590641020000000,2500,1200,0
26,12,14,3292,1320,1972,1560,520,1040,1206517.8,590554780000000,2500,1200,0
86,31,55,11281,5767,5514,6603,4067,2536,1206189.1,590319830000000,8500,5300,0
87,31,56,11547,5911,5636,6815,4211,2604,1205708.5,590085020000000,8600,5400,0
24,11,13,3056,1186,1870,1456,452,1004,1205388.2,590006770000000,2200,1100,200
92,33,59,12003,6125,5878,6983,4311,2672,1205052.2,589756590000000,9100,5600,0
26,12,14,3292,1320,1972,1560,520,1040,1204708.4,589670620000000,2500,1200,0
98,41,57,12941,7239,5702,7543,4939,2604,1204300.9,589358230000000,9700,5400,0
26,12,14,3292,1320,1972,1560,520,1040,1203893.8,589272400000000,2500,1200,0
26,12,14,3292,1320,1972,1560,520,1040,1203718,589186570000000,2500,1200,0
24,11,13,4125,2371,1754,2787,1747,1040,1203550.4,589108590000000,2300,1100,0
38,17,21,5575,3165,2410,3483,2215,1268,1203342.9,588983830000000,3700,2200,0
25,12,13,3226,1320,1906,1560,520,1040,1203127.4,588898130000000,2400,1200,0
20,10,10,2692,1020,1672,1368,364,1004,1202967.9,588828000000000,1700,900,200
93,34,59,11989,6167,5822,6903,4299,2604,1202633.1,588570980000000,9100,5600,100
39,16,23,5983,3217,2766,3843,2327,1516,1202251,588454270000000,3800,2300,100
22,10,12,2896,1104,1792,1440,436,1004,1202060,588384210000000,2000,1000,200
87,32,55,11395,5937,5458,6651,4183,2468,1201741.8,588143160000000,8600,5300,0
26,12,14,3292,1320,1972,1560,520,1040,1201407.6,588057730000000,2500,1200,0
24,11,13,4125,2371,1754,2787,1747,1040,1201240.6,587980020000000,2300,1100,0
29,15,14,3490,1518,1972,1560,520,1040,1201049.8,587871300000000,2800,1200,0
26,12,14,3292,1320,1972,1560,520,1040,1200851,587785870000000,2500,1200,0
26,12,14,3308,1336,1972,1576,536,1040,1200676.2,587700510000000,2500,1200,0
87,33,54,11343,5951,5392,6599,4131,2468,1200334.9,587452200000000,8600,5200,0
26,12,14,3292,1320,1972,1560,520,1040,1199993.6,587366910000000,2500,1200,0
24,11,13,4181,2431,1750,2851,1811,1040,1199827,587289400000000,2300,1100,0
23,11,12,3541,1701,1840,2007,967,1040,1199668.2,587211960000000,2200,1000,0
26,12,14,3292,1320,1972,1560,520,1040,1199501.8,587126730000000,2500,1200,0
85,31,54,11351,5959,5392,6727,4259,2468,1199176.9,586894460000000,8400,5200,0
23,11,12,3541,1701,1840,2007,967,1040,1198860,586817020000000,2200,1000,0
24,11,13,4117,2367,1750,2787,1747,1040,1198701.6,586739710000000,2300,1100,0
26,12,14,3292,1320,1972,1560,520,1040,1198535.4,586654620000000,2500,1200,0
24,11,13,4125,2371,1754,2787,1747,1040,1198369.1,586577310000000,2300,1100,0
24,11,13,3192,1322,1870,1592,588,1004,1198210.9,586500000000000,2200,1100,200
88,34,54,11467,6075,5392,6663,4195,2468,1197870.9,586244980000000,8700,5200,0
26,12,14,3292,1320,1972,1560,520,1040,1197523.1,586160090000000,2500,1200,0
91,34,57,11691,5969,5722,6719,4083,2636,1197175.6,585905410000000,9000,5600,0
23,11,12,3541,1701,1840,2007,967,1040,1196836.2,585828300000000,2200,1000,0
6,1,5,372,62,310,0,0,0,1196757.4,585828300000000,500,0,0
81,30,51,10869,5707,5162,6467,4067,2400,1196528.6,585604770000000,8000,5100,100
65,24,41,9071,4641,4430,5515,3319,2196,1196118.8,585427530000000,6300,4100,200
24,11,13,4181,2431,1750,2851,1811,1040,1195858.6,585350560000000,2300,1100,0
26,12,14,3012,1204,1808,1560,520,1040,1195693.1,585265870000000,2500,1200,0
27,12,15,3442,1336,2106,1644,536,1108,1195519.9,585181240000000,2600,1300,0
6,4,2,358,242,116,0,0,0,1195409.5,585158160000000,500,0,0
93,33,60,12047,6171,5876,6967,4363,2604,1195134.1,584912070000000,9200,5600,0
22,10,12,2896,1104,1792,1440,436,1004,1194811.6,584842880000000,2000,1000,200
23,11,12,3541,1701,1840,2007,967,1040,1194662.2,584766040000000,2200,1000,0
27,12,15,3358,1320,2038,1560,520,1040,1194497,584681480000000,2600,1200,0
23,11,12,3541,1701,1840,2007,967,1040,1194331.9,584604710000000,2200,1000,0
26,12,14,3292,1320,1972,1560,520,1040,1194166.8,584520220000000,2500,1200,0
92,38,54,11707,6315,5392,6663,4195,2468,1193789.9,584236280000000,9100,5200,0
26,12,14,3292,1320,1972,1560,520,1040,1193413.1,584151930000000,2500,1200,0
85,31,54,11415,6023,5392,6791,4323,2468,1193091.5,583922010000000,8400,5200,0
26,12,14,3292,1320,1972,1560,520,1040,1192770.1,583837720000000,2500,1200,0
26,12,14,3292,1320,1972,1560,520,1040,1192597.6,583753500000000,2500,1200,0
72,26,46,10641,5725,4916,6695,4295,2400,1192315.8,583562170000000,7100,4600,100
22,10,12,2896,1104,1792,1440,436,1004,1192049.5,583493320000000,2000,1000,200
26,12,14,4239,2431,1808,2787,1747,1040,1191893,583409160000000,2400,1100,100
26,12,14,3012,1204,1808,1560,520,1040,1191720.8,583325010000000,2500,1200,0
26,12,14,3292,1320,1972,1560,520,1040,1191548.5,583240920000000,2500,1200,0
25,13,12,3673,1833,1840,2007,967,1040,1191368.5,583149250000000,2400,1000,0
81,35,46,10159,5239,4920,5651,3255,2396,1191009.5,582889540000000,7900,4600,100
24,11,13,4117,2367,1750,2787,1747,1040,1190666.2,582813170000000,2300,1100,0
48,22,26,8234,4734,3500,5574,3494,2080,1190428,582652910000000,4600,2200,0
44,18,26,7093,4221,2872,4611,3207,1404,1190135.4,582523330000000,4100,2300,0
38,15,23,5923,3157,2766,3843,2327,1516,1189893.6,582416560000000,3600,2300,100
96,34,62,12201,5969,6232,6959,4083,2876,1189527.2,582165170000000,9500,5800,0
26,12,14,3292,1320,1972,1560,520,1040,1189184.4,582081420000000,2500,1200,0
99,45,54,12255,6863,5392,6791,4323,2468,1188756.8,581746610000000,9800,5200,0
24,11,13,4359,2541,1818,3035,1927,1108,1188337.1,581670580000000,2300,1300,100
94,36,58,11947,6067,5880,6807,4067,2740,1187987.4,581404560000000,9300,5600,0
26,12,14,3292,1320,1972,1560,520,1040,1187629.9,581321070000000,2500,1200,0
24,11,13,4125,2371,1754,2787,1747,1040,1187466.8,581245100000000,2300,1100,0
26,12,14,3292,1320,1972,1560,520,1040,1187303.5,581161620000000,2500,1200,0
25,11,14,4179,2371,1808,2787,1747,1040,1187140.4,581085720000000,2400,1100,0
24,11,13,4185,2367,1818,2855,1747,1108,1186985.1,581009890000000,2300,1200,0
26,12,14,3292,1320,1972,1560,520,1040,1186822,580926470000000,2500,1200,0
23,11,12,3541,1701,1840,2007,967,1040,1186659,580850640000000,2200,1000,0
24,11,13,4125,2371,1754,2787,1747,1040,1186503.9,580774810000000,2300,1100,0
7,3,4,494,206,288,0,0,0,1186410.9,580759640000000,600,0,0
22,10,12,2896,1104,1792,1440,436,1004,1186325.6,580691460000000,2000,1000,200
26,12,14,3012,1204,1808,1560,520,1040,1186170.5,580608110000000,2500,1200,0
26,12,14,3308,1336,1972,1576,536,1040,1185999.9,580524830000000,2500,1200,0
89,35,54,11655,6263,5392,6791,4323,2468,1185651.4,580267460000000,8800,5200,0
87,32,55,11273,5827,5446,6535,4067,2468,1185148.2,580032980000000,8600,5300,0
18,9,9,2456,934,1522,1252,332,920,1184846.6,579972520000000,1700,700,0
91,35,56,11575,6007,5568,6603,4067,2536,1184521.9,579715690000000,9000,5400,0
22,10,12,2896,1104,1792,1440,436,1004,1184189.6,579647710000000,2000,1000,200
26,12,14,3292,1320,1972,1560,520,1040,1184035.1,579564700000000,2500,1200,0
26,12,14,3292,1320,1972,1560,520,1040,1183865.1,579481690000000,2500,1200,0
89,32,57,11831,6129,5702,6979,4375,2604,1183540.9,579247880000000,8800,5500,0
86,32,54,11235,5843,5392,6551,4083,2468,1183062.8,579014200000000,8500,5200,0
86,32,54,11475,6083,5392,6791,4323,2468,1182585,578780800000000,8500,5200,0
27,12,15,3358,1320,2038,1560,520,1040,1182261.5,578697990000000,2600,1200,0
26,12,14,3292,1320,1972,1560,520,1040,1182092,578615240000000,2500,1200,0
23,11,12,3541,1701,1840,2007,967,1040,1181930.4,578540010000000,2200,1000,0
6,1,5,372,62,310,0,0,0,1181853.4,578540010000000,500,0,0
85,31,54,11287,5895,5392,6663,4195,2468,1181622.6,578314460000000,8400,5200,0
23,11,12,3541,1701,1840,2007,967,1040,1181315,578239370000000,2200,1000,0
26,12,14,3292,1320,1972,1560,520,1040,1181153.5,578156690000000,2500,1200,0
26,12,14,3292,1320,1972,1560,520,1040,1180984.4,578074080000000,2500,1200,0
89,33,56,11649,6121,5528,6767,4299,2468,1180654.1,577833890000000,8700,5200,0
7,4,3,420,246,174,0,0,0,1180385.5,577811410000000,600,0,0
87,33,54,11407,6015,5392,6663,4195,2468,1180116.9,577571430000000,8600,5200,0
26,12,14,3292,1320,1972,1560,520,1040,1179787.1,577489020000000,2500,1200,0
68,25,43,9991,5129,4862,6267,3759,2508,1179518.9,577309170000000,6700,4200,100
23,11,12,3541,1701,1840,2007,967,1040,1179258.4,577234340000000,2200,1000,0
46,19,27,6969,3919,3050,4451,2867,1584,1179043.8,577099590000000,4400,2700,200
92,33,59,13297,7063,6234,8247,5247,3000,1178661.1,576860210000000,9000,5500,0
91,32,59,12075,6129,5946,7115,4375,2740,1178179.4,576628480000000,9000,5700,0
26,12,14,3292,1320,1972,1560,520,1040,1177858.4,576546340000000,2500,1200,0
23,11,12,3541,1701,1840,2007,967,1040,1177697.9,576471650000000,2200,1000,0
90,34,56,11531,5963,5568,6619,4083,2536,1177369.4,576225360000000,8900,5400,0
26,12,14,3292,1320,1972,1560,520,1040,1177033.5,576143290000000,2500,1200,0
3,2,1,178,120,58,0,0,0,1176941.9,576135840000000,100,0,100
147,52,95,18183,9213,8970,10203,6375,3828,1176545.2,575755670000000,14400,9300,200
28,14,14,4597,2657,1940,3039,1863,1176,1176057.4,575658830000000,2700,1400,100
26,12,14,3308,1336,1972,1576,536,1040,1175874.6,575576960000000,2500,1200,0
90,36,54,11715,6323,5392,6791,4323,2468,1175524.2,575316510000000,8900,5300,0
33,14,19,5333,2987,2346,3523,2211,1312,1175159,575219870000000,3200,1900,100
26,12,14,3292,1320,1972,1560,520,1040,1174976.4,575138060000000,2500,1200,0
85,31,54,11383,5991,5392,6759,4291,2468,1174664.6,574915200000000,8400,5200,0
26,12,14,4477,2537,1940,3039,1863,1176,1174353.1,574833520000000,2400,1400,200
26,12,14,3292,1320,1972,1560,520,1040,1174185.9,574751850000000,2500,1200,0
24,11,13,3056,1186,1870,1456,452,1004,1174026.4,574677630000000,2200,1100,200
32,14,18,5169,2877,2292,3407,2095,1312,1173851.8,574581190000000,3000,1800,200
24,11,13,4125,2371,1754,2787,1747,1040,1173677.1,574506970000000,2300,1100,0
26,12,14,3308,1336,1972,1576,536,1040,1173517.8,574425430000000,2500,1200,0
26,12,14,3292,1320,1972,1560,520,1040,1173350.8,574343900000000,2500,1200,0
24,11,13,4117,2367,1750,2787,1747,1040,1173191.4,574269740000000,2300,1100,0
93,37,56,11941,6429,5512,6843,4375,2468,1172842.9,574003120000000,9200,5300,0
85,31,54,11159,5767,5392,6535,4067,2468,1172343.1,573781120000000,8400,5200,0
26,12,14,3308,1336,1972,1576,536,1040,1172032.8,573699720000000,2500,1200,0
26,12,14,3292,1320,1972,1560,520,1040,1171866.2,573618380000000,2500,1200,0
27,12,15,3358,1320,2038,1560,520,1040,1171699.8,573537050000000,2600,1200,0
26,12,14,3292,1320,1972,1560,520,1040,1171533.2,573455780000000,2500,1200,0
26,12,14,3292,1320,1972,1560,520,1040,1171366.9,573374510000000,2500,1200,0
26,12,14,3292,1320,1972,1560,520,1040,1171200.5,573293240000000,2500,1200,0
24,11,13,4117,2367,1750,2787,1747,1040,1171041.8,573219420000000,2300,1100,0
26,12,14,3292,1320,1972,1560,520,1040,1170883.1,573138220000000,2500,1200,0
24,11,13,4117,2367,1750,2787,1747,1040,1170724.5,573064400000000,2300,1100,0
26,12,14,3891,1851,2040,2159,1051,1108,1170565.9,572983270000000,2500,1200,0
23,11,12,3541,1701,1840,2007,967,1040,1170407.2,572909510000000,2200,1000,0
95,34,61,12785,6351,6434,7579,4483,3096,1170083,572666180000000,9400,5900,0
26,12,14,3012,1204,1808,1560,520,1040,1169751.2,572585180000000,2500,1200,0
89,34,55,11409,5963,5446,6551,4083,2468,1169419.6,572342170000000,8800,5300,0
28,13,15,3468,1398,2070,1592,520,1072,1169080.8,572253860000000,2700,1300,0
26,12,14,3292,1320,1972,1560,520,1040,1168907.5,572172930000000,2500,1200,0
87,33,54,11347,5887,5460,6603,4067,2536,1168584,571937580000000,8400,5300,300
23,11,12,3541,1701,1840,2007,967,1040,1168268.1,571864090000000,2200,1000,0
22,10,12,2896,1104,1792,1440,436,1004,1168125.1,571797990000000,2000,1000,200
91,34,57,11691,6057,5634,6719,4183,2536,1167809.6,571555660000000,9000,5500,0
50,22,28,7101,3861,3240,4343,2623,1720,1167404.1,571401510000000,4900,2800,100
26,12,14,3292,1320,1972,1560,520,1040,1167164,571320840000000,2500,1200,0
8,5,3,945,319,626,479,23,456,1167051.4,571291520000000,700,200,100
94,32,62,12371,6019,6352,7255,4259,2996,1166789,571064220000000,9300,6000,0
85,31,54,11303,5911,5392,6679,4211,2468,1166331.8,570844510000000,8400,5200,0
97,42,55,11931,6317,5614,6587,3951,2636,1165801.1,570544460000000,9600,5500,100
53,21,32,7575,4067,3508,4679,2907,1772,1165345.6,570398160000000,5100,3200,100
85,31,54,11159,5767,5392,6535,4067,2468,1164971.8,570178920000000,8400,5200,0
29,13,16,4823,2707,2116,3223,1979,1244,1164657.9,570091280000000,2800,1600,100
24,11,13,4125,2371,1754,2787,1747,1040,1164493.5,570018260000000,2300,1100,0
87,32,55,11469,5955,5514,6731,4195,2536,1164187.2,569792040000000,8600,5300,0
87,32,55,11341,5827,5514,6603,4067,2536,1163724.6,569565950000000,8600,5300,0
3,2,1,184,122,62,0,0,0,1163486,569558700000000,100,0,100
24,11,13,4125,2371,1754,2787,1747,1040,1163404,569485820000000,2300,1100,0
26,12,14,3012,1204,1808,1560,520,1040,1163247.2,569405620000000,2500,1200,0
26,12,14,3028,1220,1808,1576,536,1040,1163083.2,569325500000000,2500,1200,0
91,37,54,11535,6143,5392,6551,4083,2468,1162733.1,569063440000000,9000,5200,0
13,7,6,2871,1619,1252,2135,1215,920,1162421.2,569019750000000,1200,500,100
77,28,49,10457,5367,5090,6235,3835,2400,1162176.6,568823390000000,7600,5000,100
26,12,14,3292,1320,1972,1560,520,1040,1161894,568743460000000,2500,1200,0
26,12,14,3292,1320,1972,1560,520,1040,1161730.4,568663530000000,2500,1200,0
14,8,6,3751,2487,1264,2943,2023,920,1161596.5,568612670000000,1100,500,300
59,27,32,8015,4491,3524,4759,2971,1788,1161351.2,568423820000000,5800,3200,100
72,27,45,10023,5389,4634,6107,3911,2196,1160965,568235110000000,7100,4500,100
29,13,16,4273,2033,2240,2343,1167,1176,1160682.9,568148070000000,2800,1400,0
97,34,63,13083,6385,6698,7775,4511,3264,1160349.1,567908830000000,9600,5900,0
85,31,54,11629,5773,5856,6999,4067,2932,1159882.2,567691460000000,8400,5200,0
50,20,30,7437,4089,3348,4703,2983,1720,1159519.2,567553890000000,4800,3000,200
26,12,14,3012,1204,1808,1560,520,1040,1159297.1,567474300000000,2500,1200,0
22,10,12,2896,1104,1792,1440,436,1004,1159149,567409200000000,2000,1000,200
26,12,14,3292,1320,1972,1560,520,1040,1159000.9,567329610000000,2500,1200,0
26,12,14,3292,1320,1972,1560,520,1040,1158838,567250090000000,2500,1200,0
88,34,54,11339,5947,5392,6535,4067,2468,1158512.6,567011580000000,8700,5200,0
28,14,14,3488,1464,2024,1612,520,1092,1158172.6,566917700000000,2700,1300,0
65,25,40,8975,4747,4228,5431,3371,2060,1157899.4,566744420000000,6400,4000,100
62,30,32,8131,4607,3524,4695,2907,1788,1157508,566535180000000,6100,3200,100
26,12,14,3292,1320,1972,1560,520,1040,1157212.9,566455850000000,2500,1200,0
22,10,12,2896,1104,1792,1440,436,1004,1157065.2,566390960000000,2000,1000,200
24,11,13,4117,2367,1750,2787,1747,1040,1156925.1,566318890000000,2300,1100,0
26,12,14,3292,1320,1972,1560,520,1040,1156770.2,566239630000000,2500,1200,0
26,12,14,3308,1336,1972,1576,536,1040,1156608,566160370000000,2500,1200,0
26,12,14,3292,1320,1972,1560,520,1040,1156445.8,566081190000000,2500,1200,0
45,18,27,7449,4095,3354,4955,3091,1864,1156239.5,565958780000000,4400,2700,0
86,32,54,11219,5827,5392,6535,4067,2468,1155886.2,565735780000000,8500,5200,0
26,12,14,3308,1336,1972,1576,536,1040,1155577.2,565656660000000,2500,1200,0
14,8,6,828,480,348,0,0,0,1159169.4,567350680000000,600,0,400
86,34,52,11071,5787,5284,6375,3907,2468,1162598,567112780000000,8400,5200,200
31,16,15,4038,2092,1946,2312,1184,1128,1162243.2,567004740000000,3000,1700,0
24,11,13,4125,2371,1754,2787,1747,1040,1162058.5,566932730000000,2300,1100,0
8,5,3,945,319,626,479,23,456,1161955,566903940000000,700,200,100
36,17,19,5471,3057,2414,3475,2095,1380,1161807.2,566788780000000,3400,2000,200
95,33,62,12759,6107,6652,7571,4299,3272,1161452.9,566558600000000,9400,6000,0
68,24,44,10477,4577,5900,6751,3255,3496,1161047.2,566393310000000,6600,4300,200
36,16,20,5461,3105,2356,3483,2215,1268,1160767.1,566285530000000,3500,2200,0
24,11,13,4117,2367,1750,2787,1747,1040,1160582.6,566213660000000,2300,1100,0
24,11,13,4321,2555,1766,2971,1931,1040,1160435.2,566141850000000,2300,1200,0
89,32,57,11975,6273,5702,7123,4519,2604,1160133.1,565919390000000,8800,5500,0
24,11,13,4125,2371,1754,2787,1747,1040,1159831.2,565847650000000,2300,1100,0
85,31,54,11287,5895,5392,6663,4195,2468,1159536.8,565632560000000,8400,5200,0
26,12,14,3308,1336,1972,1576,536,1040,1159235.1,565553780000000,2500,1200,0
6,1,5,372,62,310,0,0,0,1159154.1,565553780000000,500,0,0
26,12,14,3292,1320,1972,1560,520,1040,1159073.2,565474920000000,2500,1200,0
23,11,12,3541,1701,1840,2007,967,1040,1158918.8,565403320000000,2200,1000,0
26,12,14,3292,1320,1972,1560,520,1040,1158764.4,565324600000000,2500,1200,0
26,12,14,3292,1320,1972,1560,520,1040,1158602.6,565245810000000,2500,1200,0
103,45,58,12493,6801,5692,6795,4259,2536,1158198.6,564931070000000,10100,5400,0
24,11,13,4117,2367,1750,2787,1747,1040,1157802.4,564859600000000,2300,1100,0
89,33,56,11487,5903,5584,6635,4083,2552,1157494.4,564630960000000,8800,5500,0
26,12,14,3292,1320,1972,1560,520,1040,1157179.1,564552450000000,2500,1200,0
87,32,55,11341,5827,5514,6603,4067,2536,1156871.4,564331190000000,8600,5300,0
88,34,54,11339,5947,5392,6535,4067,2468,1156402.9,564095900000000,8700,5200,0
26,12,14,3891,1851,2040,2159,1051,1108,1156080.9,564017450000000,2500,1200,0
26,12,14,3292,1320,1972,1560,520,1040,1155919.9,563939140000000,2500,1200,0
105,49,56,12479,6911,5568,6667,4131,2536,1155489.4,563597350000000,10400,5400,0
26,12,14,3292,1320,1972,1560,520,1040,1155059.2,563519100000000,2500,1200,0
87,31,56,11919,6271,5648,7175,4571,2604,1154759.9,563305760000000,8600,5400,0
25,11,14,4231,2371,1860,2839,1747,1092,1154468.1,563234700000000,2400,1200,0
21,10,11,2842,1104,1738,1440,436,1004,1154329.5,563170740000000,2000,1000,100
22,10,12,2896,1104,1792,1440,436,1004,1154198.1,563106850000000,2000,1000,200
91,32,59,11883,5937,5946,6923,4183,2740,1153906.6,562886737000000,9000,5700,0
26,12,14,3907,1867,2040,2175,1067,1108,1153600.6,562808656000000,2500,1200,0
26,12,14,3292,1320,1972,1560,520,1040,1153440.4,562730608000000,2500,1200,0
24,11,13,4117,2367,1750,2787,1747,1040,1153287.4,562659708000000,2300,1100,0
26,12,14,3292,1320,1972,1560,520,1040,1153134.5,562581694000000,2500,1200,0
8,3,5,568,206,362,0,0,0,1153040,562567500000000,700,0,0
26,12,14,3292,1320,1972,1560,520,1040,1152945.6,562489553000000,2500,1200,0
94,40,54,11699,6307,5392,6535,4067,2468,1152581.9,562213266000000,9300,5200,0
24,11,13,4117,2367,1750,2787,1747,1040,1152225.8,562142466000000,2300,1100,0
88,32,56,11719,6083,5636,6927,4323,2604,1151927.9,561923121000000,8700,5400,0
26,12,14,3292,1320,1972,1560,520,1040,1151623,561845308000000,2500,1200,0
7,4,3,885,259,626,479,23,456,1151521.4,561824102000000,600,200,100
24,11,13,4117,2367,1750,2787,1747,1040,1151427,561753402000000,2300,1100,0
26,12,14,3012,1204,1808,1560,520,1040,1151274.5,561675657000000,2500,1200,0
39,18,21,5635,3225,2410,3483,2215,1268,1151071.4,561555565000000,3800,2200,0
24,11,13,4191,2373,1818,2855,1747,1108,1150875.5,561484933000000,2300,1200,0
30,14,16,3592,1472,2120,1560,520,1040,1150708.8,561393128000000,2800,1200,0
43,17,26,7367,4011,3356,4963,3059,1904,1150498.6,561280184000000,4100,2500,0
14,7,7,1714,788,926,774,318,456,1150339.4,561237872000000,1300,500,0
26,12,14,3308,1336,1972,1576,536,1040,1150216.1,561160261000000,2500,1200,0
26,12,14,3292,1320,1972,1560,520,1040,1150056.9,561082683000000,2500,1200,0
89,33,56,11523,5887,5636,6671,4067,2604,1149745.6,560857096000000,8800,5400,0
25,12,13,3226,1320,1906,1560,520,1040,1149434.6,560779586000000,2400,1200,0
26,12,14,3292,1320,1972,1560,520,1040,1149275.5,560702108000000,2500,1200,0
32,15,17,4088,1722,2366,1960,724,1236,1149096,560603526000000,3100,1800,0
85,31,54,11287,5895,5392,6663,4195,2468,1148779.4,560392401000000,8400,5200,0
24,11,13,4181,2431,1750,2851,1811,1040,1148490.6,560322071000000,2300,1100,0
23,11,12,3541,1701,1840,2007,967,1040,1148346.1,560251741000000,2200,1000,0
89,32,57,11449,5827,5622,6603,4067,2536,1148050.4,560033872000000,8800,5400,0
26,12,14,3308,1336,1972,1576,536,1040,1147747.5,559956596000000,2500,1200,0
14,7,7,3103,1797,1306,2319,1399,920,1147624.9,559914452000000,1300,600,100
85,31,54,11351,5959,5392,6727,4259,2468,1147365.4,559703864000000,8400,5200,0
105,51,54,12359,6967,5392,6535,4067,2468,1146789.4,559353220000000,10400,5300,0
22,10,12,2896,1104,1792,1440,436,1004,1146364.9,559290138000000,2000,1000,200
86,31,55,11281,5767,5514,6603,4067,2536,1146084.4,559080020000000,8500,5300,0
24,11,13,4117,2367,1750,2787,1747,1040,1145796.9,559009992000000,2300,1100,0
104,49,55,12489,6975,5514,6731,4195,2536,1145380.9,558674213000000,10300,5300,0
40,19,21,5695,3285,2410,3483,2215,1268,1144907.8,558548384000000,3900,2200,0
26,12,14,3292,1320,1972,1560,520,1040,1144699.8,558471510000000,2500,1200,0
85,31,54,11175,5783,5392,6551,4083,2468,1144405.8,558261997000000,8400,5200,0
21,14,7,1246,840,406,0,0,0,1154823,566891530000000,700,0,700
50,21,29,6927,3737,3190,4171,2563,1608,1165307.5,566749790000000,4800,2900,0
90,35,55,11521,6007,5514,6603,4067,2536,1164914,566509000000000,8900,5400,0
24,11,13,4125,2371,1754,2787,1747,1040,1164593.6,566438270000000,2300,1100,0
26,12,14,3292,1320,1972,1560,520,1040,1164440.6,566360430000000,2500,1200,0
86,31,55,11469,6023,5446,6791,4323,2468,1164142,566148290000000,8500,5200,0
90,33,57,11817,6171,5646,6899,4363,2536,1163690.9,565922140000000,8900,5500,0
26,12,14,3012,1204,1808,1560,520,1040,1163378.1,565844490000000,2500,1200,0
23,11,12,3541,1701,1840,2007,967,1040,1163225.4,565773890000000,2200,1000,0
36,16,20,5461,3105,2356,3483,2215,1268,1163043.5,565668000000000,3500,2100,0
24,11,13,4125,2371,1754,2787,1747,1040,1162861.8,565597400000000,2300,1100,0
89,33,56,11695,6171,5524,6831,4363,2468,1162556.8,565371710000000,8800,5400,0
26,12,14,3308,1336,1972,1576,536,1040,1162244.6,565294200000000,2500,1200,0
24,11,13,4117,2367,1750,2787,1747,1040,1162092.1,565223740000000,2300,1100,0
26,12,14,3292,1320,1972,1560,520,1040,1161939.8,565146230000000,2500,1200,0
26,12,14,3292,1320,1972,1560,520,1040,1161780.1,565068780000000,2500,1200,0
26,12,14,3292,1320,1972,1560,520,1040,1161620.5,564991340000000,2500,1200,0
26,12,14,3292,1320,1972,1560,520,1040,1161461,564913890000000,2500,1200,0
24,11,13,4117,2367,1750,2787,1747,1040,1161308.8,564843500000000,2300,1100,0
98,34,64,12893,6533,6360,7531,4671,2860,1160997.2,564611370000000,9700,6100,0
22,10,12,2896,1104,1792,1440,436,1004,1160693.2,564548150000000,2000,1000,200
22,10,12,2896,1104,1792,1440,436,1004,1160563,564484870000000,2000,1000,200
26,12,14,3292,1320,1972,1560,520,1040,1160418.1,564407560000000,2500,1200,0
23,11,12,3541,1701,1840,2007,967,1040,1160266.2,564337290000000,2200,1000,0
88,31,57,11525,5767,5758,6739,4067,2672,1159977,564126710000000,8700,5500,0
23,11,12,3541,1701,1840,2007,967,1040,1159687.9,564056510000000,2200,1000,0
27,12,15,3358,1320,2038,1560,520,1040,1159536.1,563979340000000,2600,1200,0
26,12,14,3292,1320,1972,1560,520,1040,1159377.1,563902160000000,2500,1200,0
26,12,14,3308,1336,1972,1576,536,1040,1159218.2,563825050000000,2500,1200,0
26,12,14,3292,1320,1972,1560,520,1040,1159059.4,563747940000000,2500,1200,0
39,18,21,5635,3225,2410,3483,2215,1268,1158857.1,563628760000000,3800,2200,0
26,12,14,3292,1320,1972,1560,520,1040,1158655.1,563551720000000,2500,1200,0
89,33,56,11897,6317,5580,7039,4503,2536,1158345.1,563327710000000,8800,5400,0
24,11,13,4125,2371,1754,2787,1747,1040,1158042.4,563257710000000,2300,1200,0
71,33,38,29634,3606,26028,25682,1714,23968,1157741.1,563033910000000,7000,2500,0
85,31,54,11635,5779,5856,6999,4067,2932,1157296.2,562824191000000,8400,5200,0
26,12,14,3923,1883,2040,2191,1083,1108,1157001.4,562747352000000,2500,1200,0
10,6,4,1059,379,680,479,23,456,1156886.2,562712455000000,800,300,200
24,11,13,4133,2383,1750,2803,1763,1040,1156778.4,562642628000000,2300,1100,0
86,31,55,11297,5783,5514,6619,4083,2536,1156490.9,562433249000000,8500,5300,0
24,11,13,4117,2367,1750,2787,1747,1040,1156203.5,562363489000000,2300,1100,0
24,11,13,4117,2367,1750,2787,1747,1040,1156059.9,562293729000000,2300,1100,0
87,32,55,11587,6129,5458,6843,4375,2468,1155765.6,562077639000000,8600,5300,0
23,11,12,3541,1701,1840,2007,967,1040,1155471.4,562007980000000,2200,1000,0
29,13,16,4134,1554,2580,2192,688,1504,1155313.5,561924396000000,2800,1400,0
85,31,54,11287,5895,5392,6663,4195,2468,1155012.5,561715553000000,8400,5200,0
68,26,42,8234,3454,4780,3722,1730,1992,1154618.5,561541640000000,6700,4000,0
24,11,13,4321,2555,1766,2971,1931,1040,1154367.9,561472116000000,2300,1200,0
26,12,14,3292,1320,1972,1560,520,1040,1154217.5,561395645000000,2500,1200,0
23,11,12,3541,1701,1840,2007,967,1040,1154067.2,561326120000000,2200,1000,0
26,12,14,3292,1320,1972,1560,520,1040,1153916.9,561249717000000,2500,1200,0
24,11,13,3192,1322,1870,1592,588,1004,1153766.6,561180226000000,2200,1100,200
26,12,14,3340,1396,1944,1592,588,1004,1153616.4,561103856000000,2300,1100,200
23,11,12,3541,1701,1840,2007,967,1040,1153466.2,561034432000000,2200,1000,0
26,12,14,3292,1320,1972,1560,520,1040,1153316.1,560958062000000,2500,1200,0
23,11,12,3541,1701,1840,2007,967,1040,1153166,560888671000000,2200,1000,0
26,12,14,3292,1320,1972,1560,520,1040,1153015.9,560812368000000,2500,1200,0
25,11,14,4179,2371,1808,2787,1747,1040,1152865.9,560743011000000,2400,1100,0
26,12,14,3292,1320,1972,1560,520,1040,1152715.9,560666742000000,2500,1200,0
81,31,50,11075,6023,5052,6655,4323,2332,1152423.2,560458839000000,7900,5000,200
19,9,10,2502,938,1564,1196,316,880,1152152.2,560403407000000,1700,600,0
87,31,56,11799,5767,6032,7067,4067,3000,1151881.4,560195705000000,8600,5500,0
89,33,56,12113,6021,6092,7255,4195,3060,1151439.8,559974313000000,8800,5400,0
26,12,14,3292,1320,1972,1560,520,1040,1151133.6,559898245000000,2500,1200,0
34,15,19,3828,1478,2350,1494,454,1040,1150955.6,559801440000000,2800,1100,100
24,11,13,4125,2371,1754,2787,1747,1040,1150785,559732352000000,2300,1100,0
26,12,14,3292,1320,1972,1560,520,1040,1150635.5,559656351000000,2500,1200,0
24,11,13,4181,2431,1750,2851,1811,1040,1150486,559587296000000,2300,1100,0
86,32,54,11283,5891,5392,6599,4131,2468,1150194.6,559373286000000,8500,5200,0
70,27,43,9503,4977,4526,5683,3487,2196,1149789.6,559193904000000,6900,4300,100
57,22,35,8101,4347,3754,4995,3139,1856,1149456,559049116000000,5600,3500,100
24,12,12,4191,2427,1764,2855,1747,1108,1149229.2,558973283000000,2300,1300,100
119,40,79,15893,7951,7942,9307,5751,3556,1148875.5,558704680000000,11700,7500,0
24,11,13,4117,2367,1750,2787,1747,1040,1148528.8,558635827000000,2300,1100,0
26,12,14,3292,1320,1972,1560,520,1040,1148379.9,558560128000000,2500,1200,0
26,12,14,3012,1204,1808,1560,520,1040,1148224,558484463000000,2500,1200,0
26,12,14,3292,1320,1972,1560,520,1040,1148068,558408797000000,2500,1200,0
22,10,12,2896,1104,1792,1440,436,1004,1147926.4,558346923000000,2000,1000,200
26,12,14,3292,1320,1972,1560,520,1040,1147784.8,558271291000000,2500,1200,0
24,16,8,1424,960,464,0,0,0,1156797.4,562793019000000,800,0,800
27,12,15,3358,1320,2038,1560,520,1040,1165807,562716817000000,2600,1200,0
85,31,54,11159,5767,5392,6535,4067,2468,1165512.5,562509115000000,8400,5200,0
24,11,13,4181,2431,1750,2851,1811,1040,1165225.2,562439926000000,2300,1100,0
24,11,13,4125,2371,1754,2787,1747,1040,1165081.6,562370737000000,2300,1100,0
84,30,54,11115,5723,5392,6551,4083,2468,1164801.9,562170216000000,8300,5200,0
24,11,13,4117,2367,1750,2787,1747,1040,1164522.1,562101093000000,2300,1100,0
26,12,14,3292,1320,1972,1560,520,1040,1164371.5,562025093000000,2500,1200,0
26,12,14,3292,1320,1972,1560,520,1040,1164213.8,561949092000000,2500,1200,0
22,10,12,2896,1104,1792,1440,436,1004,1164070.4,561886915000000,2000,1000,200
26,12,14,3308,1336,1972,1576,536,1040,1163927,561810982000000,2500,1200,0
39,14,25,7885,3979,3906,5715,3203,2512,1163755.2,561721257000000,3800,2500,100
45,18,27,7179,3673,3506,4715,2675,2040,1163540.6,561603951000000,4400,2700,100
26,12,14,3292,1320,1972,1560,520,1040,1163340.2,561528084000000,2500,1200,0
26,12,14,3292,1320,1972,1560,520,1040,1163182.8,561452218000000,2500,1200,0
26,12,14,3308,1336,1972,1576,536,1040,1163025.2,561376385000000,2500,1200,0
26,12,14,3292,1320,1972,1560,520,1040,1162867.9,561300585000000,2500,1200,0
87,32,55,11395,5937,5458,6651,4183,2468,1162567.6,561087045000000,8600,5300,0
26,12,14,3292,1320,1972,1560,520,1040,1162267.6,561011313000000,2500,1200,0
25,13,12,1476,780,696,0,0,0,1174268,571265480000000,1200,0,600
26,12,14,3292,1320,1972,1560,520,1040,1186265,571188440000000,2500,1200,0
26,12,14,3292,1320,1972,1560,520,1040,1186104.5,571111330000000,2500,1200,0
26,12,14,3292,1320,1972,1560,520,1040,1185944.1,571034290000000,2500,1200,0
32,15,17,4088,1722,2366,1960,724,1236,1185764.6,570936310000000,3100,1800,0
24,11,13,4181,2431,1750,2851,1811,1040,1185592.5,570866320000000,2300,1100,0
6,1,5,372,62,310,0,0,0,1185519.8,570866320000000,500,0,0
26,12,14,3292,1320,1972,1560,520,1040,1185439.6,570789340000000,2500,1200,0
85,31,54,11159,5767,5392,6535,4067,2468,1185141.2,570579490000000,8400,5300,0
15,7,8,2979,1619,1360,2135,1215,920,1184879.4,570537550000000,1400,500,0
26,12,14,3292,1320,1972,1560,520,1040,1184755.8,570460640000000,2500,1200,0
26,12,14,3292,1320,1972,1560,520,1040,1184595.8,570383800000000,2500,1200,0
90,33,57,11683,5981,5702,6771,4167,2604,1184283.6,570160330000000,8900,5500,0
85,31,54,11415,6023,5392,6791,4323,2468,1183833.8,569950950000000,8400,5200,0
26,12,14,3292,1320,1972,1560,520,1040,1183536.2,569874250000000,2500,1200,0
26,12,14,3716,1320,2396,1984,520,1464,1183376.6,569797540000000,2500,1300,0
24,11,13,4125,2371,1754,2787,1747,1040,1183224.2,569727810000000,2300,1100,0
26,12,14,3292,1320,1972,1560,520,1040,1183071.9,569651110000000,2500,1200,0
30,20,10,1780,1200,580,0,0,0,1193906.2,578145880000000,1000,0,1000
7,2,5,502,140,362,0,0,0,1204810.5,578138840000000,600,0,0
22,10,12,2896,1104,1792,1440,436,1004,1204736.9,578075220000000,2000,1000,200
26,12,14,3308,1336,1972,1576,536,1040,1204589.2,577997440000000,2500,1200,0
48,22,26,8234,4734,3500,5574,3494,2080,1204363.2,577849060000000,4600,2200,0
24,11,13,3607,1701,1906,2007,967,1040,1204144.8,577778460000000,2300,1100,0
23,11,12,2956,1164,1792,1440,436,1004,1203997.2,577707800000000,2000,1000,300
24,11,13,4181,2431,1750,2851,1811,1040,1203849.9,577637270000000,2300,1100,0
26,12,14,3292,1320,1972,1560,520,1040,1203695,577559620000000,2500,1200,0
26,12,14,3308,1336,1972,1576,536,1040,1203532.9,577481980000000,2500,1200,0
94,44,50,10406,4810,5596,4146,1882,2264,1203135.2,577178780000000,9100,4600,0
26,12,14,3308,1336,1972,1576,536,1040,1202737.9,577101270000000,2500,1200,0
26,12,14,3308,1336,1972,1576,536,1040,1202576,577023820000000,2500,1200,0
79,33,46,9372,4096,5276,4130,1898,2232,1202260,576798540000000,7800,4600,0
24,11,13,4125,2371,1754,2787,1747,1040,1201951.6,576728140000000,2300,1100,0
91,35,56,11713,6077,5636,6735,4131,2604,1201628.5,576489030000000,9000,5400,0
42,17,25,6863,3457,3406,4555,2507,2048,1201261.6,576376560000000,4100,2500,100
24,11,13,4117,2367,1750,2787,1747,1040,1201070.9,576306300000000,2300,1100,0
26,12,14,3308,1336,1972,1576,536,1040,1200916.9,576228990000000,2500,1200,0
92,32,60,12957,6129,6828,7943,4375,3568,1200609,576011350000000,9100,5800,0
16,8,8,2192,1164,1028,1084,628,456,1200331.4,575962230000000,1500,700,0
97,35,62,12537,6337,6200,7223,4415,2808,1200031.8,575723720000000,9600,6000,0
93,34,59,12505,6671,5834,7407,4803,2604,1199541.5,575492470000000,9200,5600,0
24,11,13,4125,2371,1754,2787,1747,1040,1199227,575422400000000,2300,1100,0
91,37,54,11519,6127,5392,6535,4067,2468,1198890.9,575170340000000,9000,5200,0
35,15,20,5579,3111,2468,3655,2275,1380,1198525.9,575072360000000,3300,2000,200
26,12,14,3292,1320,1972,1560,520,1040,1198343.2,574995460000000,2500,1200,0
24,11,13,4117,2367,1750,2787,1747,1040,1198189.9,574925530000000,2300,1100,0
26,12,14,3292,1320,1972,1560,520,1040,1198036.5,574848620000000,2500,1200,0
26,12,14,3308,1336,1972,1576,536,1040,1197875.9,574771720000000,2500,1200,0
26,12,14,3292,1320,1972,1560,520,1040,1197715.4,574694880000000,2500,1200,0
24,11,13,4117,2367,1750,2787,1747,1040,1197562.1,574625020000000,2300,1100,0
23,11,12,3541,1701,1840,2007,967,1040,1197416.2,574555160000000,2200,1000,0
26,12,14,3292,1320,1972,1560,520,1040,1197263.1,574478380000000,2500,1200,0
26,12,14,3292,1320,1972,1560,520,1040,1197102.8,574401610000000,2500,1200,0
98,34,64,13041,6613,6428,7679,4751,2928,1196782.2,574171360000000,9700,6200,0
26,12,14,3292,1320,1972,1560,520,1040,1196462,574094660000000,2500,1200,0
23,11,12,3541,1701,1840,2007,967,1040,1196309.1,574024930000000,2200,1000,0
24,11,13,4117,2367,1750,2787,1747,1040,1196163.5,573955270000000,2300,1100,0
8,5,3,945,319,626,479,23,456,1196062.8,573927350000000,700,200,100
22,10,12,2896,1104,1792,1440,436,1004,1195969.1,573864670000000,2000,1000,200
23,11,12,3557,1717,1840,2023,983,1040,1195830.9,573795010000000,2200,1000,0
23,11,12,3541,1701,1840,2007,967,1040,1195685.4,573725360000000,2200,1000,0
77,30,47,10565,5267,5298,6331,3603,2728,1195402.8,573523490000000,7600,4700,100
26,12,14,3292,1320,1972,1560,520,1040,1195113,573446990000000,2500,1200,0
87,32,55,11507,5993,5514,6763,4227,2536,1194808,573231430000000,8600,5300,0
26,12,14,3012,1204,1808,1560,520,1040,1194503.2,573154930000000,2500,1200,0
30,13,17,3572,1394,2178,1560,520,1040,1194336.4,573071580000000,2800,1200,0
115,49,66,14222,5646,8576,6592,2404,4188,1193901.4,572738320000000,11400,6400,0
23,11,12,2956,1164,1792,1440,436,1004,1193481.2,572668930000000,2000,1000,300
24,11,13,4181,2431,1750,2851,1811,1040,1193336.4,572599540000000,2300,1100,0
87,32,55,11341,5827,5514,6603,4067,2536,1193039.6,572384650000000,8600,5300,0
89,34,55,11393,5947,5446,6535,4067,2468,1192576.8,572156010000000,8800,5300,0
85,31,54,11371,5967,5404,6735,4267,2468,1192121.5,571948380000000,8400,5200,0
3,2,1,178,120,58,0,0,0,1191897.6,571941400000000,100,0,100
26,12,14,3292,1320,1972,1560,520,1040,1191810.9,571865300000000,2500,1200,0
23,11,12,3541,1701,1840,2007,967,1040,1191659.1,571796180000000,2200,1000,0
26,12,14,3907,1867,2040,2175,1067,1108,1191507.5,571720080000000,2500,1200,0
86,32,54,11219,5827,5392,6535,4067,2468,1191204.5,571505800000000,8500,5200,0
102,48,54,12307,6915,5392,6663,4195,2468,1190642.9,571181260000000,10100,5200,0
92,34,58,11989,6277,5712,6951,4415,2536,1190067.5,570953620000000,9100,5600,0
24,11,13,3054,1164,1890,1472,436,1036,1189758,570884640000000,2100,1100,300
12,8,4,712,480,232,0,0,0,1198666.5,586654350000000,400,0,400
22,10,12,2896,1104,1792,1440,436,1004,1207580.4,586590590000000,2000,1000,200
26,12,14,3308,1336,1972,1576,536,1040,1207434.2,586512750000000,2500,1200,0
8,5,3,504,302,202,32,0,32,1207324.8,586484430000000,600,100,200
26,12,14,3292,1320,1972,1560,520,1040,1207215.1,586406510000000,2500,1200,0
26,12,14,3308,1336,1972,1576,536,1040,1207054.5,586328670000000,2500,1200,0
26,12,14,3292,1320,1972,1560,520,1040,1206894,586250890000000,2500,1200,0
26,12,14,3292,1320,1972,1560,520,1040,1206733.4,586173040000000,2500,1200,0
87,33,54,11295,5903,5392,6551,4083,2468,1206419.9,585946820000000,8600,5200,0
26,12,14,3292,1320,1972,1560,520,1040,1206106.5,585869110000000,2500,1200,0
42,16,26,7053,3289,3764,4739,2399,2340,1205917.2,585763140000000,4100,2700,0
26,12,14,3308,1336,1972,1576,536,1040,1205728,585685430000000,2500,1200,0
60,23,37,8587,4645,3942,5307,3383,1924,1205487.8,585530140000000,5900,3700,100
59,23,36,8411,4535,3876,5191,3267,1924,1205167.6,585374980000000,5800,3600,100
37,16,21,5985,3111,2874,3947,2215,1732,1204898.5,585269150000000,3600,2200,0
88,33,55,11471,6013,5458,6667,4199,2468,1204557,585043670000000,8700,5300,0
28,14,14,3424,1452,1972,1560,520,1040,1204230,584952060000000,2700,1200,0
26,12,14,3012,1204,1808,1560,520,1040,1204055.6,584874620000000,2500,1200,0
26,12,14,3292,1320,1972,1560,520,1040,1203895.9,584797180000000,2500,1200,0
26,12,14,3292,1320,1972,1560,520,1040,1203736.1,584719730000000,2500,1200,0
26,12,14,3292,1320,1972,1560,520,1040,1203576.4,584642360000000,2500,1200,0
26,12,14,3308,1336,1972,1576,536,1040,1203416.8,584564980000000,2500,1200,0
93,34,59,11865,6167,5698,6767,4299,2468,1203097.8,584332920000000,9200,5400,0
24,11,13,4125,2371,1754,2787,1747,1040,1202786.1,584262650000000,2300,1100,0
24,11,13,4125,2371,1754,2787,1747,1040,1202641.2,584192390000000,2300,1100,0
24,11,13,4581,2371,2210,3243,1747,1496,1202496.4,584122200000000,2300,1200,0
26,12,14,3292,1320,1972,1560,520,1040,1202344.2,584044950000000,2500,1200,0
24,11,13,4181,2431,1750,2851,1811,1040,1202192.1,583974760000000,2300,1100,0
23,12,11,3288,1554,1734,2004,876,1128,1202040.1,583897520000000,2200,1400,0
7,4,3,478,272,206,0,0,0,1201938.8,583876440000000,600,0,0
100,43,57,12305,6615,5690,6799,4195,2604,1201613.4,583581900000000,9900,5500,0
92,36,56,11811,6175,5636,6791,4187,2604,1201057.2,583336690000000,9100,5600,100
96,42,54,11819,6427,5392,6535,4067,2468,1200508.6,583049600000000,9500,5200,0
26,12,14,3292,1320,1972,1560,520,1040,1200133.5,582972690000000,2500,1200,0
31,16,15,3956,2006,1950,2228,1100,1128,1199946.2,582867730000000,3000,1700,0
32,15,17,4088,1722,2366,1960,724,1236,1199737.5,582769890000000,3100,1800,0
25,12,13,4249,2495,1754,2851,1811,1040,1199557.2,582692980000000,2400,1200,0
26,12,14,3292,1320,1972,1560,520,1040,1199398.6,582616140000000,2500,1200,0
85,31,54,11303,5911,5392,6679,4211,2468,1199103.4,582406560000000,8400,5200,0
71,27,44,9511,4975,4536,5643,3491,2152,1198700.4,582225100000000,7000,4500,0
94,37,57,12093,6351,5742,6947,4291,2656,1198254.5,581974040000000,9300,5500,0
23,11,12,3541,1701,1840,2007,967,1040,1197923.8,581904320000000,2200,1000,0
22,10,12,2896,1104,1792,1440,436,1004,1197787.1,581841640000000,2000,1000,200
24,11,13,4117,2367,1750,2787,1747,1040,1197650.6,581771910000000,2300,1100,0
26,12,14,3292,1320,1972,1560,520,1040,1197499.8,581695340000000,2500,1200,0
24,11,13,4117,2367,1750,2787,1747,1040,1197348.9,581625680000000,2300,1100,0
34,16,18,4474,2138,2336,2596,1244,1352,1197169.2,581521260000000,3300,2200,0
26,12,14,3292,1320,1972,1560,520,1040,1196982.6,581444690000000,2500,1200,0
85,32,53,11361,5955,5406,6731,4195,2536,1196681.2,581229070000000,8400,5400,100
26,12,14,3292,1320,1972,1560,520,1040,1196380.1,581152560000000,2500,1200,0
26,12,14,3891,1851,2040,2159,1051,1108,1196222.4,581076120000000,2500,1200,0
27,12,15,3386,1336,2050,1576,536,1040,1196064.6,580999690000000,2600,1200,0
24,11,13,4189,2435,1754,2851,1811,1040,1195914.1,580930160000000,2300,1200,0
35,11,24,5752,1136,4616,3386,386,3000,1195771.1,580860770000000,3200,1900,0
23,11,12,3541,1701,1840,2007,967,1040,1195628,580791310000000,2200,1000,0
22,10,12,2896,1104,1792,1440,436,1004,1195492,580728840000000,2000,1000,200
36,16,20,5461,3105,2356,3483,2215,1268,1195320.1,580624680000000,3500,2100,0
72,25,47,11303,5921,5382,7375,4551,2824,1195041.2,580458190000000,7000,4700,200
19,9,10,1120,540,580,0,0,0,1202369.9,585574230000000,1000,0,400
24,11,13,4125,2371,1754,2787,1747,1040,1209796.6,585504300000000,2300,1100,0
24,11,13,3192,1322,1870,1592,588,1004,1209651.9,585434380000000,2200,1100,200
36,16,20,5461,3105,2356,3483,2215,1268,1209470.9,585329480000000,3500,2100,0
88,34,54,11403,6011,5392,6599,4131,2468,1209123.8,585098900000000,8700,5300,0
38,18,20,5581,3225,2356,3483,2215,1268,1208762.4,584980250000000,3700,2200,0
26,12,14,3292,1320,1972,1560,520,1040,1208560,584903410000000,2500,1200,0
56,22,34,8529,4421,4108,5459,3207,2252,1208328.9,584756910000000,5400,3400,200
26,12,14,3891,1851,2040,2159,1051,1108,1208097.9,584680210000000,2500,1200,0
3,2,1,184,122,62,0,0,0,1208011.2,584673230000000,100,0,100
86,32,54,11219,5827,5392,6535,4067,2468,1207780.5,584457070000000,8500,5300,0
26,12,14,3292,1320,1972,1560,520,1040,1207477.8,584380430000000,2500,1200,0
26,12,14,3308,1336,1972,1576,536,1040,1207319,584303860000000,2500,1200,0
98,44,54,12067,6675,5392,6663,4195,2468,1206929.9,584004490000000,9700,5200,0
105,35,70,14319,7291,7028,8551,5367,3184,1206375.9,583768000000000,10300,6600,0
26,12,14,3292,1320,1972,1560,520,1040,1206052.5,583691560000000,2500,1200,0
26,12,14,3292,1320,1972,1560,520,1040,1205894.1,583615120000000,2500,1200,0
99,36,63,12649,6287,6362,7227,4299,2928,1205563.6,583371990000000,9800,6200,0
60,23,37,8427,4361,4066,5147,3087,2060,1205154.2,583219310000000,5800,3700,200
17,8,9,3449,1983,1466,2503,1531,972,1204946,583170730000000,1600,800,100
29,15,14,3490,1518,1972,1560,520,1040,1204795.1,583073620000000,2800,1200,0
26,12,14,3292,1320,1972,1560,520,1040,1204615.6,582997320000000,2500,1200,0
26,12,14,3292,1320,1972,1560,520,1040,1204457.8,582921080000000,2500,1200,0
91,37,54,11519,6127,5392,6535,4067,2468,1204120.6,582671640000000,9000,5300,0
24,11,13,4189,2435,1754,2851,1811,1040,1203791,582602380000000,2300,1100,0
24,11,13,3607,1701,1906,2007,967,1040,1203647.6,582533130000000,2300,1100,0
47,19,28,7516,3744,3772,4890,2686,2204,1203447,582408570000000,4600,2800,0
24,11,13,4117,2367,1750,2787,1747,1040,1203246.5,582339310000000,2300,1100,0
38,15,23,5923,3157,2766,3843,2327,1516,1203074.6,582242480000000,3700,2300,100
24,11,13,4125,2371,1754,2787,1747,1040,1202902.9,582173350000000,2300,1100,0
26,12,14,3292,1320,1972,1560,520,1040,1202752.6,582097320000000,2500,1200,0
37,16,21,5515,3105,2410,3483,2215,1268,1202566.5,581993640000000,3600,2100,0
56,28,28,7439,4267,3172,4327,2675,1652,1202266.9,581807140000000,5500,2800,100
85,31,54,11159,5767,5392,6535,4067,2468,1201860.1,581600040000000,8400,5200,0
95,34,61,12297,6231,6066,7103,4363,2740,1201410.4,581372410000000,9400,5800,0
49,29,20,2900,1740,1160,0,0,0,1212719.1,585389610000000,2000,0,1400
123,54,69,14327,7477,6850,7495,4415,3080,1223875,585021990000000,12200,6500,0
91,34,57,11701,6011,5690,6735,4131,2604,1223251.1,584793350000000,9000,5500,0
26,12,14,3308,1336,1972,1576,536,1040,1222931.9,584717180000000,2500,1200,0
86,32,54,11219,5827,5392,6535,4067,2468,1222627.2,584502640000000,8500,5200,0
26,12,14,3292,1320,1972,1560,520,1040,1222322.8,584426530000000,2500,1200,0
22,10,12,2896,1104,1792,1440,436,1004,1222177.8,584364260000000,2000,1000,200
26,12,14,3292,1320,1972,1560,520,1040,1222032.8,584288220000000,2500,1200,0
81,36,45,10435,5801,4634,5979,3783,2196,1221699.6,584046300000000,8000,4500,100
22,10,12,2896,1104,1792,1440,436,1004,1221381.1,583984150000000,2000,1000,200
26,12,14,3292,1320,1972,1560,520,1040,1221236.4,583908190000000,2500,1200,0
6,1,5,372,62,310,0,0,0,1221156.8,583908190000000,500,0,0
25,11,14,4707,2435,2272,3315,1811,1504,1221084.5,583839130000000,2400,1300,0
29,13,16,4241,2001,2240,2311,1135,1176,1220925.2,583756320000000,2800,1400,0
6,1,5,350,60,290,0,0,0,1220838.5,583756320000000,500,0,0
22,10,12,2896,1104,1792,1440,436,1004,1220773.4,583694180000000,2000,1000,200
26,12,14,3292,1320,1972,1560,520,1040,1220628.8,583618280000000,2500,1200,0
3,2,1,178,120,58,0,0,0,1220542,583611430000000,100,0,100
23,11,12,3541,1701,1840,2007,967,1040,1220462.5,583542440000000,2200,1000,0
23,11,12,2956,1164,1792,1440,436,1004,1220317.9,583473450000000,2000,1000,300
86,31,55,11281,5767,5514,6603,4067,2536,1220029,583266690000000,8500,5300,0
26,12,14,3324,1352,1972,1592,552,1040,1219733.1,583190930000000,2500,1200,0
26,12,14,3292,1320,1972,1560,520,1040,1219574.2,583115160000000,2500,1200,0
23,11,12,3541,1701,1840,2007,967,1040,1219422.6,583046310000000,2200,1000,0
26,12,14,3292,1320,1972,1560,520,1040,1219271.1,582970610000000,2500,1200,0
23,11,12,3541,1701,1840,2007,967,1040,1219119.6,582901750000000,2200,1000,0
24,11,13,4117,2367,1750,2787,1747,1040,1218975.4,582832970000000,2300,1100,0
26,12,14,3292,1320,1972,1560,520,1040,1218824,582757340000000,2500,1200,0
31,13,18,5537,2849,2688,3835,2127,1708,1218658.2,582674790000000,3000,1800,100
59,23,36,8337,4517,3820,5111,3255,1856,1218413.4,582523530000000,5800,3600,100
24,11,13,4117,2367,1750,2787,1747,1040,1218183,582454810000000,2300,1100,0
17,8,9,4183,1857,2326,3231,1399,1832,1218060.6,582406760000000,1500,800,200
85,31,54,11175,5783,5392,6551,4083,2468,1217794.5,582200740000000,8400,5200,0
26,12,14,3292,1320,1972,1560,520,1040,1217499.6,582125240000000,2500,1200,0
85,31,54,11159,5767,5392,6535,4067,2468,1217204.9,581919410000000,8400,5200,0
26,12,14,3292,1320,1972,1560,520,1040,1216910.2,581843980000000,2500,1200,0
86,32,54,11219,5827,5392,6535,4067,2468,1216608.6,581631520000000,8500,5300,0
109,34,75,14969,6771,8198,8971,4915,4056,1216149.9,581405500000000,10800,7400,100
26,12,14,3292,1320,1972,1560,520,1040,1215834.9,581330200000000,2500,1200,0
26,12,14,3308,1336,1972,1576,536,1040,1215677,581254900000000,2500,1200,0
28,13,15,3452,1402,2050,1576,536,1040,1215512.1,581172830000000,2700,1300,0
10,3,7,620,186,434,0,0,0,1215411.8,581159140000000,700,0,0
98,34,64,12875,6375,6500,7507,4495,3012,1215161.2,580933520000000,9700,6100,0
26,12,14,3292,1320,1972,1560,520,1040,1214846.2,580858360000000,2500,1200,0
26,12,14,3292,1320,1972,1560,520,1040,1214688.6,580783190000000,2500,1200,0
26,12,14,3012,1204,1808,1560,520,1040,1214531.1,580708030000000,2500,1200,0
23,11,12,3541,1701,1840,2007,967,1040,1214380.8,580639780000000,2200,1000,0
3,2,1,178,120,58,0,0,0,1214302.1,580632940000000,100,0,100
22,10,12,2896,1104,1792,1440,436,1004,1214230.5,580571470000000,2000,1000,200
23,11,12,3541,1701,1840,2007,967,1040,1214094.6,580503220000000,2200,1000,0
24,11,13,4125,2371,1754,2787,1747,1040,1213951.5,580435030000000,2300,1100,0
22,10,12,2896,1104,1792,1440,436,1004,1213815.6,580373630000000,2000,1000,200
24,11,13,4117,2367,1750,2787,1747,1040,1213679.9,580305380000000,2300,1100,0
26,12,14,3292,1320,1972,1560,520,1040,1213529.8,580230350000000,2500,1200,0
26,12,14,3292,1320,1972,1560,520,1040,1213372.5,580155390000000,2500,1200,0
22,9,13,2966,980,1986,1504,384,1120,1213236.9,580100830000000,2000,1100,100
24,11,13,4117,2367,1750,2787,1747,1040,1213108.2,580032720000000,2300,1100,0
93,37,56,11765,6253,5512,6667,4199,2468,1212780,579787500000000,9200,5400,0
26,12,14,3292,1320,1972,1560,520,1040,1212444.8,579712670000000,2500,1200,0
23,11,12,3541,1701,1840,2007,967,1040,1212295,579644630000000,2200,1000,0
29,13,16,4241,2001,2240,2311,1135,1176,1212138,579562950000000,2800,1400,0
26,12,14,3891,1851,2040,2159,1051,1108,1211974.1,579488130000000,2500,1200,0
85,31,54,11223,5831,5392,6599,4131,2468,1211682,579284180000000,8400,5200,0
89,33,56,11651,6015,5636,6799,4195,2604,1211240.8,579066820000000,8800,5400,0
22,10,12,2896,1104,1792,1440,436,1004,1210949.1,579005680000000,2000,1000,200
24,11,13,4117,2367,1750,2787,1747,1040,1210813.9,578937770000000,2300,1100,0
23,11,12,3541,1701,1840,2007,967,1040,1210671.6,578869920000000,2200,1000,0
26,12,14,3012,1204,1808,1560,520,1040,1210522.2,578795300000000,2500,1200,0
28,12,16,3524,1336,2188,1660,536,1124,1210365.8,578720670000000,2700,1400,0
85,31,54,11621,5773,5848,6991,4067,2924,1210074.5,578517260000000,8400,5200,0
91,37,54,11519,6127,5392,6535,4067,2468,1209606,578273320000000,9000,5200,0
117,53,64,14001,7685,6316,7487,4695,2792,1208982,577921400000000,11600,6200,0
2,1,1,118,60,58,0,0,0,1208613.6,577921400000000,100,0,0
23,11,12,3541,1701,1840,2007,967,1040,1208542.8,577853760000000,2200,1000,0
24,11,13,4189,2435,1754,2851,1811,1040,1208401,577786110000000,2300,1100,0
97,38,59,12223,6361,5862,6903,4247,2656,1208068.2,577536070000000,9600,5600,0
24,11,13,4125,2371,1754,2787,1747,1040,1207735.8,577468550000000,2300,1100,0
23,11,12,4131,2367,1764,2855,1747,1108,1207594.1,577400970000000,2200,1200,100
95,32,63,13451,6993,6458,8251,5239,3012,1207304.4,577191800000000,9400,6100,0
96,39,57,11875,6253,5622,6603,4067,2536,1206817,576935510000000,9500,5400,0
3,2,1,184,122,62,0,0,0,1206541.8,576928730000000,100,0,100
85,31,54,11159,5767,5392,6535,4067,2468,1206322.9,576726600000000,8400,5200,0
26,12,14,3292,1320,1972,1560,520,1040,1206033.6,576652510000000,2500,1200,0
24,11,13,4125,2371,1754,2787,1747,1040,1205885.4,576585130000000,2300,1100,0
26,12,14,3292,1320,1972,1560,520,1040,1205737.2,576511110000000,2500,1200,0
87,33,54,11279,5887,5392,6535,4067,2468,1205434.1,576295830000000,8600,5300,0
26,12,14,3907,1867,2040,2175,1067,1108,1205131.1,576221810000000,2500,1200,0
26,12,14,3292,1320,1972,1560,520,1040,1204976,576147850000000,2500,1200,0
32,15,17,4088,1722,2366,1960,724,1236,1204802,576053760000000,3100,1800,0
24,11,13,4117,2367,1750,2787,1747,1040,1204635,575986520000000,2300,1100,0
26,12,14,3308,1336,1972,1576,536,1040,1204487.1,575912630000000,2500,1200,0
50,20,30,7311,3755,3556,4547,2643,1904,1204276,575785060000000,4900,2800,0
26,12,14,3292,1320,1972,1560,520,1040,1204065,575711170000000,2500,1200,0
85,31,54,11159,5767,5392,6535,4067,2468,1203776.8,575509910000000,8400,5200,0
23,11,12,3541,1701,1840,2007,967,1040,1203495.6,575442810000000,2200,1000,0
32,16,16,4366,2138,2228,2596,1244,1352,1203319.9,575342280000000,3100,2100,0
86,31,55,11281,5767,5514,6603,4067,2536,1203004,575141220000000,8500,5300,0
32,14,18,5169,2877,2292,3407,2095,1312,1202702.2,575054110000000,3100,1800,100
26,12,14,3292,1320,1972,1560,520,1040,1202533.8,574980490000000,2500,1200,0
7,2,5,410,120,290,0,0,0,1202449.9,574973780000000,500,0,100
97,37,60,12267,6143,6124,6959,4083,2876,1202190.9,574732860000000,9600,5800,0
24,11,13,4117,2367,1750,2787,1747,1040,1201868.8,574665950000000,2300,1100,0
31,14,17,3850,1656,2194,1764,724,1040,1201707.6,574579050000000,3000,1400,0
27,13,14,3374,1402,1972,1576,536,1040,1201532.5,574498780000000,2600,1200,0
87,32,55,11395,5937,5458,6651,4183,2468,1201231.4,574291690000000,8600,5300,0
24,11,13,4125,2371,1754,2787,1747,1040,1200944.5,574224850000000,2300,1100,0
26,12,14,3292,1320,1972,1560,520,1040,1200797.6,574151430000000,2500,1200,0
24,11,13,4117,2367,1750,2787,1747,1040,1200650.6,574084660000000,2300,1100,0
85,31,54,11159,5767,5392,6535,4067,2468,1200371,573884470000000,8400,5200,0
26,12,14,3308,1336,1972,1576,536,1040,1200084.5,573811120000000,2500,1200,0
36,16,20,5509,3141,2368,3519,2251,1268,1199902.9,573711130000000,3500,2100,0
26,12,14,3891,1851,2040,2159,1051,1108,1199721.2,573637850000000,2500,1200,0
24,11,13,4133,2383,1750,2803,1763,1040,1199574.6,573571210000000,2300,1100,0
24,11,13,4117,2367,1750,2787,1747,1040,1199435,573504570000000,2300,1100,0
15,7,8,3613,1797,1816,2775,1399,1376,1199323.2,573464570000000,1400,700,100
26,12,14,3292,1320,1972,1560,520,1040,1199204.6,573391350000000,2500,1200,0
23,11,12,3541,1701,1840,2007,967,1040,1199058.1,573324780000000,2200,1000,0
93,34,59,11831,5949,5882,6739,4067,2672,1198758.4,573105140000000,9100,5500,0
90,33,57,11603,5905,5698,6687,4083,2604,1198305.6,572892400000000,8800,5400,0
85,31,54,11351,5959,5392,6727,4259,2468,1197874,572693020000000,8400,5200,0
51,20,31,7411,4041,3370,4623,2935,1688,1197533.1,572566850000000,5000,3000,0
26,12,14,3292,1320,1972,1560,520,1040,1197324.4,572493840000000,2500,1200,0
26,12,14,3308,1336,1972,1576,536,1040,1197171.4,572420830000000,2500,1200,0
3,2,1,184,122,62,0,0,0,1197087.9,572414180000000,100,0,100
86,31,55,11281,5767,5514,6603,4067,2536,1196872.5,572215200000000,8500,5300,0
24,11,13,4125,2371,1754,2787,1747,1040,1196594.6,572148900000000,2300,1100,0
24,11,13,3446,1164,2282,1864,436,1428,1196455.8,572082600000000,2100,1100,300
26,12,14,3012,1204,1808,1560,520,1040,1196309.9,572009720000000,2500,1200,0
26,12,14,3292,1320,1972,1560,520,1040,1196157.1,571936840000000,2500,1200,0
60,23,37,8511,4581,3930,5243,3319,1924,1195928.1,571791080000000,5900,3700,100
86,31,55,11733,5831,5902,7055,4131,2924,1195567.5,571592570000000,8500,5300,0
26,12,14,3308,1336,1972,1576,536,1040,1195283.4,571519760000000,2500,1200,0
27,12,15,3358,1320,2038,1560,520,1040,1195130.9,571447010000000,2600,1200,0
24,11,13,4133,2383,1750,2803,1763,1040,1194985.2,571380910000000,2300,1100,0
24,11,13,4117,2367,1750,2787,1747,1040,1194846.8,571314740000000,2300,1100,0
24,9,15,5137,2247,2890,3819,1747,2072,1194722.1,571261860000000,2300,1500,100
23,11,12,4099,2367,1732,2823,1747,1076,1194597.6,571195820000000,2200,1200,0
26,12,14,3292,1320,1972,1560,520,1040,1194452.2,571123140000000,2500,1200,0
26,12,14,3292,1320,1972,1560,520,1040,1194299.9,571050460000000,2500,1200,0
66,25,41,9267,4985,4282,5675,3615,2060,1194057.8,570892020000000,6500,4100,100
23,11,12,3541,1701,1840,2007,967,1040,1193822.6,570825980000000,2200,1000,0
23,11,12,3541,1701,1840,2007,967,1040,1193684.4,570760020000000,2200,1000,0
22,10,12,2896,1104,1792,1440,436,1004,1193553,570700690000000,2000,1000,200
26,12,14,3292,1320,1972,1560,520,1040,1193414.8,570628080000000,2500,1200,0
23,11,12,3541,1701,1840,2007,967,1040,1193269.6,570562180000000,2200,1000,0
37,16,21,4584,1866,2718,2102,790,1312,1193097.1,570463260000000,3600,1900,0
23,11,12,3541,1701,1840,2007,967,1040,1192924.6,570397430000000,2200,1000,0
24,11,13,4117,2367,1750,2787,1747,1040,1192786.5,570331530000000,2300,1100,0
7,4,3,420,246,174,0,0,0,1192696.8,570311730000000,600,0,0
26,12,14,3292,1320,1972,1560,520,1040,1192600.1,570239320000000,2500,1200,0
85,31,54,11165,5773,5392,6535,4067,2468,1192317.4,570041820000000,8400,5200,0
26,12,14,3292,1320,1972,1560,520,1040,1192034.8,569969410000000,2500,1200,0
32,15,17,4503,2145,2358,2363,1135,1228,1191862.4,569877330000000,3100,1500,0
23,11,12,3541,1701,1840,2007,967,1040,1191697,569811570000000,2200,1000,0
103,49,54,12367,6975,5392,6663,4195,2468,1191298.5,569496090000000,10200,5300,0
24,11,13,4117,2367,1750,2787,1747,1040,1190900.2,569430390000000,2300,1100,0
22,10,12,2896,1104,1792,1440,436,1004,1190769.5,569371330000000,2000,1000,200
26,12,14,3292,1320,1972,1560,520,1040,1190631.9,569299120000000,2500,1200,0
22,10,12,2896,1104,1792,1440,436,1004,1190494.2,569240070000000,2000,1000,200
20,10,10,2692,1020,1672,1368,364,1004,1190370.5,569181010000000,1700,900,200
86,31,55,11297,5783,5514,6619,4083,2536,1190102.5,568984250000000,8500,5300,0
48,22,26,8298,4798,3500,5638,3558,2080,1189753,568846540000000,4600,2200,0
29,14,15,3926,1464,2462,1984,520,1464,1189520.2,568761380000000,2800,1300,0
11,6,5,720,370,350,64,0,64,1189396.8,568728630000000,900,200,100
26,12,14,3292,1320,1972,1560,520,1040,1189286.9,568656560000000,2500,1200,0
3,2,1,178,120,58,0,0,0,1189204.5,568650050000000,100,0,100
26,12,14,3292,1320,1972,1560,520,1040,1189122.1,568577970000000,2500,1200,0
26,12,14,3292,1320,1972,1560,520,1040,1188971.2,568505960000000,2500,1200,0
26,12,14,3292,1320,1972,1560,520,1040,1188820.2,568434020000000,2500,1200,0
38,15,23,5923,3157,2766,3843,2327,1516,1188648.9,568342420000000,3700,2400,0
26,12,14,3292,1320,1972,1560,520,1040,1188477.5,568270480000000,2500,1200,0
27,12,15,3378,1332,2046,1560,520,1040,1188326.8,568198540000000,2600,1200,0
26,12,14,3292,1320,1972,1560,520,1040,1188176,568126600000000,2500,1200,0
40,19,21,5695,3285,2410,3483,2215,1268,1187977.4,568008960000000,3900,2200,0
87,32,55,11273,5827,5446,6535,4067,2468,1187642.1,567806490000000,8600,5200,0
26,12,14,3292,1320,1972,1560,520,1040,1187354.9,567734680000000,2500,1200,0
23,11,12,3541,1701,1840,2007,967,1040,1187211.1,567669380000000,2200,1000,0
26,12,14,3292,1320,1972,1560,520,1040,1187067.5,567597640000000,2500,1200,0
14,7,7,3103,1797,1306,2319,1399,920,1186951.4,567558450000000,1300,600,100
26,12,14,3292,1320,1972,1560,520,1040,1186835.2,567486710000000,2500,1200,0
27,12,15,3822,1320,2502,2024,520,1504,1186684.9,567414970000000,2600,1300,0
3,2,1,184,122,62,0,0,0,1186602.9,567408470000000,100,0,100
26,12,14,3292,1320,1972,1560,520,1040,1186520.9,567336730000000,2500,1200,0
22,10,12,2896,1104,1792,1440,436,1004,1186384.2,567278070000000,2000,1000,200
6,1,5,372,62,310,0,0,0,1186322.8,567278070000000,500,0,0
7,4,3,412,242,170,0,0,0,1186302.2,567258540000000,600,0,0
26,12,14,3308,1336,1972,1576,536,1040,1186206.8,567186870000000,2500,1200,0
26,12,14,3292,1320,1972,1560,520,1040,1186056.5,567115200000000,2500,1200,0
22,10,12,2896,1104,1792,1440,436,1004,1185920,567056610000000,2000,1000,200
26,12,14,3292,1320,1972,1560,520,1040,1185783.5,566984940000000,2500,1200,0
23,11,12,3541,1701,1840,2007,967,1040,1185640.1,566919850000000,2200,1000,0
23,11,12,3541,1701,1840,2007,967,1040,1185503.8,566854750000000,2200,1000,0
26,12,14,3292,1320,1972,1560,520,1040,1185360.5,566783210000000,2500,1200,0
26,12,14,3292,1320,1972,1560,520,1040,1185210.5,566711670000000,2500,1200,0
14,7,7,2931,1625,1306,2135,1215,920,1185094.6,566672620000000,1300,500,0
95,40,55,11885,6371,5514,6667,4131,2536,1184788.4,566419080000000,9400,5400,0
79,30,49,10669,5615,5054,6363,3963,2400,1184325.8,566230700000000,7800,4900,100
63,24,39,8857,4751,4106,5427,3435,1992,1183972.1,566081450000000,6200,3900,100
26,12,14,3292,1320,1972,1560,520,1040,1183740.9,566010050000000,2500,1200,0
40,20,20,5815,3347,2468,3591,2211,1380,1183537.1,565886770000000,3800,2000,200
26,12,14,3292,1320,1972,1560,520,1040,1183333.2,565815500000000,2500,1200,0
87,33,54,11471,6079,5392,6727,4259,2468,1183041.4,565608070000000,8600,5200,0
36,16,20,5461,3105,2356,3483,2215,1268,1182722.4,565510890000000,3500,2200,0
22,10,12,2896,1104,1792,1440,436,1004,1182559.5,565452640000000,2000,1000,200
29,13,16,4241,2001,2240,2311,1135,1176,1182417,565374930000000,2800,1400,0
73,29,44,9673,5205,4468,5691,3607,2084,1182145.8,565193740000000,7200,4500,0
29,13,16,4241,2001,2240,2311,1135,1176,1181874.6,565116090000000,2800,1400,0
23,11,12,3557,1717,1840,2023,983,1040,1181725.6,565051400000000,2200,1000,0
23,11,12,3541,1701,1840,2007,967,1040,1181590,564986770000000,2200,1000,0
26,12,14,3292,1320,1972,1560,520,1040,1181447.8,564915640000000,2500,1200,0
26,12,14,3292,1320,1972,1560,520,1040,1181298.8,564844570000000,2500,1200,0
30,13,17,4987,2817,2170,3339,2095,1244,1181143,564767060000000,2900,1700,100
22,10,12,2896,1104,1792,1440,436,1004,1181000.9,564708940000000,2000,1000,200
23,11,12,3557,1717,1840,2023,983,1040,1180872.4,564644320000000,2200,1000,0
27,12,15,3358,1320,2038,1560,520,1040,1180730.2,564573320000000,2600,1200,0
26,12,14,3292,1320,1972,1560,520,1040,1180581.4,564502320000000,2500,1200,0
27,12,15,3358,1320,2038,1560,520,1040,1180432.6,564431310000000,2600,1200,0
87,32,55,11395,5937,5458,6651,4183,2468,1180148.9,564231400000000,8600,5300,0
26,12,14,3292,1320,1972,1560,520,1040,1179865.2,564160460000000,2500,1200,0
27,18,9,1602,1080,522,0,0,0,1190613.2,572710470000000,900,0,900
23,11,12,3541,1701,1840,2007,967,1040,1201364.6,572645040000000,2200,1000,0
14,7,7,2925,1619,1306,2135,1215,920,1201254.6,572605780000000,1300,500,0
26,12,14,3308,1336,1972,1576,536,1040,1201137.8,572533840000000,2500,1200,0
30,12,18,3760,1320,2440,1764,520,1244,1200986.6,572461960000000,2900,1500,0
26,12,14,3292,1320,1972,1560,520,1040,1200835.5,572390090000000,2500,1200,0
103,36,67,13495,6785,6710,7827,4815,3012,1200519.9,572161450000000,10200,6600,0
22,10,12,2896,1104,1792,1440,436,1004,1200218.1,572102660000000,2000,1000,200
84,30,54,11259,5867,5392,6695,4227,2468,1199957.5,571913420000000,8300,5200,0
23,11,12,2956,1164,1792,1440,436,1004,1199690.1,571848190000000,2000,1000,300
21,10,11,3949,2307,1642,2787,1747,1040,1199559.9,571789530000000,2000,1100,100
24,11,13,4117,2367,1750,2787,1747,1040,1199429.6,571724300000000,2300,1100,0
27,12,15,3822,1320,2502,2024,520,1504,1199285.6,571652630000000,2600,1300,0
24,11,13,4117,2367,1750,2787,1747,1040,1199141.8,571587400000000,2300,1100,0
26,12,14,3292,1320,1972,1560,520,1040,1198998,571515730000000,2500,1200,0
87,32,55,11469,5955,5514,6731,4195,2536,1198710.5,571313870000000,8600,5300,0
85,31,54,11383,5991,5392,6759,4291,2468,1198293.2,571118650000000,8400,5200,0
6,4,2,356,240,116,0,0,0,1199080.8,571453720000000,200,0,200
26,12,14,3292,1320,1972,1560,520,1040,1199997.8,571382120000000,2500,1200,0
89,33,56,11471,5903,5568,6619,4083,2536,1199703.5,571173940000000,8800,5400,0
25,12,13,4237,2431,1806,2839,1747,1092,1199409.4,571102410000000,2400,1200,0
26,13,13,3633,1691,1942,1901,825,1076,1199252,571024420000000,2500,1300,0
26,12,14,3292,1320,1972,1560,520,1040,1199094.6,570952950000000,2500,1200,0
26,12,14,3292,1320,1972,1560,520,1040,1198944.2,570881480000000,2500,1200,0
26,12,14,3292,1320,1972,1560,520,1040,1198793.9,570810010000000,2500,1200,0
23,11,12,3541,1701,1840,2007,967,1040,1198650.2,570745050000000,2200,1000,0
30,14,16,4935,2851,2084,3275,2063,1212,1198493.1,570660690000000,2900,1700,0
88,32,56,11395,5827,5568,6603,4067,2536,1198192.8,570459500000000,8700,5400,0
48,20,28,6845,3785,3060,4219,2679,1540,1197851.6,570336290000000,4700,2900,0
92,37,55,11573,6127,5446,6535,4067,2468,1197477.1,570103020000000,9100,5300,0
36,16,20,5461,3105,2356,3483,2215,1268,1197130.1,570005850000000,3500,2100,0
85,31,54,11159,5767,5392,6535,4067,2468,1196823.6,569811630000000,8400,5300,0
26,12,14,3292,1320,1972,1560,520,1040,1196544.5,569740430000000,2500,1200,0
8,5,3,512,306,206,32,0,32,1196442.4,569714530000000,600,100,200
3,2,1,208,134,74,0,0,0,1196408.4,569708080000000,100,0,100
26,12,14,3308,1336,1972,1576,536,1040,1196326.6,569636950000000,2500,1200,0
108,52,56,12663,7027,5636,6671,4067,2604,1195905.6,569307240000000,10700,5500,0
26,12,14,3292,1320,1972,1560,520,1040,1195484.9,569236170000000,2500,1200,0
87,33,54,11279,5887,5392,6535,4067,2468,1195192.9,569029610000000,8600,5300,0
85,31,54,11287,5895,5392,6663,4195,2468,1194772,568836000000000,8400,5200,0
93,39,54,11639,6247,5392,6535,4067,2468,1194310.8,568591060000000,9200,5200,0
26,12,14,3292,1320,1972,1560,520,1040,1193978.6,568520190000000,2500,1200,0
42,21,21,5815,3405,2410,3483,2215,1268,1193768.6,568391340000000,4100,2200,0
8,5,3,512,306,206,32,0,32,1193606.1,568365570000000,600,100,200
26,12,14,3012,1204,1808,1560,520,1040,1193504.5,568294770000000,2500,1200,0
89,33,56,11523,5887,5636,6671,4067,2604,1193213.4,568088880000000,8800,5400,0
26,12,14,3292,1320,1972,1560,520,1040,1192922.4,568018080000000,2500,1200,0
26,12,14,3292,1320,1972,1560,520,1040,1192773.5,567947350000000,2500,1200,0
92,36,56,11703,6067,5636,6671,4067,2604,1192462.5,567722400000000,9100,5400,0
26,12,14,3292,1320,1972,1560,520,1040,1192151.6,567651730000000,2500,1200,0
26,12,14,3292,1320,1972,1560,520,1040,1192002.9,567581140000000,2500,1200,0
25,11,14,4179,2371,1808,2787,1747,1040,1191861,567516910000000,2400,1100,0
53,20,33,7015,3677,3338,4031,2551,1480,1191665.2,567394980000000,5100,2700,0
90,35,55,11521,6007,5514,6603,4067,2536,1191307.8,567176870000000,8900,5300,0
24,11,13,4133,2383,1750,2803,1763,1040,1191011,567112780000000,2300,1100,0
14,7,7,3103,1797,1306,2319,1399,920,1190903,567074260000000,1300,600,100
85,31,54,11159,5767,5392,6535,4067,2468,1190660.4,566882060000000,8400,5200,0
24,11,13,4117,2367,1750,2787,1747,1040,1190390.9,566818040000000,2300,1100,0
3,2,1,178,120,58,0,0,0,1190316.8,566811600000000,100,0,100
26,12,14,3292,1320,1972,1560,520,1040,1190235.9,566741200000000,2500,1200,0
24,11,13,4117,2367,1750,2787,1747,1040,1190094.4,566677180000000,2300,1100,0
23,11,12,3541,1701,1840,2007,967,1040,1189959.6,566613160000000,2200,1000,0
26,12,14,3292,1320,1972,1560,520,1040,1189818.2,566542760000000,2500,1200,0
25,12,13,3242,1336,1906,1576,536,1040,1189670.1,566472430000000,2400,1200,0
95,36,59,12443,6569,5874,7231,4575,2656,1189361.2,566248620000000,9400,5600,0
82,30,52,11515,5835,5680,7059,4195,2864,1188931.5,566063330000000,8100,5200,100
26,12,14,3308,1336,1972,1576,536,1040,1188662.8,565993070000000,2500,1200,0
26,12,14,3292,1320,1972,1560,520,1040,1188515,565922880000000,2500,1200,0
85,31,54,11159,5767,5392,6535,4067,2468,1188239.8,565731410000000,8400,5200,0
26,12,14,3292,1320,1972,1560,520,1040,1187964.5,565661220000000,2500,1200,0
85,31,54,11287,5895,5392,6663,4195,2468,1187689.5,565469960000000,8400,5200,0
20,9,11,1178,540,638,0,0,0,1196013.6,573742940000000,1100,0,400
26,12,14,3292,1320,1972,1560,520,1040,1204463.1,573671800000000,2500,1200,0
87,33,54,11279,5887,5392,6535,4067,2468,1204170.9,573465040000000,8600,5300,0
26,12,14,3308,1336,1972,1576,536,1040,1203878.8,573393970000000,2500,1200,0
24,11,13,4117,2367,1750,2787,1747,1040,1203736,573329410000000,2300,1100,0
26,12,14,3292,1320,1972,1560,520,1040,1203593.4,573258410000000,2500,1200,0
99,36,63,15464,6846,8618,10030,4858,5172,1203282.1,573032520000000,9800,6100,0
87,32,55,11357,5843,5514,6619,4083,2536,1202835.6,572832670000000,8600,5300,0
85,31,54,11223,5831,5392,6599,4131,2468,1202422.2,572639330000000,8400,5200,0
22,10,12,2896,1104,1792,1440,436,1004,1202158,572581420000000,2000,1000,200
74,29,45,9302,3672,5630,4378,1726,2652,1201908,572401100000000,7300,4400,0
87,32,55,11341,5827,5514,6603,4067,2536,1201509.2,572201720000000,8600,5300,0
23,11,12,3541,1701,1840,2007,967,1040,1201231.9,572137360000000,2200,1000,0
22,10,12,2896,1104,1792,1440,436,1004,1201103.4,572079510000000,2000,1000,200
88,33,55,11529,6015,5514,6731,4195,2536,1200826.2,571873890000000,8700,5300,0
26,12,14,3308,1336,1972,1576,536,1040,1200535.8,571803220000000,2500,1200,0
78,29,49,10561,5507,5054,6315,3915,2400,1200272.4,571623440000000,7700,4900,100
28,13,15,3488,1438,2050,1612,572,1040,1200002.4,571546460000000,2700,1300,0
26,12,14,3292,1320,1972,1560,520,1040,1199847.1,571475870000000,2500,1200,0
25,12,13,3244,1338,1906,1578,538,1040,1199698.6,571405330000000,2400,1200,0
26,12,14,3292,1320,1972,1560,520,1040,1199550.2,571334800000000,2500,1200,0
26,12,14,3292,1320,1972,1560,520,1040,1199401.9,571264270000000,2500,1200,0
24,11,13,4125,2371,1754,2787,1747,1040,1199260.2,571200180000000,2300,1100,0
26,12,14,3292,1320,1972,1560,520,1040,1199118.6,571129650000000,2500,1200,0
86,35,51,10883,5569,5314,6139,3603,2536,1198815.5,570911880000000,8400,4900,100
24,11,13,4117,2367,1750,2787,1747,1040,1198519.2,570847860000000,2300,1100,0
100,45,55,13123,7653,5470,7587,5119,2468,1198155.9,570566410000000,9900,5300,0
26,12,14,3292,1320,1972,1560,520,1040,1197786.1,570496080000000,2500,1200,0
103,36,67,13365,6607,6758,7691,4611,3080,1197477,570272400000000,10100,6400,0
22,10,12,2896,1104,1792,1440,436,1004,1197181.5,570214890000000,2000,1000,200
24,11,13,4117,2367,1750,2787,1747,1040,1197053.8,570151070000000,2300,1100,0
26,12,14,3308,1336,1972,1576,536,1040,1196912.8,570080810000000,2500,1200,0
37,15,22,6775,3747,3028,4715,2903,1812,1196744.9,569991420000000,3500,2000,0
27,12,15,5175,2717,2458,3683,2043,1640,1196577.1,569921290000000,2600,1500,100
92,38,54,11579,6187,5392,6535,4067,2468,1196255.1,569685270000000,9100,5200,0
101,36,65,13077,6635,6442,7535,4659,2876,1195772.6,569462260000000,10000,6300,0
34,14,20,4274,1506,2768,1966,538,1428,1195451.4,569379450000000,3300,1900,0
26,12,14,3292,1320,1972,1560,520,1040,1195290.8,569309390000000,2500,1200,0
26,12,14,3292,1320,1972,1560,520,1040,1195143.5,569239400000000,2500,1200,0
26,12,14,3292,1320,1972,1560,520,1040,1194996.1,569169400000000,2500,1200,0
26,12,14,3012,1204,1808,1560,520,1040,1194848.9,569099410000000,2500,1200,0
88,33,55,11333,5887,5446,6535,4067,2468,1194561.2,568895930000000,8700,5300,0
21,10,11,2842,1104,1738,1440,436,1004,1194287.1,568838690000000,2000,1000,100
96,33,63,13921,6991,6930,8583,5175,3408,1194013.4,568635350000000,9400,6100,100
84,30,54,11259,5867,5392,6695,4227,2468,1193606.4,568451270000000,8300,5200,0
26,12,14,3308,1336,1972,1576,536,1040,1193339.4,568381410000000,2500,1200,0
24,11,13,4125,2371,1754,2787,1747,1040,1193199.1,568317990000000,2300,1100,0
26,12,14,3292,1320,1972,1560,520,1040,1193059,568248200000000,2500,1200,0
26,12,14,3292,1320,1972,1560,520,1040,1192912.1,568178470000000,2500,1200,0
97,35,62,13323,6999,6324,8003,5059,2944,1192612.2,567962920000000,9600,6000,0
23,11,12,3541,1701,1840,2007,967,1040,1192319.1,567899570000000,2200,1000,0
26,12,14,3292,1320,1972,1560,520,1040,1192179.2,567829910000000,2500,1200,0
26,12,14,3292,1320,1972,1560,520,1040,1192032.6,567760250000000,2500,1200,0
24,11,13,3056,1186,1870,1456,452,1004,1191892.8,567696900000000,2200,1100,200
69,30,39,9239,5065,4174,5443,3383,2060,1191633.1,567513420000000,6700,3900,200
24,11,13,4581,2371,2210,3243,1747,1496,1191373.6,567450140000000,2300,1200,0
24,11,13,4117,2367,1750,2787,1747,1040,1191240.6,567386920000000,2300,1100,0
85,31,54,11415,6023,5392,6791,4323,2468,1190974.6,567197270000000,8400,5200,0
6,1,5,350,60,290,0,0,0,1190775.2,567197270000000,500,0,0
28,13,15,3520,1470,2050,1644,604,1040,1190695.5,567121440000000,2700,1300,0
26,12,14,3292,1320,1972,1560,520,1040,1190542.6,567051920000000,2500,1200,0
26,12,14,3292,1320,1972,1560,520,1040,1190396.5,566982460000000,2500,1200,0
26,12,14,3292,1320,1972,1560,520,1040,1190250.4,566913000000000,2500,1200,0
27,12,15,3426,1320,2106,1628,520,1108,1190104.2,566843610000000,2600,1300,0
26,12,14,3292,1320,1972,1560,520,1040,1189958.1,566774150000000,2500,1200,0
88,32,56,11853,6273,5580,7055,4519,2536,1189679.5,566578660000000,8700,5400,0
26,12,14,3192,1252,1940,1440,436,1004,1189401,566509270000000,2200,1000,200
95,41,54,12015,6623,5392,6791,4323,2468,1189063,566257210000000,9400,5200,0
26,12,14,3292,1320,1972,1560,520,1040,1188725.1,566187960000000,2500,1200,0
23,11,12,3557,1717,1840,2023,983,1040,1188586,566125010000000,2200,1000,0
26,12,14,3308,1336,1972,1576,536,1040,1188447,566055750000000,2500,1200,0
24,11,13,3192,1322,1870,1592,588,1004,1188307.9,565992800000000,2200,1100,200
24,11,13,4125,2371,1754,2787,1747,1040,1188175.5,565929920000000,2300,1100,0
23,11,12,3541,1701,1840,2007,967,1040,1188043.1,565866970000000,2200,1000,0
23,14,9,1362,840,522,0,0,0,1196070.1,573229020000000,900,0,700
92,36,56,11651,6067,5584,6619,4067,2552,1203927.5,573006150000000,9100,5500,0
85,31,54,11159,5767,5392,6535,4067,2468,1203492.2,572815220000000,8400,5200,0
26,12,14,3292,1320,1972,1560,520,1040,1203217.8,572745230000000,2500,1200,0
19,10,9,3569,2103,1466,2503,1531,972,1203083.9,572688050000000,1600,800,300
9,5,4,1801,1121,680,1287,831,456,1202997,572662620000000,800,300,100
26,12,14,3012,1204,1808,1560,520,1040,1202896.8,572592690000000,2500,1200,0
26,12,14,3012,1204,1808,1560,520,1040,1202749.5,572522760000000,2500,1200,0
97,34,63,12615,6293,6322,7307,4431,2876,1202455.5,572313120000000,9600,6100,0
85,32,53,11437,6099,5338,6807,4339,2468,1202028,572116350000000,8200,5200,300
26,12,14,3292,1320,1972,1560,520,1040,1201747.6,572046560000000,2500,1200,0
40,19,21,5695,3285,2410,3483,2215,1268,1201553.9,571932410000000,3900,2200,0
36,16,20,5657,3289,2368,3667,2399,1268,1201333.6,571837250000000,3500,2100,0
26,12,14,3292,1320,1972,1560,520,1040,1201160.1,571767520000000,2500,1200,0
26,12,14,3302,1282,2020,1576,488,1088,1201013.4,571697860000000,2300,1200,300
98,34,64,12977,6533,6444,7615,4671,2944,1200720.2,571488820000000,9700,6200,0
87,32,55,11469,5955,5514,6731,4195,2536,1200294.2,571292590000000,8600,5300,0
24,11,13,4117,2367,1750,2787,1747,1040,1200021.2,571229310000000,2300,1100,0
32,16,16,4366,2138,2228,2596,1244,1352,1199854.8,571134480000000,3100,2100,0
25,12,13,3242,1336,1906,1576,536,1040,1199681.8,571064890000000,2400,1200,0
102,46,56,12699,6667,6032,7067,4067,3000,1199309.2,570780550000000,10100,5500,0
93,39,54,11895,6503,5392,6791,4323,2468,1198757.9,570540640000000,9200,5300,0
26,12,14,3298,1274,2024,1560,468,1092,1198432.6,570471180000000,2400,1200,100
26,12,14,3292,1320,1972,1560,520,1040,1198286.5,570401790000000,2500,1200,0
23,11,12,3541,1701,1840,2007,967,1040,1198147.1,570338770000000,2200,1000,0
6,1,5,350,60,290,0,0,0,1198080.8,570338770000000,500,0,0
26,12,14,3292,1320,1972,1560,520,1040,1198007.6,570269380000000,2500,1200,0
25,11,14,3170,1182,1988,1504,436,1068,1197868.4,570206370000000,2300,1200,200
26,12,14,3292,1320,1972,1560,520,1040,1197729,570137040000000,2500,1200,0
26,12,14,3308,1336,1972,1576,536,1040,1197583,570067720000000,2500,1200,0
26,12,14,3292,1320,1972,1560,520,1040,1197437.1,569998400000000,2500,1200,0
22,10,12,2896,1104,1792,1440,436,1004,1197304.5,569941760000000,2000,1000,200
53,21,32,7549,3957,3592,4647,2791,1856,1197112.4,569815790000000,5200,3200,100
6,1,5,350,60,290,0,0,0,1196980,569815790000000,500,0,0
36,16,20,5461,3105,2356,3483,2215,1268,1196880.6,569721370000000,3500,2100,0
34,15,19,4264,1806,2458,1968,808,1160,1196688.5,569633330000000,3300,1700,0
26,12,14,3012,1204,1808,1560,520,1040,1196523,569564140000000,2500,1200,0
30,14,16,5847,2927,2920,4159,2131,2028,1196364.2,569482400000000,2700,1500,200
26,12,14,3292,1320,1972,1560,520,1040,1196205.6,569413210000000,2500,1200,0
26,12,14,3372,1332,2040,1628,520,1108,1196060,569344090000000,2500,1300,0
105,44,61,13591,6773,6818,7791,4299,3492,1195703.1,569073970000000,10400,5900,0
89,33,56,11455,5887,5568,6603,4067,2536,1195207.8,568873180000000,8800,5400,0
87,33,54,11279,5887,5392,6535,4067,2468,1194785.4,568672460000000,8600,5200,0
63,24,39,9049,4943,4106,5619,3627,1992,1194422.6,568528310000000,6200,3900,100
77,29,48,9284,3904,5380,4178,1982,2196,1194086.5,568352890000000,7600,4600,0
23,11,12,3541,1701,1840,2007,967,1040,1193836.1,568290280000000,2200,1000,0
26,12,14,3308,1336,1972,1576,536,1040,1193697.6,568221420000000,2500,1200,0
22,10,12,2896,1104,1792,1440,436,1004,1193565.9,568165050000000,2000,1000,200
26,12,14,3308,1336,1972,1576,536,1040,1193434.1,568096260000000,2500,1200,0
24,11,13,4125,2371,1754,2787,1747,1040,1193295.9,568033650000000,2300,1200,0
94,34,60,12405,6013,6392,7259,4131,3128,1193013,567827360000000,9200,5600,0
29,13,16,4241,2001,2240,2311,1135,1176,1192717.1,567752330000000,2800,1400,0
26,12,14,3292,1320,1972,1560,520,1040,1192565.9,567683610000000,2500,1200,0
31,17,14,3946,2086,1860,2208,1112,1096,1192388.2,567583620000000,3000,1500,0
26,12,14,3292,1320,1972,1560,520,1040,1192210.9,567514970000000,2500,1200,0
23,11,12,3541,1701,1840,2007,967,1040,1192072.8,567452560000000,2200,1000,0
29,13,16,4807,2691,2116,3207,1963,1244,1191928.4,567377590000000,2800,1600,100
92,38,54,11643,6251,5392,6599,4131,2468,1191606.8,567146810000000,9100,5200,0
36,16,20,5461,3105,2356,3483,2215,1268,1191265.6,567053260000000,3500,2200,0
24,11,13,4125,2371,1754,2787,1747,1040,1191101.5,566990910000000,2300,1100,0
26,12,14,3308,1336,1972,1576,536,1040,1190963.8,566922400000000,2500,1200,0
23,11,12,3541,1701,1840,2007,967,1040,1190826,566860120000000,2200,1000,0
26,12,14,3292,1320,1972,1560,520,1040,1190688.4,566791600000000,2500,1200,0
28,12,16,3880,1320,2560,2016,520,1496,1190544.1,566723080000000,2700,1400,0
74,28,46,10077,5321,4756,6047,3783,2264,1190295.1,566554970000000,7300,4600,100
87,31,56,11467,5831,5636,6735,4131,2604,1189922,566368340000000,8600,5400,0
78,29,49,10609,5555,5054,6363,3963,2400,1189542.6,566194330000000,7700,4900,100
26,12,14,3012,1204,1808,1560,520,1040,1189287.6,566125950000000,2500,1200,0
23,11,12,2956,1164,1792,1440,436,1004,1189150.2,566063800000000,2000,1000,300
87,32,55,11341,5827,5514,6603,4067,2536,1188882.2,565871340000000,8600,5300,0
21,14,7,1246,840,406,0,0,0,1197259.9,574398660000000,700,0,700
26,12,14,3308,1336,1972,1576,536,1040,1205765.8,574329400000000,2500,1200,0
16,8,8,2302,846,1456,1236,316,920,1205646.5,574285310000000,1400,600,100
28,12,16,4589,2537,2052,3043,1863,1180,1205527.2,574216060000000,2700,1500,0
26,12,14,3308,1336,1972,1576,536,1040,1205381.5,574146800000000,2500,1200,0
91,34,57,11759,6057,5702,6787,4183,2604,1205090.4,573939100000000,9000,5600,0
85,31,54,11223,5831,5392,6599,4131,2468,1204673.8,573750450000000,8400,5200,0
24,11,13,4117,2367,1750,2787,1747,1040,1204409.2,573687640000000,2300,1100,0
22,10,12,2896,1104,1792,1440,436,1004,1204283.6,573631070000000,2000,1000,200
23,11,12,3541,1701,1840,2007,967,1040,1204158,573568250000000,2200,1000,0
95,39,56,13455,6791,6664,8183,4591,3592,1203841.8,573329610000000,9200,5400,200
26,12,14,3012,1204,1808,1560,520,1040,1203519,573260560000000,2500,1200,0
29,13,16,3530,1410,2120,1576,536,1040,1203367.1,573185260000000,2700,1200,0
26,12,14,3308,1336,1972,1576,536,1040,1203215.4,573116280000000,2500,1200,0
26,12,14,3292,1320,1972,1560,520,1040,1203070.2,573047290000000,2500,1200,0
26,12,14,3308,1336,1972,1576,536,1040,1202925.1,572978300000000,2500,1200,0
28,13,15,3534,1416,2118,1646,538,1108,1202773.6,572903070000000,2700,1300,0
34,17,17,4755,2337,2418,2495,1207,1288,1202589.4,572802810000000,3300,1800,0
26,12,14,3292,1320,1972,1560,520,1040,1202411.4,572733890000000,2500,1200,0
26,12,14,3292,1320,1972,1560,520,1040,1202266.5,572665040000000,2500,1200,0
23,11,12,3541,1701,1840,2007,967,1040,1202128.1,572602420000000,2200,1000,0
26,12,14,3308,1336,1972,1576,536,1040,1201989.8,572533570000000,2500,1200,0
88,33,55,11333,5887,5446,6535,4067,2468,1201706.9,572333320000000,8700,5300,0
37,17,20,5493,3057,2436,3443,2095,1348,1201391.1,572233260000000,3600,1900,0
27,12,15,3838,1336,2502,2040,536,1504,1201213.6,572164470000000,2600,1300,0
22,10,12,2896,1104,1792,1440,436,1004,1201082.1,572108230000000,2000,1000,200
22,10,12,2896,1104,1792,1440,436,1004,1200963.8,572052000000000,2000,1000,200
24,11,13,4117,2367,1750,2787,1747,1040,1200838.9,571989520000000,2300,1100,0
26,12,14,3292,1320,1972,1560,520,1040,1200700.8,571920800000000,2500,1200,0
27,12,15,3957,1851,2106,2159,1051,1108,1200556.2,571852080000000,2600,1300,0
24,11,13,4117,2367,1750,2787,1747,1040,1200418.2,571789670000000,2300,1100,0
100,36,64,14057,7661,6396,8547,5671,2876,1200123,571571230000000,9800,6100,0
30,13,17,4987,2817,2170,3339,2095,1244,1199814.8,571496330000000,2900,1700,100
29,13,16,4257,2017,2240,2327,1151,1176,1199657.2,571421510000000,2800,1400,0
45,22,23,7453,4807,2646,4975,3583,1392,1199440.8,571290580000000,4400,2900,0
26,12,14,3292,1320,1972,1560,520,1040,1199231,571222060000000,2500,1200,0
26,12,14,3292,1320,1972,1560,520,1040,1199086.8,571153540000000,2500,1200,0
26,12,14,3292,1320,1972,1560,520,1040,1198942.6,571085020000000,2500,1200,0
87,33,54,11343,5951,5392,6599,4131,2468,1198661,570885780000000,8600,5200,0
26,12,14,3012,1204,1808,1560,520,1040,1198379.6,570817330000000,2500,1200,0
85,31,54,11159,5767,5392,6535,4067,2468,1198111.4,570630760000000,8400,5300,0
3,2,1,184,122,62,0,0,0,1197908.8,570624520000000,100,0,100
87,32,55,11395,5937,5458,6651,4183,2468,1197699.6,570431850000000,8600,5300,0
26,12,14,3292,1320,1972,1560,520,1040,1197425.1,570363470000000,2500,1200,0
24,11,13,4117,2367,1750,2787,1747,1040,1197287.9,570301390000000,2300,1100,0
24,11,13,4133,2383,1750,2803,1763,1040,1197157.2,570239250000000,2300,1100,0
3,2,1,178,120,58,0,0,0,1197085.4,570233080000000,100,0,100
25,12,13,3396,1554,1842,2004,876,1128,1197007,570164760000000,2400,1500,0
25,12,13,3226,1320,1906,1560,520,1040,1196863.2,570096510000000,2400,1200,0
26,12,14,3292,1320,1972,1560,520,1040,1196719.6,570028260000000,2500,1200,0
26,12,14,3292,1320,1972,1560,520,1040,1196576.1,569960010000000,2500,1200,0
26,12,14,3292,1320,1972,1560,520,1040,1196432.5,569891760000000,2500,1200,0
85,31,54,11159,5767,5392,6535,4067,2468,1196165.1,569705800000000,8400,5200,0
95,40,55,11885,6371,5514,6667,4131,2536,1195715.6,569464140000000,9400,5400,0
91,33,58,12849,6705,6144,7883,4891,2992,1195253.4,569266040000000,9000,5700,0
93,39,54,11639,6247,5392,6535,4067,2468,1194798.1,569031020000000,9200,5200,0
26,12,14,4401,2525,1876,2955,1847,1108,1194479.6,568962970000000,2500,1300,0
6,1,5,372,62,310,0,0,0,1194408.1,568962970000000,500,0,0
3,1,2,186,62,124,0,0,0,1194408.1,568962970000000,200,0,0
87,33,54,11279,5887,5392,6535,4067,2468,1194200.1,568765270000000,8600,5300,0
26,12,14,3292,1320,1972,1560,520,1040,1193920.9,568697290000000,2500,1200,0
46,18,28,6839,3667,3172,4327,2675,1652,1193739,568592330000000,4500,2800,100
95,40,55,11753,6307,5446,6535,4067,2468,1193376,568351680000000,9400,5300,0
24,11,13,4117,2367,1750,2787,1747,1040,1193058.6,568290010000000,2300,1100,0
94,39,55,12071,6613,5458,6907,4439,2468,1192747.5,568055730000000,9300,5400,0
22,10,12,2896,1104,1792,1440,436,1004,1192443,568000300000000,2000,1000,200
26,12,14,3308,1336,1972,1576,536,1040,1192313.4,567932520000000,2500,1200,0
3,2,1,184,122,62,0,0,0,1192235.6,567926340000000,100,0,100
90,33,57,11645,5887,5758,6739,4067,2672,1192022,567729380000000,8900,5500,0
26,12,14,3292,1320,1972,1560,520,1040,1191743.8,567661670000000,2500,1200,0
26,12,14,3308,1336,1972,1576,536,1040,1191601.4,567593950000000,2500,1200,0
115,53,62,14637,7309,7328,8239,4299,3940,1191194.1,567274250000000,11300,6000,0
26,12,14,3292,1320,1972,1560,520,1040,1190787.1,567206670000000,2500,1200,0
24,11,13,4117,2367,1750,2787,1747,1040,1190651.5,567145260000000,2300,1100,0
26,12,14,3292,1320,1972,1560,520,1040,1190515.8,567077690000000,2500,1200,0
85,31,54,11175,5783,5392,6551,4083,2468,1190251,566893540000000,8400,5200,0
45,18,27,6575,3557,3018,4111,2559,1552,1189947.8,566789180000000,4400,2600,0
91,31,60,11945,5877,6068,6991,4183,2808,1189644.8,566605240000000,9000,5900,0
15,8,7,2985,1679,1306,2135,1215,920,1189406.4,566562360000000,1400,500,0
96,36,60,12191,6243,5948,6919,4247,2672,1189135.9,566347880000000,9400,5600,0
26,12,14,3292,1320,1972,1560,520,1040,1188839.6,566280500000000,2500,1200,0
26,12,14,3292,1320,1972,1560,520,1040,1188697.9,566213120000000,2500,1200,0
25,12,13,3392,1582,1810,2000,904,1096,1188556.2,566145810000000,2400,1500,0
12,6,6,916,436,480,84,20,64,1188453.2,566115210000000,1100,300,0
26,12,14,3292,1320,1972,1560,520,1040,1188350.2,566047900000000,2500,1200,0
26,12,14,3292,1320,1972,1560,520,1040,1188208.6,565980590000000,2500,1200,0
24,11,13,4181,2431,1750,2851,1811,1040,1188073.5,565919450000000,2300,1100,0
26,12,14,3292,1320,1972,1560,520,1040,1187938.4,565852210000000,2500,1200,0
25,11,14,3122,1186,1936,1456,452,1004,1187803.4,565791070000000,2300,1100,200
26,12,14,3308,1336,1972,1576,536,1040,1187668.2,565723830000000,2500,1200,0
84,30,54,11099,5707,5392,6535,4067,2468,1187411.2,565546660000000,8300,5200,0
26,12,14,3292,1320,1972,1560,520,1040,1187154.4,565479490000000,2500,1200,0
23,11,12,3541,1701,1840,2007,967,1040,1187019.5,565418420000000,2200,1000,0
24,11,13,4125,2371,1754,2787,1747,1040,1186891.1,565357350000000,2300,1100,0
109,41,68,13606,5358,8248,6216,2644,3572,1186570.6,565113340000000,10800,6500,0
24,11,13,4189,2435,1754,2851,1811,1040,1186250.2,565052340000000,2300,1100,0
3,2,1,178,120,58,0,0,0,1186179.8,565046230000000,100,0,100
24,11,13,4117,2367,1750,2787,1747,1040,1186109.2,564985300000000,2300,1100,0
23,11,12,3541,1701,1840,2007,967,1040,1185981,564924360000000,2200,1000,0
26,12,14,3891,1851,2040,2159,1051,1108,1185846.4,564857320000000,2500,1200,0
102,47,55,12173,6727,5446,6535,4067,2468,1185482.4,564577140000000,10100,5300,0
25,12,13,3570,1248,2322,1904,436,1468,1185118.6,564510230000000,2300,1100,200
91,33,58,12695,6915,5780,7711,5107,2604,1184843.6,564315550000000,9000,5600,0
26,12,14,3292,1320,1972,1560,520,1040,1184568.6,564248710000000,2500,1200,0
94,33,61,12295,6217,6078,7155,4415,2740,1184293.9,564054230000000,9300,5900,0
24,11,13,4181,2431,1750,2851,1811,1040,1184025.6,563993430000000,2300,1100,0
10,3,7,620,186,434,0,0,0,1183948.9,563981280000000,700,0,0
27,12,15,3390,1320,2070,1592,520,1072,1183865.9,563914510000000,2600,1300,0
94,39,55,11761,6247,5514,6603,4067,2536,1183553.2,563683860000000,9300,5400,0
26,12,14,3308,1336,1972,1576,536,1040,1183240.6,563617080000000,2500,1200,0
15,10,5,890,600,290,0,0,0,1191539.1,573156880000000,500,0,500
23,11,12,2956,1164,1792,1440,436,1004,1199842.5,573095200000000,2000,1000,300
26,12,14,3012,1204,1808,1560,520,1040,1199706.6,573027360000000,2500,1200,0
58,21,37,8253,4247,4006,5079,3087,1992,1199506.5,572904080000000,5600,3600,100
27,13,14,3358,1386,1972,1560,520,1040,1199300.1,572830190000000,2600,1200,0
25,11,14,4315,2371,1944,2923,1747,1176,1199157.9,572768580000000,2400,1300,0
22,10,12,2896,1104,1792,1440,436,1004,1199035.1,572713150000000,2000,1000,200
11,5,6,808,360,448,54,22,32,1198951.1,572688520000000,1000,200,0
86,32,54,11219,5827,5392,6535,4067,2468,1198725.2,572497670000000,8500,5200,0
26,12,14,3292,1320,1972,1560,520,1040,1198454.2,572429950000000,2500,1200,0
26,12,14,3308,1336,1972,1576,536,1040,1198312.2,572362310000000,2500,1200,0
105,47,58,13049,6849,6200,7255,4195,3060,1197944.9,572079510000000,10400,5500,0
104,50,54,12299,6907,5392,6535,4067,2468,1197333.2,571778590000000,10300,5200,0
26,12,14,3292,1320,1972,1560,520,1040,1196947.2,571711080000000,2500,1200,0
89,35,54,11415,6023,5392,6551,4083,2468,1196657.8,571502510000000,8800,5300,0
90,32,58,11761,5937,5824,6855,4183,2672,1196239.9,571312460000000,8900,5600,0
26,12,14,3292,1320,1972,1560,520,1040,1195969.9,571245010000000,2500,1200,0
26,12,14,3308,1336,1972,1576,536,1040,1195828.5,571177630000000,2500,1200,0
23,11,12,3541,1701,1840,2007,967,1040,1195693.6,571116430000000,2200,1000,0
39,18,21,5635,3225,2410,3483,2215,1268,1195520.1,571012350000000,3800,2200,0
24,11,13,4117,2367,1750,2787,1747,1040,1195346.8,570951070000000,2300,1100,0
52,24,28,7155,4095,3060,4283,2743,1540,1195134.9,570810350000000,5100,2900,0
87,32,55,11469,5955,5514,6731,4195,2536,1194788.6,570620770000000,8600,5300,0
28,13,15,4248,1322,2926,2368,436,1932,1194512.9,570547420000000,2500,1200,200
26,12,14,3308,1336,1972,1576,536,1040,1194365.5,570480170000000,2500,1200,0
24,11,13,4117,2367,1750,2787,1747,1040,1194230.9,570419100000000,2300,1100,0
26,12,14,3308,1336,1972,1576,536,1040,1194096.2,570351930000000,2500,1200,0
45,17,28,6801,3561,3240,4343,2623,1720,1193923.4,570254220000000,4400,2800,100
24,11,13,4181,2431,1750,2851,1811,1040,1193757,570193150000000,2300,1100,0
22,10,12,2896,1104,1792,1440,436,1004,1193635.2,570138250000000,2000,1000,200
22,10,12,2896,1104,1792,1440,436,1004,1193520,570083290000000,2000,1000,200
50,24,26,6803,3807,2996,4027,2443,1584,1193508.4,569955980000000,4800,2600,100
114,46,68,13646,5546,8100,6082,2502,3580,1193266.5,569681640000000,11300,6600,0
19,10,9,2034,1056,978,924,468,456,1192921.4,569626820000000,1700,600,0
99,35,64,12845,6401,6444,7423,4479,2944,1192646.8,569419720000000,9800,6200,0
89,34,55,11393,5947,5446,6535,4067,2468,1192219.1,569218930000000,8800,5300,0
26,12,14,3292,1320,1972,1560,520,1040,1191938.4,569152020000000,2500,1200,0
23,11,12,2956,1164,1792,1440,436,1004,1191804.2,569091220000000,2000,1000,300
85,31,54,11159,5767,5392,6535,4067,2468,1191549.2,568908820000000,8400,5200,0
89,35,54,11399,6007,5392,6535,4067,2468,1191141.4,568702320000000,8800,5200,0
46,22,24,6507,3687,2820,3959,2443,1516,1190791.1,568574820000000,4500,2400,100
93,39,54,11767,6375,5392,6663,4195,2468,1190415.9,568344230000000,9200,5200,0
23,11,12,3541,1701,1840,2007,967,1040,1190110.6,568283630000000,2200,1000,0
92,37,55,11705,6191,5514,6667,4131,2536,1189818.2,568065390000000,9100,5300,0
26,12,14,3292,1320,1972,1560,520,1040,1189519.6,567998750000000,2500,1200,0
3,2,1,178,120,58,0,0,0,1189443.2,567992710000000,100,0,100
26,12,14,3292,1320,1972,1560,520,1040,1189367,567926080000000,2500,1200,0
95,35,60,12489,6521,5968,7271,4599,2672,1189081.2,567720320000000,9400,5800,0
36,16,20,5461,3105,2356,3483,2215,1268,1188770.2,567629520000000,3500,2100,0
26,12,14,3292,1320,1972,1560,520,1040,1188605.2,567563020000000,2500,1200,0
91,33,58,11697,5997,5700,6719,4183,2536,1188332.5,567369540000000,9000,5400,0
26,12,14,3308,1336,1972,1576,536,1040,1188059.9,567303040000000,2500,1200,0
26,12,14,3292,1320,1972,1560,520,1040,1187920.4,567236600000000,2500,1200,0
26,12,14,3308,1336,1972,1576,536,1040,1187781,567170160000000,2500,1200,0
78,34,44,10151,5571,4580,5863,3667,2196,1187502.2,566970920000000,7600,4400,200
107,53,54,12735,7343,5392,6791,4323,2468,1186964.4,566657250000000,10600,5200,0
26,12,14,3292,1320,1972,1560,520,1040,1186566,566590940000000,2500,1200,0
26,12,14,3292,1320,1972,1560,520,1040,1186426.9,566524640000000,2500,1200,0
3,2,1,178,120,58,0,0,0,1186350.9,566518600000000,100,0,100
26,12,14,3308,1336,1972,1576,536,1040,1186275,566452370000000,2500,1200,0
26,12,14,3292,1320,1972,1560,520,1040,1186136,566386060000000,2500,1200,0
26,12,14,3292,1320,1972,1560,520,1040,1185996.9,566319830000000,2500,1200,0
86,31,55,11541,6015,5526,6851,4315,2536,1185738,566139240000000,8500,5400,0
23,10,13,3386,1104,2282,1864,436,1428,1185491.9,566085080000000,2100,1100,200
24,11,13,4117,2367,1750,2787,1747,1040,1185372,566024950000000,2300,1100,0
26,12,14,3292,1320,1972,1560,520,1040,1185239.4,565958780000000,2500,1200,0
24,11,13,4117,2367,1750,2787,1747,1040,1185106.9,565898650000000,2300,1100,0
26,12,14,3324,1352,1972,1592,552,1040,1184974.4,565832550000000,2500,1200,0
85,31,54,11287,5895,5392,6663,4195,2468,1184715.9,565652230000000,8400,5200,0
87,32,55,12369,6843,5526,7619,5083,2536,1184331.6,565466070000000,8600,5300,0
26,12,14,3292,1320,1972,1560,520,1040,1184067.2,565400030000000,2500,1200,0
14,7,7,2925,1619,1306,2135,1215,920,1183960.1,565364060000000,1300,500,0
85,31,54,11159,5767,5392,6535,4067,2468,1183733.6,565184070000000,8400,5200,0
85,31,54,11159,5767,5392,6535,4067,2468,1183356.2,565004160000000,8400,5300,0
2,1,1,118,60,58,0,0,0,1183167.6,565004160000000,100,0,0
8,4,4,602,266,336,64,0,64,1183148.8,564986240000000,600,200,100
85,31,54,11175,5783,5392,6551,4083,2468,1182941.4,564806450000000,8400,5200,0
26,12,14,3292,1320,1972,1560,520,1040,1182683.9,564740620000000,2500,1200,0
24,11,13,4181,2431,1750,2851,1811,1040,1182551.9,564680690000000,2300,1100,0
24,11,13,3072,1182,1890,1472,436,1036,1182426.2,564620830000000,2200,1100,200
26,12,14,3292,1320,1972,1560,520,1040,1182294.4,564555000000000,2500,1200,0
23,11,12,3541,1701,1840,2007,967,1040,1182162.5,564495200000000,2200,1000,0
3,2,1,184,122,62,0,0,0,1182093.5,564489230000000,100,0,100
26,12,14,3292,1320,1972,1560,520,1040,1182018.1,564423400000000,2500,1200,0
53,21,32,7671,4147,3524,4775,2987,1788,1181823.6,564303810000000,5200,3200,100
25,12,13,3226,1320,1906,1560,520,1040,1181629.2,564238040000000,2400,1200,0
26,12,14,3292,1320,1972,1560,520,1040,1181491.2,564172270000000,2500,1200,0
91,32,59,11813,5827,5986,6859,4067,2792,1181228.1,563987120000000,9000,5700,0
86,32,54,11475,6083,5392,6791,4323,2468,1180839.9,563802030000000,8500,5200,0
27,12,15,3358,1320,2038,1560,520,1040,1180576.9,563736400000000,2600,1200,0
88,33,55,11861,5951,5910,7063,4131,2932,1180307.9,563545540000000,8700,5300,0
26,12,14,3012,1204,1808,1560,520,1040,1180038.9,563479980000000,2500,1200,0
93,34,59,12313,6495,5818,7215,4627,2588,1179763.9,563283280000000,9200,5600,0
103,43,60,13075,6995,6080,7383,4575,2808,1179295.6,563033240000000,10200,5800,0
26,12,14,3292,1320,1972,1560,520,1040,1178965,562967740000000,2500,1200,0
23,11,12,2956,1164,1792,1440,436,1004,1178833.9,562908245000000,2000,1000,300
85,31,54,11175,5783,5392,6551,4083,2468,1178584.2,562729836000000,8400,5200,0
23,11,12,3541,1701,1840,2007,967,1040,1178334.8,562670378000000,2200,1000,0
26,12,14,3292,1320,1972,1560,520,1040,1178203.8,562605014000000,2500,1200,0
94,33,61,12543,5997,6546,7415,4183,3232,1177935.9,562414894000000,9300,6000,0
87,33,54,11279,5887,5392,6535,4067,2468,1177537.4,562224909000000,8600,5300,0
24,11,13,3192,1322,1870,1592,588,1004,1177275.9,562165585000000,2200,1100,200
26,12,14,3292,1320,1972,1560,520,1040,1177145.1,562100322000000,2500,1200,0
22,10,12,2896,1104,1792,1440,436,1004,1177020.6,562046937000000,2000,1000,200
91,36,55,11645,6131,5514,6667,4131,2536,1176747,561839436000000,9000,5400,0
26,12,14,3292,1320,1972,1560,520,1040,1176461.1,561774240000000,2500,1200,0
85,31,54,11431,6039,5392,6807,4339,2468,1176206.4,561596535000000,8400,5200,0
23,11,12,3557,1717,1840,2023,983,1040,1175957.9,561537312000000,2200,1000,0
36,16,20,5461,3105,2356,3483,2215,1268,1175802.6,561448527000000,3500,2100,0
22,10,12,2896,1104,1792,1440,436,1004,1175653.6,561395276000000,2000,1000,200
36,16,20,5461,3105,2356,3483,2215,1268,1175504.6,561306524000000,3500,2100,0
4,2,2,246,122,124,0,0,0,1175405.2,561300619000000,200,0,100
25,12,13,3226,1320,1906,1560,520,1040,1175330.9,561235557000000,2400,1200,0
87,32,55,11273,5827,5446,6535,4067,2468,1175070.4,561052283000000,8600,5300,0
14,7,7,3745,2427,1318,2943,2023,920,1174841.1,561016815000000,1300,500,0
23,10,13,2970,1104,1866,1440,436,1004,1174748.1,560963632000000,2100,1000,200
26,12,14,3012,1204,1808,1560,520,1040,1174624.1,560898670000000,2500,1200,0
29,13,16,4372,1344,3028,2406,454,1952,1174482.1,560827803000000,2800,1300,0
100,38,62,12242,4802,7440,5590,2250,3340,1174179.2,560609364000000,9900,6000,0
27,12,15,3358,1320,2038,1560,520,1040,1173882.2,560544470000000,2600,1200,0
25,12,13,3530,1248,2282,1864,436,1428,1173746.1,560479609000000,2300,1100,200
27,12,15,3538,1440,2098,1728,640,1088,1173610,560414715000000,2500,1300,200
27,12,15,3358,1320,2038,1560,520,1040,1173473.9,560349854000000,2600,1200,0
26,12,14,3292,1320,1972,1560,520,1040,1173337.8,560285027000000,2500,1200,0
23,11,12,3557,1717,1840,2023,983,1040,1173207.9,560226105000000,2200,1000,0
13,7,6,2871,1619,1252,2135,1215,920,1173109.4,560190739000000,1200,500,100
26,12,14,3292,1320,1972,1560,520,1040,1173004.8,560125945000000,2500,1200,0
23,11,12,3541,1701,1840,2007,967,1040,1172874.9,560067024000000,2200,1000,0
24,11,13,4125,2371,1754,2787,1747,1040,1172751.2,560008169000000,2300,1100,0
94,33,61,12241,6107,6134,7107,4299,2808,1172492.1,559819795000000,9300,5900,0
26,12,14,3292,1320,1972,1560,520,1040,1172226.8,559755068000000,2500,1200,0
26,12,14,3292,1320,1972,1560,520,1040,1172091,559690375000000,2500,1200,0
89,32,57,11895,6193,5702,7043,4439,2604,1171831.9,559508108000000,8800,5600,0
112,38,74,14623,6851,7772,8435,4763,3672,1171413,559290742000000,10900,7000,100
26,12,14,3292,1320,1972,1560,520,1040,1171117.5,559226150000000,2500,1200,0
85,30,55,11243,5729,5514,6619,4083,2536,1170871.4,559055894000000,8400,5300,0
85,31,54,11159,5767,5392,6535,4067,2468,1170508.6,558879935000000,8400,5200,0
85,31,54,11159,5767,5392,6535,4067,2468,1170139.6,558704043000000,8400,5200,0
88,34,54,11403,6011,5392,6599,4131,2468,1169752.5,558510702000000,8700,5200,0
26,12,14,3292,1320,1972,1560,520,1040,1169482.1,558446311000000,2500,1200,0
6,1,5,350,60,290,0,0,0,1169414.6,558446311000000,500,0,0
101,47,54,12119,6727,5392,6535,4067,2468,1169132.2,558177070000000,10000,5200,0
24,11,13,3607,1701,1906,2007,967,1040,1168788.8,558118585000000,2300,1100,0
26,12,14,3308,1336,1972,1576,536,1040,1168659.9,558054261000000,2500,1200,0
26,12,14,3012,1204,1808,1560,520,1040,1168524.9,557989971000000,2500,1200,0
26,12,14,3292,1320,1972,1560,520,1040,1168389.9,557925647000000,2500,1200,0
3,2,1,178,120,58,0,0,0,1168316.4,557919809000000,100,0,100
26,12,14,3292,1320,1972,1560,520,1040,1168242.8,557855552000000,2500,1200,0
15,7,8,2238,782,1456,1238,318,920,1168138.6,557820487000000,1300,600,100
26,12,14,3292,1320,1972,1560,520,1040,1168034.4,557756231000000,2500,1200,0
26,12,14,3292,1320,1972,1560,520,1040,1167899.6,557691974000000,2500,1200,0
103,46,57,12425,6667,5758,6739,4067,2672,1167556.6,557429343000000,10200,5500,0
22,10,12,2896,1104,1792,1440,436,1004,1167226.2,557376831000000,2000,1000,200
26,13,13,3739,1833,1906,2007,967,1040,1167097.6,557306836000000,2500,1100,0
23,11,12,3541,1701,1840,2007,967,1040,1166963,557248552000000,2200,1000,0
26,12,14,3292,1320,1972,1560,520,1040,1166834.6,557184430000000,2500,1200,0
26,12,14,3012,1204,1808,1560,520,1040,1166700,557120307000000,2500,1200,0
26,12,14,3292,1320,1972,1560,520,1040,1166565.5,557056218000000,2500,1200,0
26,12,14,3292,1320,1972,1560,520,1040,1166431,556992129000000,2500,1200,0
80,30,50,10729,5597,5132,6351,3951,2400,1166186.6,556823250000000,7800,5000,200
81,31,50,10715,5719,4996,6307,4019,2288,1165826.5,556648666000000,8000,5100,0
26,12,14,3292,1320,1972,1560,520,1040,1165576.2,556584711000000,2500,1200,0
97,43,54,11895,6503,5392,6551,4083,2468,1165253.1,556340536000000,9600,5200,0
26,12,14,3292,1320,1972,1560,520,1040,1164930,556276614000000,2500,1200,0
22,10,12,2896,1104,1792,1440,436,1004,1164808.1,556224337000000,2000,1000,200
26,12,14,3292,1320,1972,1560,520,1040,1164686.2,556160415000000,2500,1200,0
26,12,14,3292,1320,1972,1560,520,1040,1164552.1,556096561000000,2500,1200,0
26,12,14,3292,1320,1972,1560,520,1040,1164418.1,556032707000000,2500,1200,0
22,10,12,2896,1104,1792,1440,436,1004,1164296.2,555980463000000,2000,1000,200
85,31,54,11287,5895,5392,6663,4195,2468,1164058.9,555806416000000,8400,5200,0
22,10,12,2896,1104,1792,1440,436,1004,1163821.8,555754205000000,2000,1000,200
85,31,54,11495,6103,5392,6871,4403,2468,1163584.5,555580293000000,8400,5200,0
19,12,7,1126,720,406,0,0,0,1171069.4,561411919000000,700,0,600
28,13,15,3552,1502,2050,1676,636,1040,1178661.6,561341689000000,2700,1300,0
22,10,12,2896,1104,1792,1440,436,1004,1178532.2,561289009000000,2000,1000,200
92,35,57,11765,6007,5758,6739,4067,2672,1178267.9,561090065000000,9100,5600,0
32,13,19,5475,3081,2394,3707,2359,1348,1177985.1,561019902000000,3100,1900,100
85,31,54,11159,5767,5392,6535,4067,2468,1177727,560844547000000,8400,5200,0
85,31,54,11749,5901,5848,7119,4195,2924,1177358.4,560669292000000,8400,5200,0
26,12,14,3292,1320,1972,1560,520,1040,1177106.6,560605069000000,2500,1200,0
6,2,4,420,140,280,0,0,0,1177032.9,560599231000000,500,0,0
23,11,12,3541,1701,1840,2007,967,1040,1176965.4,560540846000000,2200,1000,0
92,34,58,11903,6079,5824,6871,4199,2672,1176701.5,560348311000000,9100,5600,0
24,11,13,4125,2371,1754,2787,1747,1040,1176437.8,560289959000000,2300,1100,0
85,31,54,11159,5767,5392,6535,4067,2468,1176192.5,560115074000000,8400,5200,0
24,11,13,4125,2371,1754,2787,1747,1040,1175947.2,560056790000000,2300,1100,0
26,12,14,3292,1320,1972,1560,520,1040,1175818.6,559992701000000,2500,1200,0
35,15,20,5401,3045,2356,3483,2215,1268,1175665.4,559911163000000,3400,2100,0
26,12,14,3292,1320,1972,1560,520,1040,1175512.1,559847108000000,2500,1200,0
23,11,12,3541,1701,1840,2007,967,1040,1175383.5,559788891000000,2200,1000,0
24,11,13,4125,2371,1754,2787,1747,1040,1175261,559730674000000,2300,1100,0
101,46,55,12245,6731,5514,6667,4131,2536,1174924.5,559468882000000,10000,5300,0
87,32,55,11523,6065,5458,6779,4311,2468,1174459.9,559288695000000,8600,5300,0
96,34,62,13092,6504,6588,7838,4642,3196,1174069,559096999000000,9500,6000,0
87,32,55,11847,6377,5470,7091,4623,2468,1173678.2,558917013000000,8600,5300,0
26,12,14,3292,1320,1972,1560,520,1040,1173422,558853192000000,2500,1200,0
26,12,14,3292,1320,1972,1560,520,1040,1173287.8,558789372000000,2500,1200,0
26,12,14,3292,1320,1972,1560,520,1040,1173153.4,558725585000000,2500,1200,0
23,10,13,3386,1104,2282,1864,436,1428,1173031.4,558673408000000,2100,1100,200
39,18,21,5635,3225,2410,3483,2215,1268,1172872.9,558574825000000,3800,2200,0
22,10,12,2896,1104,1792,1440,436,1004,1172714.2,558522681000000,2000,1000,200
22,10,12,2896,1104,1792,1440,436,1004,1172604.5,558470537000000,2000,1000,200
26,12,14,3308,1336,1972,1576,536,1040,1172482.6,558406784000000,2500,1200,0
111,49,62,13011,6847,6164,6875,4067,2808,1172124,558128886000000,11000,5800,0
10,6,4,592,360,232,0,0,0,1172284.2,558153515000000,400,0,300
26,12,14,3308,1336,1972,1576,536,1040,1172668.9,558089862000000,2500,1200,0
40,17,23,6859,4149,2710,4647,3199,1448,1172504.4,557997319000000,3900,2300,100
26,12,14,3292,1320,1972,1560,520,1040,1172340,557933700000000,2500,1200,0
26,12,14,3292,1320,1972,1560,520,1040,1172206.1,557870114000000,2500,1200,0
97,35,62,12555,6435,6120,7247,4507,2740,1171932.4,557673620000000,9600,5800,0
54,19,35,6618,2572,4046,3030,1310,1720,1171616.5,557569668000000,5300,3100,0
26,12,14,3308,1336,1972,1576,536,1040,1171440.2,557506149000000,2500,1200,0
6,1,5,350,60,290,0,0,0,1171373.4,557506149000000,500,0,0
22,10,12,2896,1104,1792,1440,436,1004,1171318.8,557454174000000,2000,1000,200
24,11,13,4125,2371,1754,2787,1747,1040,1171203.2,557396460000000,2300,1100,0
4,1,3,234,60,174,0,0,0,1171142.5,557396460000000,300,0,0
32,15,17,4981,2811,2170,3207,1963,1244,1171057.9,557315695000000,3100,1600,0
26,12,14,3292,1320,1972,1560,520,1040,1170906.6,557252210000000,2500,1200,0
22,10,12,2896,1104,1792,1440,436,1004,1170785.1,557200301000000,2000,1000,200
24,11,13,4117,2367,1750,2787,1747,1040,1170669.8,557142654000000,2300,1100,0
3,2,1,178,120,58,0,0,0,1170603,557136883000000,100,0,100
22,10,12,2896,1104,1792,1440,436,1004,1170542.2,557085008000000,2000,1000,200
36,16,20,5461,3105,2356,3483,2215,1268,1170396.6,556998538000000,3500,2100,0
26,12,14,3292,1320,1972,1560,520,1040,1170238.9,556935154000000,2500,1200,0
25,11,14,4199,2383,1816,2803,1763,1040,1170111.5,556877541000000,2400,1100,0
24,11,13,3607,1701,1906,2007,967,1040,1169990.1,556819928000000,2300,1100,0
101,46,55,12129,6683,5446,6551,4083,2468,1169657.8,556560888000000,10000,5300,0
26,12,14,3308,1336,1972,1576,536,1040,1169319.5,556497604000000,2500,1200,0
84,30,54,11099,5707,5392,6535,4067,2468,1169077.2,556330838000000,8300,5200,0
23,11,12,3541,1701,1840,2007,967,1040,1168841.4,556273360000000,2200,1000,0
26,12,14,3308,1336,1972,1576,536,1040,1168714.2,556210110000000,2500,1200,0
26,12,14,3292,1320,1972,1560,520,1040,1168581.1,556146927000000,2500,1200,0
52,20,32,7595,4071,3524,4759,2971,1788,1168399.8,556037774000000,5100,3200,100
62,23,39,9557,4519,5038,6163,3251,2912,1168152.1,555911442000000,6000,3900,200
26,12,14,3292,1320,1972,1560,520,1040,1167952.8,555848326000000,2500,1200,0
26,12,14,3292,1320,1972,1560,520,1040,1167819.9,555785210000000,2500,1200,0
44,22,22,6221,3577,2644,3775,2327,1448,1167627.4,555664716000000,4300,2200,100
24,11,13,4185,2367,1818,2855,1747,1108,1167441.1,555607371000000,2300,1200,0
85,31,54,11159,5767,5392,6535,4067,2468,1167199.8,555435405000000,8400,5200,0
6,1,5,372,62,310,0,0,0,1167018.9,555435405000000,500,0,0
86,32,54,11219,5827,5392,6535,4067,2468,1166832,555257801000000,8500,5200,0
85,31,54,11303,5911,5392,6679,4211,2468,1166464.4,555086036000000,8400,5300,0
13,7,6,2871,1619,1252,2135,1215,920,1166247.6,555051710000000,1200,500,100
36,16,20,5461,3105,2356,3483,2215,1268,1166121.1,554965878000000,3500,2100,0
26,12,14,3292,1320,1972,1560,520,1040,1165964.5,554902963000000,2500,1200,0
26,12,14,3012,1204,1808,1560,520,1040,1165832,554840049000000,2500,1200,0
26,12,14,3292,1320,1972,1560,520,1040,1165699.5,554777168000000,2500,1200,0
3,2,1,184,122,62,0,0,0,1165627.4,554771430000000,100,0,100
12,6,6,2811,1559,1252,2135,1215,920,1165591.2,554742841000000,1100,500,100
25,12,13,3226,1320,1906,1560,520,1040,1165494.9,554679994000000,2400,1200,0
25,12,13,3570,1248,2322,1904,436,1468,1165362.6,554617113000000,2300,1100,200
26,12,14,3308,1336,1972,1576,536,1040,1165230.2,554554265000000,2500,1200,0
32,15,17,4088,1722,2366,1960,724,1236,1165079.9,554474305000000,3100,1800,0
36,16,20,5461,3105,2356,3483,2215,1268,1164905.6,554388674000000,3500,2200,0
26,12,14,3292,1320,1972,1560,520,1040,1164749.2,554325860000000,2500,1200,0
27,12,15,3370,1320,2050,1560,520,1040,1164617.1,554263080000000,2600,1200,0
63,24,39,8751,4577,4174,5315,3255,2060,1164412.9,554131882000000,6100,3900,200
26,12,14,3292,1320,1972,1560,520,1040,1164208.9,554069135000000,2500,1200,0
26,12,14,3308,1336,1972,1576,536,1040,1164076.8,554006422000000,2500,1200,0
48,22,26,8250,4750,3500,5590,3510,2080,1163888,553886700000000,4600,2200,0
85,31,54,11159,5767,5392,6535,4067,2468,1163585.4,553715807000000,8400,5200,0
38,17,21,5627,3165,2462,3535,2215,1320,1163309.6,553624673000000,3700,2200,0
100,46,54,12059,6667,5392,6535,4067,2468,1162944.2,553368620000000,9900,5200,0
3,2,1,178,120,58,0,0,0,1162669,553362915000000,100,0,100
99,44,55,11993,6547,5446,6535,4067,2468,1162406.1,553118438000000,9800,5300,0
26,12,14,3308,1336,1972,1576,536,1040,1162083.6,553055926000000,2500,1200,0
92,36,56,11635,6067,5568,6603,4067,2536,1161809.1,552857149000000,9100,5400,0
24,11,13,4125,2371,1754,2787,1747,1040,1161540.8,552800375000000,2300,1100,0
83,31,52,11021,5657,5364,6487,3951,2536,1161301.9,552630120000000,8100,5200,200
26,12,14,3292,1320,1972,1560,520,1040,1161057.1,552567742000000,2500,1200,0
69,25,44,9787,5059,4728,6015,3683,2332,1160848.2,552431646000000,6700,4400,200
26,12,14,3308,1336,1972,1576,536,1040,1160639.6,552369301000000,2500,1200,0
24,11,13,4117,2367,1750,2787,1747,1040,1160514.2,552312628000000,2300,1100,0
17,9,8,3099,1739,1360,2135,1215,920,1160406.9,552267296000000,1600,600,0
85,31,54,11159,5767,5392,6535,4067,2468,1160180.4,552097410000000,8400,5200,0
85,31,54,11159,5767,5392,6535,4067,2468,1159823,551927591000000,8400,5300,0
28,13,15,3604,1554,2050,1728,688,1040,1159572.9,551859677000000,2700,1300,0
26,12,14,3292,1320,1972,1560,520,1040,1159435.9,551797467000000,2500,1200,0
34,19,15,2010,1140,870,0,0,0,1168774.9,558706727000000,1500,0,900
92,32,60,11883,5827,6056,6875,4067,2808,1177990.4,558529291000000,9100,5800,0
26,12,14,3891,1851,2040,2159,1051,1108,1177736.6,558466377000000,2500,1200,0
24,11,13,4125,2371,1754,2787,1747,1040,1177609.6,558409166000000,2300,1100,0
10,3,7,620,186,434,0,0,0,1177537.2,558397724000000,700,0,0
26,12,14,3292,1320,1972,1560,520,1040,1177458.8,558334843000000,2500,1200,0
26,12,14,3292,1320,1972,1560,520,1040,1177325.8,558271962000000,2500,1200,0
90,32,58,11825,6001,5824,6919,4247,2672,1177072.2,558094795000000,8900,5600,0
30,15,15,3896,1946,1950,2228,1100,1128,1176801,558014835000000,2900,1700,0
24,11,13,4117,2367,1750,2787,1747,1040,1176656.4,557957725000000,2300,1100,0
60,23,37,13401,8019,5382,10019,6743,3276,1176463.8,557832131000000,5800,3300,0
24,11,13,4117,2367,1750,2787,1747,1040,1176271.1,557775055000000,2300,1100,0
15,8,7,3163,1857,1306,2319,1399,920,1176168.6,557735125000000,1300,700,200
19,9,10,3731,2143,1588,2671,1631,1040,1176078.2,557689491000000,1800,1000,100
24,11,13,4125,2371,1754,2787,1747,1040,1175969.8,557632448000000,2300,1200,0
82,38,44,10323,5747,4576,5783,3603,2180,1175687.6,557421492000000,8100,4400,100
66,26,40,9163,4935,4228,5559,3499,2060,1175315.4,557279053000000,6400,4000,200
3,2,1,184,122,62,0,0,0,1175159,557273349000000,100,0,100
85,31,54,11303,5911,5392,6679,4211,2468,1174972.5,557102523000000,8400,5200,0
87,32,55,11389,5891,5498,6651,4131,2520,1174605.9,556926128000000,8600,5300,0
26,12,14,3292,1320,1972,1560,520,1040,1174353.5,556863549000000,2500,1200,0
26,12,14,3292,1320,1972,1560,520,1040,1174221.4,556801003000000,2500,1200,0
26,12,14,3292,1320,1972,1560,520,1040,1174089.1,556738458000000,2500,1200,0
26,12,14,5129,3237,1892,3663,2555,1108,1173957,556675912000000,2400,1200,0
23,11,12,3541,1701,1840,2007,967,1040,1173830.9,556619105000000,2200,1000,0
24,11,13,4117,2367,1750,2787,1747,1040,1173710.8,556562263000000,2300,1100,0
88,34,54,11339,5947,5392,6535,4067,2468,1173452.8,556374828000000,8700,5200,0
92,38,54,10842,4834,6008,4718,2318,2400,1173033.1,556164845000000,9100,5300,0
89,32,57,12087,6385,5702,7235,4631,2604,1172625.6,555989019000000,8800,5500,0
27,13,14,3358,1386,1972,1560,520,1040,1172368.1,555921005000000,2600,1200,0
22,10,12,2896,1104,1792,1440,436,1004,1172242.4,555870002000000,2000,1000,200
26,12,14,3292,1320,1972,1560,520,1040,1172122.6,555807658000000,2500,1200,0
24,11,13,4185,2367,1818,2855,1747,1108,1171996.9,555751018000000,2300,1200,0
26,12,14,3292,1320,1972,1560,520,1040,1171871.1,555688707000000,2500,1200,0
88,33,55,11593,6079,5514,6795,4259,2536,1171614,555507513000000,8700,5300,0
26,12,14,3292,1320,1972,1560,520,1040,1171356.9,555445270000000,2500,1200,0
85,31,54,11479,6087,5392,6855,4387,2468,1171111.9,555275552000000,8400,5200,0
85,31,54,11159,5767,5392,6535,4067,2468,1170753.6,555105967000000,8400,5300,0
24,11,13,4189,2435,1754,2851,1811,1040,1170514.9,555049428000000,2300,1100,0
26,12,14,3308,1336,1972,1576,536,1040,1170389.5,554987285000000,2500,1200,0
26,12,14,3308,1336,1972,1576,536,1040,1170258.1,554925143000000,2500,1200,0
24,11,13,4117,2367,1750,2787,1747,1040,1170132.8,554868670000000,2300,1100,0
35,15,20,5292,1848,3444,2954,850,2104,1169989.6,554789650000000,3400,1900,0
32,17,15,3816,1866,1950,2016,888,1128,1169810.9,554699321000000,3100,1600,0
23,10,13,2970,1104,1866,1440,436,1004,1169662,554648520000000,2100,1000,200
85,31,54,11287,5895,5392,6663,4195,2468,1169429.6,554479305000000,8400,5200,0
14,7,7,2925,1619,1306,2135,1215,920,1169215.1,554445482000000,1300,500,0
22,10,12,2896,1104,1792,1440,436,1004,1169125.9,554394748000000,2000,1000,200
49,23,26,6853,3857,2996,4143,2559,1584,1168941.4,554270764000000,4800,2700,100
26,12,14,3292,1320,1972,1560,520,1040,1168745,554208789000000,2500,1200,0
26,12,14,3308,1336,1972,1576,536,1040,1168614,554146814000000,2500,1200,0
48,22,26,8234,4734,3500,5574,3494,2080,1168433.9,554028568000000,4600,2200,0
28,14,14,4597,2657,1940,3039,1863,1176,1168242,553955386000000,2700,1400,100
6,4,2,412,272,140,0,0,0,1168147,553938475000000,500,0,0
94,33,61,12617,6111,6506,7495,4291,3204,1167939.1,553758455000000,9300,5700,0
24,11,13,4193,2371,1822,2855,1747,1108,1167689.8,553702218000000,2300,1200,0
77,29,48,10371,5427,4944,6167,3835,2332,1167464,553544814000000,7500,4800,200
28,13,15,4701,2707,1994,3155,1979,1176,1167226.6,553477369000000,2600,1500,200
31,17,14,1832,1020,812,0,0,0,1177436.5,561008695000000,1400,0,800
26,12,14,3292,1320,1972,1560,520,1040,1187649.5,560946049000000,2500,1200,0
26,12,14,3292,1320,1972,1560,520,1040,1187516.6,560883437000000,2500,1200,0
48,22,26,8234,4734,3500,5574,3494,2080,1187324.5,560763949000000,4600,2200,0
26,12,14,3292,1320,1972,1560,520,1040,1187132.6,560701370000000,2500,1200,0
25,11,14,3994,1182,2812,2328,436,1892,1187005.9,560644496000000,2300,1200,100
23,11,12,3541,1701,1840,2007,967,1040,1186885.2,560587654000000,2200,1000,0
26,12,14,3308,1336,1972,1576,536,1040,1186758.5,560525109000000,2500,1200,0
25,11,14,4179,2371,1808,2787,1747,1040,1186631.9,560468268000000,2400,1100,0
22,10,12,2896,1104,1792,1440,436,1004,1186517.4,560417131000000,2000,1000,200
31,15,16,4947,2939,2008,3231,2099,1132,1186378.8,560337607000000,3000,1800,0
26,12,14,3404,1364,2040,1660,552,1108,1186228.1,560275128000000,2500,1300,0
26,12,14,3012,1204,1808,1560,520,1040,1186095.5,560212650000000,2500,1200,0
22,10,12,2896,1104,1792,1440,436,1004,1185975,560161580000000,2000,1000,200
12,8,4,712,480,232,0,0,0,1192731,572819180000000,400,0,400
26,12,14,3292,1320,1972,1560,520,1040,1199473.8,572755360000000,2500,1200,0
16,8,8,3039,1679,1360,2135,1215,920,1199364.1,572714760000000,1500,600,0
119,51,68,13840,5868,7972,5930,2486,3444,1199017.4,572424790000000,11700,6400,0
3,2,1,184,122,62,0,0,0,1198707.2,572418950000000,100,0,100
22,10,12,2896,1104,1792,1440,436,1004,1198646.4,572366800000000,2000,1000,200
109,46,63,13108,5422,7686,5862,2378,3484,1198318.2,572106150000000,10800,6100,0
55,22,33,7879,4301,3578,4875,3087,1788,1197917.5,571984550000000,5300,3300,200
105,35,70,13635,6575,7060,7875,4659,3216,1197584,571787860000000,10400,6700,0
85,31,54,11159,5767,5392,6535,4067,2468,1197196.2,571614380000000,8400,5300,0
24,11,13,4117,2367,1750,2787,1747,1040,1196953.8,571556600000000,2300,1100,0
28,13,15,3452,1402,2050,1576,536,1040,1196820.2,571487270000000,2700,1300,0
7,2,5,432,122,310,0,0,0,1196741.8,571481500000000,500,0,100
20,10,10,2656,1060,1596,1304,384,920,1196681.4,571429490000000,1800,800,0
26,12,14,3292,1320,1972,1560,520,1040,1196560.1,571365940000000,2500,1200,0
127,58,69,14807,8049,6758,7707,4763,2944,1196148.5,571036970000000,12500,6600,0
89,35,54,11463,6071,5392,6599,4131,2468,1195598,570840880000000,8800,5300,0
22,10,12,2896,1104,1792,1440,436,1004,1195338,570789010000000,2000,1000,200
26,12,14,3012,1204,1808,1560,520,1040,1195217,570725660000000,2500,1200,0
48,19,29,7127,3901,3226,4507,2855,1652,1195041.8,570621910000000,4700,2900,100
23,11,12,2956,1164,1792,1440,436,1004,1194872.5,570564330000000,2000,1000,300
12,8,4,712,480,232,0,0,0,1197802.2,572023880000000,400,0,400
26,12,14,3292,1320,1972,1560,520,1040,1200725.5,571960390000000,2500,1200,0
24,11,13,4125,2371,1754,2787,1747,1040,1200598,571902680000000,2300,1100,0
24,11,13,3607,1701,1906,2007,967,1040,1200476.6,571844960000000,2300,1100,0
26,12,14,3292,1320,1972,1560,520,1040,1200349.1,571781480000000,2500,1200,0
50,19,31,6066,2440,3626,2730,1178,1552,1200173.4,571677660000000,4900,2800,0
24,11,13,4137,2371,1766,2787,1747,1040,1200003.8,571620020000000,2300,1100,0
51,20,31,7595,3793,3802,4787,2675,2112,1199828.1,571510490000000,5000,3000,100
26,12,14,3292,1320,1972,1560,520,1040,1199646.5,571447140000000,2500,1200,0
13,7,6,2871,1619,1252,2135,1215,920,1199543.9,571412580000000,1200,500,100
59,24,35,8221,4467,3754,4995,3139,1856,1199368.5,571280110000000,5700,3500,200
23,11,12,3541,1701,1840,2007,967,1040,1199168.8,571222530000000,2200,1000,0
73,28,45,9849,5147,4702,5867,3603,2264,1198944.8,571067110000000,7200,4500,100
38,18,20,5581,3225,2356,3483,2215,1268,1198678.5,570969330000000,3700,2200,0
23,10,13,3046,1104,1942,1524,436,1088,1198521.2,570917590000000,2100,1100,200
104,49,55,12293,6847,5446,6535,4067,2468,1198176.6,570641640000000,10300,5300,0
74,28,46,10013,5257,4756,5983,3719,2264,1197723.5,570486550000000,7200,4600,200
27,12,15,4641,2647,1994,3155,1979,1176,1197494.1,570423400000000,2600,1500,100
32,15,17,4088,1722,2366,1960,724,1236,1197343.1,570343070000000,3100,1800,0
25,13,12,3673,1833,1840,2007,967,1040,1197186.2,570274210000000,2400,1000,0
85,31,54,11287,5895,5392,6663,4195,2468,1196932.9,570102080000000,8400,5200,0
85,31,54,11415,6023,5392,6791,4323,2468,1196571.1,569930150000000,8400,5200,0
83,36,47,12498,6300,6198,7850,4270,3580,1196180.2,569729630000000,8200,4800,100
22,10,12,2896,1104,1792,1440,436,1004,1195916.1,569678090000000,2000,1000,200
90,36,54,11459,6067,5392,6535,4067,2468,1195651.2,569477700000000,8900,5200,0
26,12,14,3308,1336,1972,1576,536,1040,1195374.5,569414820000000,2500,1200,0
26,12,14,3292,1320,1972,1560,520,1040,1195242.1,569351870000000,2500,1200,0
26,12,14,3292,1320,1972,1560,520,1040,1195109.8,569288990000000,2500,1200,0
23,11,12,3541,1701,1840,2007,967,1040,1194983.4,569231810000000,2200,1000,0
102,48,54,12307,6915,5392,6663,4195,2468,1194640.8,568963240000000,10100,5300,0
26,12,14,3292,1320,1972,1560,520,1040,1194292.4,568900430000000,2500,1200,0
92,32,60,12421,5833,6588,7407,4067,3340,1194040.5,568723460000000,9100,5800,0
102,37,65,13225,6779,6446,7611,4735,2876,1193638.9,568518040000000,10000,6100,0
26,12,14,3292,1320,1972,1560,520,1040,1193357.1,568455360000000,2500,1200,0
28,13,15,3164,1270,1894,1592,520,1072,1193219.1,568386910000000,2700,1300,0
32,15,17,4088,1722,2366,1960,724,1236,1193064.1,568307120000000,3100,1800,0
3,2,1,184,122,62,0,0,0,1192975,568301480000000,100,0,100
85,32,53,11125,5703,5422,6455,3935,2520,1192783.4,568124850000000,8200,5200,200
26,12,14,3292,1320,1972,1560,520,1040,1192532,568062240000000,2500,1200,0
22,10,12,2896,1104,1792,1440,436,1004,1192412.1,568010970000000,2000,1000,200
26,12,14,3308,1336,1972,1576,536,1040,1192292.4,567948360000000,2500,1200,0
26,12,14,3292,1320,1972,1560,520,1040,1192160.8,567885810000000,2500,1200,0
22,10,12,2880,1104,1776,1424,436,988,1192041,567834610000000,2000,1000,200
20,10,10,2754,1154,1600,1406,486,920,1191933.2,567783400000000,1900,800,0
22,10,12,2896,1104,1792,1440,436,1004,1191825.6,567732200000000,2000,1000,200
3,2,1,184,122,62,0,0,0,1191765.8,567726490000000,100,0,100
24,11,13,4117,2367,1750,2787,1747,1040,1191700,567669650000000,2300,1100,0
24,11,13,4117,2367,1750,2787,1747,1040,1191580.4,567612810000000,2300,1100,0
25,12,13,3226,1320,1906,1560,520,1040,1191454.8,567550270000000,2400,1200,0
26,12,14,3292,1320,1972,1560,520,1040,1191323.2,567487790000000,2500,1200,0
85,31,54,11351,5959,5392,6727,4259,2468,1191078.4,567317330000000,8400,5200,0
61,23,38,8761,4709,4052,5439,3447,1992,1190768,567192440000000,6000,3800,100
77,37,40,9695,5467,4228,5431,3371,2060,1190422,566988160000000,7600,4100,100
6,1,5,372,62,310,0,0,0,1190207.4,566988160000000,500,0,0
26,12,14,3292,1320,1972,1560,520,1040,1190141.8,566925820000000,2500,1200,0
68,26,42,9385,4981,4404,5679,3551,2128,1189927.1,566784080000000,6600,4200,200
23,11,12,4131,2367,1764,2855,1747,1108,1189719,566727380000000,2200,1200,100
88,32,56,12725,6745,5980,7915,4991,2924,1189475.4,566551820000000,8700,5400,0
23,11,12,2956,1164,1792,1440,436,1004,1189231.2,566495180000000,2000,1000,300
85,32,53,11469,6175,5294,6827,4427,2400,1188987.1,566319690000000,8400,5300,100
6,4,2,366,246,120,0,0,0,1188784.9,566302710000000,500,0,0
26,12,14,3292,1320,1972,1560,520,1040,1188701.5,566240500000000,2500,1200,0
91,35,56,12851,6815,6036,7867,4875,2992,1188434,566048240000000,9000,5400,0
97,34,63,12401,6183,6218,7087,4315,2772,1188035.9,565861740000000,9600,6000,0
26,12,14,3292,1320,1972,1560,520,1040,1187774.5,565799600000000,2500,1200,0
87,32,55,11341,5827,5514,6603,4067,2536,1187525.1,565624510000000,8600,5300,0
23,11,12,3541,1701,1840,2007,967,1040,1187281.8,565568070000000,2200,1000,0
85,31,54,11159,5767,5392,6535,4067,2468,1187044.5,565398820000000,8400,5200,0
97,33,64,12815,6315,6500,7519,4507,3012,1186677,565218430000000,9600,6200,0
85,31,54,11239,5847,5392,6615,4147,2468,1186309.8,565049390000000,8400,5200,0
58,22,36,8165,4237,3928,4999,3023,1976,1186007.8,564931070000000,5600,3600,200
100,45,55,11468,5270,6198,4834,2298,2536,1185623,564683440000000,9800,5400,100
32,16,16,4366,2138,2228,2596,1244,1352,1185273.9,564599090000000,3100,2100,0
24,11,13,4117,2367,1750,2787,1747,1040,1185125.9,564542850000000,2300,1100,0
30,14,16,3836,1572,2264,1840,640,1200,1184989.9,564469700000000,2900,1600,0
26,12,14,3308,1336,1972,1576,536,1040,1184848,564407890000000,2500,1200,0
27,12,15,3358,1320,2038,1560,520,1040,1184718,564346090000000,2600,1200,0
22,10,12,2896,1104,1792,1440,436,1004,1184599.8,564295490000000,2000,1000,200
89,33,56,11587,5951,5636,6735,4131,2604,1184357.6,564115770000000,8800,5400,0
26,12,14,3292,1320,1972,1560,520,1040,1184103.8,564054030000000,2500,1200,0
26,12,14,3012,1204,1808,1560,520,1040,1183973.9,563992290000000,2500,1200,0
24,11,13,4117,2367,1750,2787,1747,1040,1183849.9,563936190000000,2300,1100,0
24,11,13,4117,2367,1750,2787,1747,1040,1183731.9,563880080000000,2300,1200,0
26,12,14,3292,1320,1972,1560,520,1040,1183608,563818340000000,2500,1200,0
20,10,10,2692,1020,1672,1368,364,1004,1183490,563767880000000,1700,900,200
24,11,13,4125,2371,1754,2787,1747,1040,1183377.9,563711840000000,2300,1100,0
25,11,14,3550,1190,2360,1884,456,1428,1183259.9,563655740000000,2300,1200,200
89,33,56,11523,5887,5636,6671,4067,2604,1183012.5,563476420000000,8800,5400,0
74,26,48,10631,5155,5476,6595,3731,2864,1182676.9,563336430000000,7300,4800,100
87,32,55,11273,5827,5446,6535,4067,2468,1182347.2,563162890000000,8600,5300,0
23,10,13,3028,1062,1966,1488,400,1088,1182111.9,563112560000000,2100,1100,100
26,12,14,3308,1336,1972,1576,536,1040,1181994.2,563051020000000,2500,1200,0
92,34,58,12063,6295,5768,7031,4427,2604,1181735.5,562866504000000,9100,5600,0
26,12,14,3891,1851,2040,2159,1051,1108,1181476.9,562805032000000,2500,1200,0
26,12,14,3292,1320,1972,1560,520,1040,1181347.6,562743560000000,2500,1200,0
24,11,13,4125,2371,1754,2787,1747,1040,1181224.1,562687692000000,2300,1100,0
51,20,31,7473,4071,3402,4691,2971,1720,1181053.8,562581559000000,5000,3100,100
26,12,14,3292,1320,1972,1560,520,1040,1180877.6,562520155000000,2500,1200,0
90,34,56,12009,6405,5604,7079,4543,2536,1180619.4,562335974000000,8800,5600,200
24,11,13,4125,2371,1754,2787,1747,1040,1180367.1,562280173000000,2300,1100,0
51,24,27,6885,3915,2970,4067,2563,1504,1180173.9,562151928000000,5000,2900,0
29,14,15,4535,2609,1926,2923,1815,1108,1179963,562079451000000,2800,1400,0
23,11,12,3541,1701,1840,2007,967,1040,1179828.2,562023717000000,2200,1000,0
26,12,14,3292,1320,1972,1560,520,1040,1179705.1,561962413000000,2500,1200,0
26,12,14,3292,1320,1972,1560,520,1040,1179576.1,561901109000000,2500,1200,0
90,34,56,11569,6057,5512,6651,4183,2468,1179318.5,561717365000000,8900,5400,0
26,12,14,3292,1320,1972,1560,520,1040,1179060.9,561656128000000,2500,1200,0
34,12,22,6311,3439,2872,4423,2771,1652,1178933.4,561594891000000,3300,2200,100
95,36,59,12365,6543,5822,7159,4555,2604,1178665.5,561400208000000,9400,5600,0
24,13,11,4129,2487,1642,2787,1747,1040,1178390.8,561333502000000,2200,1100,200
23,10,13,2994,1104,1890,1472,436,1036,1178268,561283473000000,2100,1100,200
24,11,13,4117,2367,1750,2787,1747,1040,1178156.9,561227873000000,2300,1100,0
26,12,14,3308,1336,1972,1576,536,1040,1178034.1,561166770000000,2500,1200,0
28,13,15,3588,1538,2050,1712,672,1040,1177899.8,561100098000000,2700,1300,0
29,13,16,4823,2707,2116,3223,1979,1244,1177759.5,561033425000000,2700,1600,200
24,11,13,4185,2367,1818,2855,1747,1108,1177631,560977926000000,2300,1200,0
85,31,54,11789,5933,5856,7159,4227,2932,1177397.5,560811395000000,8400,5200,0
22,10,12,2896,1104,1792,1440,436,1004,1177170,560761466000000,2000,1000,200
24,11,13,4125,2371,1754,2787,1747,1040,1177059.1,560705967000000,2300,1100,0
26,12,14,3292,1320,1972,1560,520,1040,1176936.6,560644965000000,2500,1200,0
26,16,10,1540,960,580,0,0,0,1183425.5,564036450000000,1000,0,800
26,12,14,3012,1204,1808,1560,520,1040,1189912.6,563975110000000,2500,1200,0
26,12,14,3308,1336,1972,1576,536,1040,1189783,563913770000000,2500,1200,0
26,12,14,3292,1320,1972,1560,520,1040,1189653.2,563852430000000,2500,1200,0
23,11,12,3541,1701,1840,2007,967,1040,1189529.5,563796670000000,2200,1000,0
9,3,6,528,180,348,0,0,0,1190048.6,563923170000000,600,0,100
170,62,108,22318,11534,10784,13070,8134,4936,1190268.6,563583330000000,16800,10400,0
26,12,14,3308,1336,1972,1576,536,1040,1189845.9,563522120000000,2500,1200,0
26,12,14,3292,1320,1972,1560,520,1040,1189716.2,563460850000000,2500,1200,0
103,49,54,12367,6975,5392,6663,4195,2468,1189369.2,563193830000000,10200,5200,0
37,15,22,4580,1840,2740,2122,842,1280,1189004.9,563116050000000,3600,2000,0
94,34,60,12449,6369,6080,7303,4495,2808,1188728.8,562932639000000,9300,5800,0
26,12,14,3292,1320,1972,1560,520,1040,1188470.4,562871537000000,2500,1200,0
24,11,13,4181,2431,1750,2851,1811,1040,1188347,562816004000000,2300,1100,0
26,12,14,3891,1851,2040,2159,1051,1108,1188223.6,562754935000000,2500,1200,0
26,12,14,3292,1320,1972,1560,520,1040,1188094.4,562693866000000,2500,1200,0
85,31,54,11159,5767,5392,6535,4067,2468,1187853.8,562527402000000,8400,5200,0
25,11,14,4231,2371,1860,2839,1747,1092,1187619.1,562471937000000,2400,1200,0
26,12,14,3292,1320,1972,1560,520,1040,1187495.9,562410935000000,2500,1200,0
92,36,56,11939,6415,5524,6895,4427,2468,1187226.2,562216957000000,9100,5400,0
24,11,13,4117,2367,1750,2787,1747,1040,1186962.5,562161558000000,2300,1100,0
76,34,42,9801,5397,4404,5615,3487,2128,1186710.8,561978787000000,7500,4200,100
24,11,13,3607,1701,1906,2007,967,1040,1186459.1,561923423000000,2300,1100,0
125,51,74,16127,8311,7816,9171,5439,3732,1186108.4,561646800000000,12300,7000,0
23,11,12,3541,1701,1840,2007,967,1040,1185757.9,561591502000000,2200,1000,0
26,12,14,3012,1204,1808,1560,520,1040,1185635.1,561530702000000,2500,1200,0
26,13,13,3803,1845,1958,2059,967,1092,1185500.5,561464398000000,2500,1100,0
57,22,35,8229,4475,3754,5123,3267,1856,1185307.8,561348367000000,5600,3500,100
91,38,53,11669,6331,5338,6679,4211,2468,1184969,561144054000000,9000,5300,0
36,16,20,5461,3105,2356,3483,2215,1268,1184665.4,561061275000000,3500,2100,0
26,12,14,3292,1320,1972,1560,520,1040,1184513.6,561000575000000,2500,1200,0
55,21,34,7819,4067,3752,4815,2907,1908,1184332.8,560890248000000,5300,3400,200
26,12,14,3292,1320,1972,1560,520,1040,1184152,560829615000000,2500,1200,0
27,12,15,3358,1320,2038,1560,520,1040,1184023.6,560768949000000,2600,1200,0
21,9,12,2868,980,1888,1472,384,1088,1183912.9,560724858000000,1900,1000,100
48,22,26,8234,4734,3500,5574,3494,2080,1183747,560609129000000,4600,2200,0
26,12,14,3292,1320,1972,1560,520,1040,1183563.6,560548530000000,2500,1200,0
89,34,55,11409,5963,5446,6551,4083,2468,1183307.4,560366833000000,8800,5300,0
22,10,12,2896,1104,1792,1440,436,1004,1183062.9,560317306000000,2000,1000,200
88,33,55,11529,6015,5514,6731,4195,2536,1182824.2,560141246000000,8700,5300,0
26,12,14,3012,1204,1808,1560,520,1040,1182574.1,560080747000000,2500,1200,0
24,11,13,4125,2371,1754,2787,1747,1040,1182452,560025752000000,2300,1100,0
22,10,12,2896,1104,1792,1440,436,1004,1182341.5,559976293000000,2000,1000,200
26,12,14,3891,1851,2040,2159,1051,1108,1182225.1,559915827000000,2500,1200,0
51,20,31,7441,4039,3402,4659,2939,1720,1182050.8,559811406000000,5000,3100,100
85,31,54,11159,5767,5392,6535,4067,2468,1181766.1,559646654000000,8400,5200,0
23,11,12,3557,1717,1840,2023,983,1040,1181533.9,559591759000000,2200,1000,0
45,19,26,7159,3687,3472,4671,2623,2048,1181371.4,559492975000000,4200,2600,300
26,12,14,3012,1204,1808,1560,520,1040,1181203.2,559432610000000,2500,1200,0
26,12,14,3012,1204,1808,1560,520,1040,1181075.5,559372279000000,2500,1200,0
26,12,14,3292,1320,1972,1560,520,1040,1180947.8,559311948000000,2500,1200,0
93,35,58,11348,4608,6740,5158,2266,2892,1180686.9,559125553000000,9200,5400,0
24,11,13,4141,2387,1754,2803,1763,1040,1180432,559070759000000,2300,1100,0
34,14,20,3944,1504,2440,1648,572,1076,1180298.8,558999557000000,3300,1400,0
26,12,14,3308,1336,1972,1576,536,1040,1180159.8,558939293000000,2500,1200,0
26,12,14,3292,1320,1972,1560,520,1040,1180032.2,558879063000000,2500,1200,0
88,34,54,11403,6011,5392,6599,4131,2468,1179777.5,558698439000000,8700,5200,0
26,12,14,3292,1320,1972,1560,520,1040,1179522.9,558638242000000,2500,1200,0
23,11,12,2956,1164,1792,1440,436,1004,1179401.4,558583549000000,2000,1000,300
23,10,13,2994,1104,1890,1472,436,1036,1179291.4,558534324000000,2100,1100,200
26,12,14,3292,1320,1972,1560,520,1040,1179175.8,558474161000000,2500,1200,0
26,12,14,3308,1336,1972,1576,536,1040,1179048.5,558414032000000,2500,1200,0
73,27,46,9911,5087,4824,5935,3603,2332,1178834.6,558271962000000,7100,4600,200
26,12,14,3292,1320,1972,1560,520,1040,1178620.9,558211866000000,2500,1200,0
26,12,14,3292,1320,1972,1560,520,1040,1178493.8,558151770000000,2500,1200,0
26,12,14,3308,1336,1972,1576,536,1040,1178366.6,558091708000000,2500,1200,0
24,11,13,4125,2371,1754,2787,1747,1040,1178245.2,558037115000000,2300,1100,0
26,12,14,3308,1336,1972,1576,536,1040,1178124,557977086000000,2500,1200,0
29,13,16,4241,2001,2240,2311,1135,1176,1177991.2,557911588000000,2800,1400,0
20,10,10,2692,1020,1672,1368,364,1004,1177870,557862498000000,1700,900,200
50,24,26,6913,3917,2996,4143,2559,1584,1177685.5,557737038000000,4900,2600,100
26,12,14,3292,1320,1972,1560,520,1040,1177489.5,557677076000000,2500,1200,0
26,12,14,3292,1320,1972,1560,520,1040,1177362.6,557617114000000,2500,1200,0
48,22,26,8250,4742,3508,5574,3494,2080,1186600.9,593701380000000,4600,2200,0
85,31,54,11223,5831,5392,6599,4131,2468,1195725.1,593527370000000,8400,5200,0
26,12,14,3308,1336,1972,1576,536,1040,1195485.2,593463550000000,2500,1200,0
91,34,57,11755,6121,5634,6783,4247,2536,1195228,593272290000000,9000,5500,0
24,11,13,4117,2367,1750,2787,1747,1040,1194976.6,593214370000000,2300,1100,0
29,14,15,3554,1464,2090,1612,520,1092,1194842.1,593139080000000,2800,1300,0
26,12,14,3292,1320,1972,1560,520,1040,1194701.9,593075320000000,2500,1200,0
26,12,14,3292,1320,1972,1560,520,1040,1194573.2,593011640000000,2500,1200,0
26,12,14,3308,1336,1972,1576,536,1040,1194444.6,592947950000000,2500,1200,0
87,32,55,11715,6257,5458,6971,4503,2468,1194199.5,592768640000000,8600,5300,0
23,11,12,3541,1701,1840,2007,967,1040,1193960.2,592710790000000,2200,1000,0
24,11,13,4117,2367,1750,2787,1747,1040,1193843.5,592652940000000,2300,1100,0
108,45,63,12066,5308,6758,4834,2298,2536,1193528.6,592398670000000,10300,5400,0
35,19,16,4190,2186,2004,2228,1100,1128,1193167.9,592294650000000,3400,1700,0
22,10,12,2896,1104,1792,1440,436,1004,1193011,592242700000000,2000,1000,200
103,49,54,12495,7103,5392,6791,4323,2468,1192679.1,591965680000000,10200,5300,0
44,18,26,6617,3621,2996,4207,2623,1584,1192300.9,591867630000000,4200,2600,200
26,12,14,3308,1336,1972,1576,536,1040,1192138,591804210000000,2500,1200,0
85,31,54,11159,5767,5392,6535,4067,2468,1191899.5,591631280000000,8400,5200,0
26,12,14,3308,1336,1972,1576,536,1040,1191661.2,591567920000000,2500,1200,0
24,11,13,4125,2371,1754,2787,1747,1040,1191539.1,591510280000000,2300,1100,0
26,12,14,3292,1320,1972,1560,520,1040,1191417,591446930000000,2500,1200,0
26,12,14,3292,1320,1972,1560,520,1040,1191289.1,591383580000000,2500,1200,0
26,12,14,3292,1320,1972,1560,520,1040,1191161.4,591320290000000,2500,1200,0
24,11,13,4125,2371,1754,2787,1747,1040,1191039.4,591262710000000,2300,1100,0
26,12,14,3308,1336,1972,1576,536,1040,1190917.4,591199430000000,2500,1200,0
26,12,14,3308,1336,1972,1576,536,1040,1190789.6,591136150000000,2500,1200,0
28,14,14,3424,1452,1972,1560,520,1040,1190650.2,591061390000000,2700,1200,0
26,12,14,3308,1336,1972,1576,536,1040,1190510.9,590998100000000,2500,1200,0
29,13,16,4241,2001,2240,2311,1135,1176,1190377.5,590929120000000,2800,1400,0
95,41,54,11058,5006,6052,4766,2298,2468,1190075.9,590699270000000,9300,5300,100
26,12,14,3292,1320,1972,1560,520,1040,1189780.2,590636050000000,2500,1200,0
18,9,9,2598,1064,1534,1388,468,920,1189670.2,590590150000000,1600,700,100
22,10,12,2896,1104,1792,1440,436,1004,1189571.8,590538470000000,2000,1000,200
26,12,14,3292,1320,1972,1560,520,1040,1189455.9,590475330000000,2500,1200,0
26,12,14,3292,1320,1972,1560,520,1040,1189328.4,590412180000000,2500,1200,0
26,12,14,3308,1336,1972,1576,536,1040,1189201,590349090000000,2500,1200,0
24,11,13,4117,2367,1750,2787,1747,1040,1189079.4,590291720000000,2300,1200,0
94,37,57,11885,6127,5758,6739,4067,2672,1188813.2,590085290000000,9300,5600,0
85,31,54,11223,5831,5392,6599,4131,2468,1188431.6,589913360000000,8400,5200,0
26,12,14,3292,1320,1972,1560,520,1040,1188194.8,589850340000000,2500,1200,0
24,11,13,4181,2431,1750,2851,1811,1040,1188073.2,589793100000000,2300,1100,0
85,31,54,11159,5767,5392,6535,4067,2468,1187842.2,589621360000000,8400,5300,0
29,14,15,3966,1464,2502,2024,520,1504,1187594,589546940000000,2800,1300,0
26,12,14,3292,1320,1972,1560,520,1040,1187455.4,589483990000000,2500,1200,0
86,31,55,11357,5911,5446,6679,4211,2468,1187218.8,589312460000000,8500,5200,0
89,33,56,11833,6253,5580,6975,4439,2536,1186861.2,589129590000000,8800,5400,0
26,12,14,3292,1320,1972,1560,520,1040,1186613.5,589066710000000,2500,1200,0
67,26,41,9157,4807,4350,5499,3371,2128,1186406,588923970000000,6500,4100,200
25,12,13,3570,1248,2322,1904,436,1468,1186198.6,588861160000000,2300,1100,200
24,11,13,4117,2367,1750,2787,1747,1040,1186077.6,588804050000000,2300,1100,0
26,12,14,3292,1320,1972,1560,520,1040,1185956.8,588741300000000,2500,1200,0
23,11,12,3541,1701,1840,2007,967,1040,1185835.8,588684260000000,2200,1000,0
39,16,23,6089,3391,2698,3955,2507,1448,1185691.9,588598690000000,3800,2300,100
102,39,63,13569,6467,7102,7967,4299,3668,1185387.8,588382000000000,10100,6100,0
6,1,5,350,60,290,0,0,0,1185170,588382000000000,500,0,0
36,16,20,5461,3105,2356,3483,2215,1268,1185083.8,588296570000000,3500,2100,0
82,31,51,10837,5719,5118,6375,4019,2356,1184825.1,588125710000000,8100,5300,0
93,33,60,12447,6107,6340,7367,4299,3068,1184469,587943510000000,9200,5700,0
24,11,13,4117,2367,1750,2787,1747,1040,1184227.9,587886600000000,2300,1100,0
28,13,15,3520,1470,2050,1644,604,1040,1184101.6,587818350000000,2700,1300,0
34,14,20,4220,1632,2588,1950,706,1244,1183958.4,587744400000000,3200,1700,100
19,9,10,2576,988,1588,1306,386,920,1183838.1,587698900000000,1800,800,0
24,11,13,4117,2367,1750,2787,1747,1040,1183734.8,587642060000000,2300,1100,0
22,10,12,2896,1104,1792,1440,436,1004,1183625.8,587590920000000,2000,1000,200
26,12,14,3308,1336,1972,1576,536,1040,1183511.1,587528370000000,2500,1200,0
28,12,16,3956,1320,2636,2092,520,1572,1183384.9,587465900000000,2700,1400,0
28,13,15,3520,1470,2050,1644,604,1040,1183253,587397710000000,2700,1300,0
25,11,14,4191,2371,1820,2787,1747,1040,1183126.9,587340940000000,2400,1100,0
23,11,12,3541,1701,1840,2007,967,1040,1183012.2,587284160000000,2200,1000,0
107,52,55,12601,7155,5446,6663,4195,2468,1182663.2,586994720000000,10600,5300,0
27,12,15,4775,2781,1994,3283,2107,1176,1182308.8,586932310000000,2600,1500,100
2,1,1,118,60,58,0,0,0,1182245.8,586932310000000,100,0,0
26,12,14,3292,1320,1972,1560,520,1040,1182182.9,586869970000000,2500,1200,0
37,16,21,5583,3105,2478,3551,2215,1336,1182034.1,586784940000000,3600,2200,0
60,26,34,7158,3050,4108,3182,1326,1856,1181805.4,586643270000000,5900,3300,0
41,19,22,6215,3287,2928,3939,2215,1724,1181559.8,586541270000000,3900,2200,0
34,14,20,5455,2987,2468,3591,2211,1380,1181382.6,586467650000000,3300,2000,100
85,31,54,11159,5767,5392,6535,4067,2468,1181137,586297870000000,8400,5200,0
38,17,21,5575,3165,2410,3483,2215,1268,1180874.4,586207340000000,3700,2200,0
26,12,14,3292,1320,1972,1560,520,1040,1180720.2,586145130000000,2500,1200,0
23,11,12,3541,1701,1840,2007,967,1040,1180600.4,586088550000000,2200,1000,0
3,2,1,178,120,58,0,0,0,1180537.6,586082920000000,100,0,100
23,11,12,3541,1701,1840,2007,967,1040,1180474.9,586026340000000,2200,1000,0
22,10,12,2896,1104,1792,1440,436,1004,1180366.4,585975470000000,2000,1000,200
32,15,17,4088,1722,2366,1960,724,1236,1180235.2,585896350000000,3100,1800,0
12,6,6,2431,1187,1244,1743,831,912,1180127,585868100000000,1100,500,100
23,11,12,3541,1701,1840,2007,967,1040,1180041.5,585811590000000,2200,1000,0
78,29,49,10535,5537,4998,6283,3951,2332,1179825,585653490000000,7700,4900,100
92,37,55,11833,6319,5514,6795,4259,2536,1179460.5,585450280000000,9100,5300,0
76,29,47,9608,3670,5938,4558,1730,2828,1179096.5,585292310000000,7400,4700,100
24,11,13,4321,2555,1766,2971,1931,1040,1178880.5,585235930000000,2300,1100,0
23,11,12,3541,1701,1840,2007,967,1040,1178766.6,585179560000000,2200,1000,0
23,11,12,3541,1701,1840,2007,967,1040,1178652.9,585123190000000,2200,1000,0
26,12,14,3292,1320,1972,1560,520,1040,1178533.4,585061180000000,2500,1200,0
85,31,54,11223,5831,5392,6599,4131,2468,1178300.4,584892200000000,8400,5200,0
26,12,14,3292,1320,1972,1560,520,1040,1178067.4,584830260000000,2500,1200,0
89,35,54,11399,6007,5392,6535,4067,2468,1177811.9,584638870000000,8800,5200,0
75,32,43,9845,5387,4458,5731,3603,2128,1177442.9,584464520000000,7300,4300,200
26,12,14,3292,1320,1972,1560,520,1040,1177204.6,584402640000000,2500,1200,0
26,12,14,3398,1414,1984,1660,620,1040,1177079.9,584340840000000,2400,1200,100
23,12,11,3288,1554,1734,2004,876,1128,1176955,584278960000000,2200,1400,0
26,12,14,3292,1320,1972,1560,520,1040,1176830.2,584217160000000,2500,1200,0
8,5,3,504,302,202,32,0,32,1176745.1,584194670000000,600,100,200
26,12,14,3028,1220,1808,1576,536,1040,1176660.1,584132930000000,2500,1200,0
26,12,14,3292,1320,1972,1560,520,1040,1176535.4,584071130000000,2500,1200,0
89,35,54,11655,6263,5392,6791,4323,2468,1176280.5,583880270000000,8800,5300,0
60,30,30,7909,4561,3348,4575,2855,1720,1175923.9,583717530000000,5800,3000,200
92,32,60,13221,6745,6476,8195,4991,3204,1175584.5,583543720000000,9100,5800,0
26,12,14,3292,1320,1972,1560,520,1040,1175347.1,583482040000000,2500,1200,0
24,11,13,3044,1178,1866,1440,436,1004,1175228.2,583426010000000,2100,1000,200
26,12,14,4355,2495,1860,2903,1811,1092,1175109.6,583364400000000,2500,1200,0
35,18,17,4821,2403,2418,2495,1207,1288,1174951.2,583269180000000,3400,1800,0
28,13,15,3520,1470,2050,1644,604,1040,1174787.4,583201930000000,2700,1300,0
26,12,14,3292,1320,1972,1560,520,1040,1174657.4,583140390000000,2500,1200,0
26,12,14,3028,1220,1808,1576,536,1040,1174533.1,583078790000000,2500,1200,0
91,33,58,11779,6015,5764,6803,4199,2604,1174290.4,582899740000000,8900,5500,0
87,32,55,11597,6083,5514,6859,4323,2536,1173935,582726400000000,8600,5300,0
50,21,29,7168,3678,3490,4374,2506,1868,1173647.5,582614660000000,4900,2900,0
103,41,62,13319,6611,6708,7651,4311,3340,1173309.5,582391190000000,10200,6100,0
93,35,58,12107,6339,5768,7015,4411,2604,1172892.9,582201410000000,9200,5600,0
64,24,40,8915,4687,4228,5431,3371,2060,1172572.1,582073090000000,6300,4000,100
26,12,14,3292,1320,1972,1560,520,1040,1172380.9,582011760000000,2500,1200,0
26,12,14,3292,1320,1972,1560,520,1040,1172257.1,581950420000000,2500,1200,0
22,10,12,2896,1104,1792,1440,436,1004,1172144.5,581900220000000,2000,1000,200
48,22,26,8298,4798,3500,5638,3558,2080,1171983.9,581783180000000,4600,2200,0
90,33,57,12903,7189,5714,7979,5375,2604,1171694.1,581604940000000,8900,5500,0
97,33,64,13223,6807,6416,7903,4991,2912,1171334.9,581426840000000,9500,6000,0
23,11,12,3541,1701,1840,2007,967,1040,1171099.1,581371200000000,2200,1000,0
80,29,51,10767,5537,5230,6419,3951,2468,1170885.9,581215440000000,7800,5100,100
23,11,12,3541,1701,1840,2007,967,1040,1170672.8,581159810000000,2200,1000,0
24,11,13,4125,2371,1754,2787,1747,1040,1170560.5,581104240000000,2300,1100,0
38,16,22,5861,3217,2644,3775,2327,1448,1170420.2,581020830000000,3600,2200,200
110,49,61,14379,7461,6918,8279,4687,3592,1170067.2,580754200000000,10900,5800,0
23,11,12,3541,1701,1840,2007,967,1040,1169742.5,580698700000000,2200,1000,0
52,19,33,7863,3729,4134,4987,2675,2312,1169585.9,580598780000000,5000,3200,100
26,12,14,3292,1320,1972,1560,520,1040,1169423.6,580537780000000,2500,1200,0
27,12,15,3390,1320,2070,1592,520,1072,1169300.4,580476710000000,2600,1300,0
26,12,14,3292,1320,1972,1560,520,1040,1169177.2,580415710000000,2500,1200,0
23,10,13,2970,1104,1866,1440,436,1004,1169065.4,580365780000000,2100,1000,200
2,1,1,118,60,58,0,0,0,1169015,580365780000000,100,0,0
23,11,12,3541,1701,1840,2007,967,1040,1168959,580310350000000,2200,1000,0
76,35,41,9931,5649,4282,5739,3679,2060,1168713,580121970000000,7500,4100,100
85,31,54,11159,5767,5392,6535,4067,2468,1168355.4,579955810000000,8400,5200,0
95,32,63,11532,4354,7178,5246,2234,3012,1168014.6,579784210000000,9400,6100,0
26,12,14,3292,1320,1972,1560,520,1040,1167780.2,579723340000000,2500,1200,0
86,32,54,11283,5891,5392,6599,4131,2468,1167545.9,579551880000000,8500,5200,0
86,31,55,11281,5767,5514,6603,4067,2536,1167205.6,579386060000000,8500,5300,0
24,11,13,4125,2371,1754,2787,1747,1040,1166982.8,579330760000000,2300,1100,0
26,12,14,3292,1320,1972,1560,520,1040,1166865.6,579270020000000,2500,1200,0
37,17,20,5521,3165,2356,3483,2215,1268,1166715.1,579181640000000,3600,2100,0
26,12,14,3292,1320,1972,1560,520,1040,1166564.6,579120910000000,2500,1200,0
23,11,12,3557,1717,1840,2023,983,1040,1166447.6,579065680000000,2200,1000,0
26,12,14,3891,1851,2040,2159,1051,1108,1166330.6,579004940000000,2500,1200,0
22,10,12,2896,1104,1792,1440,436,1004,1166219.2,578955280000000,2000,1000,200
88,33,55,11657,6143,5514,6859,4323,2536,1165991,578778790000000,8700,5300,0
44,17,27,6441,3387,3054,4031,2443,1588,1165724.1,578690540000000,4300,2600,0
23,11,12,3557,1717,1840,2023,983,1040,1165579.5,578635440000000,2200,1000,0
84,30,54,11099,5707,5392,6535,4067,2468,1165362.6,578475660000000,8300,5200,0
23,11,12,3541,1701,1840,2007,967,1040,1165145.9,578420560000000,2200,1000,0
24,11,13,4117,2367,1750,2787,1747,1040,1165034.8,578365460000000,2300,1100,0
26,12,14,3292,1320,1972,1560,520,1040,1164918,578304930000000,2500,1200,0
84,30,54,11099,5707,5392,6535,4067,2468,1164695.9,578145280000000,8300,5300,0
94,36,58,11883,6179,5704,6719,4183,2536,1164340.8,577952740000000,9200,5400,0
26,12,14,3292,1320,1972,1560,520,1040,1164085.6,577892280000000,2500,1200,0
63,24,39,8983,4181,4802,5511,2847,2664,1163897.1,577765850000000,6200,3800,0
25,11,14,4643,2371,2272,3251,1747,1504,1163714.4,577710950000000,2400,1200,0
111,53,58,13081,7325,5756,6915,4311,2604,1163370.9,577425340000000,11000,5600,0
44,18,26,6617,3621,2996,4207,2623,1584,1162989,577332050000000,4200,2600,200
26,12,14,3292,1320,1972,1560,520,1040,1162834,577271720000000,2500,1200,0
54,28,26,7456,3772,3684,4456,2200,2256,1163082.1,577209580000000,5200,3200,0
24,11,13,4125,2371,1754,2787,1747,1040,1163335.6,577154690000000,2300,1100,0
7,2,5,502,140,362,0,0,0,1163274.9,577149250000000,600,0,0
92,35,57,11715,6149,5566,6683,4215,2468,1163081.5,576962890000000,9100,5400,0
57,22,35,8023,4301,3722,4911,3087,1824,1162777.4,576847860000000,5600,3400,0
26,12,14,3308,1336,1972,1576,536,1040,1162600.4,576787600000000,2500,1200,0
90,33,57,11715,6013,5702,6803,4199,2604,1162362.8,576612450000000,8900,5500,0
26,12,14,3292,1320,1972,1560,520,1040,1162125.2,576552250000000,2500,1200,0
87,31,56,11403,5767,5636,6671,4067,2604,1161898.9,576388100000000,8600,5400,0
26,12,14,3292,1320,1972,1560,520,1040,1161672.6,576327970000000,2500,1200,0
24,11,13,4117,2367,1750,2787,1747,1040,1161556.8,576273340000000,2300,1100,0
24,11,13,4125,2371,1754,2787,1747,1040,1161446.4,576218650000000,2300,1200,0
26,12,14,3292,1320,1972,1560,520,1040,1161330.4,576158590000000,2500,1200,0
3,2,1,178,120,58,0,0,0,1161264.2,576153090000000,100,0,100
26,12,14,3292,1320,1972,1560,520,1040,1161198,576093020000000,2500,1200,0
26,12,14,3292,1320,1972,1560,520,1040,1161076.6,576032890000000,2500,1200,0
24,11,13,4125,2371,1754,2787,1747,1040,1160960.8,575978330000000,2300,1100,0
36,16,20,5461,3105,2356,3483,2215,1268,1160823,575896390000000,3500,2200,0
26,12,14,3324,1352,1972,1592,552,1040,1160679.6,575836400000000,2500,1200,0
26,12,14,3308,1336,1972,1576,536,1040,1160558.4,575776340000000,2500,1200,0
2,1,1,118,60,58,0,0,0,1160497.8,575776340000000,100,0,0
26,12,14,3292,1320,1972,1560,520,1040,1160437.1,575716340000000,2500,1200,0
103,48,55,11484,5402,6082,4654,2218,2436,1160117.8,575460050000000,10100,5300,0
25,12,13,3242,1336,1906,1576,536,1040,1159798.5,575400060000000,2400,1200,0
24,11,13,4181,2431,1750,2851,1811,1040,1159683,575345560000000,2300,1100,0
24,11,13,4125,2371,1754,2787,1747,1040,1159573,575291070000000,2300,1100,0
26,12,14,3308,1336,1972,1576,536,1040,1159457.5,575231210000000,2500,1200,0
46,17,29,6859,3497,3362,4347,2559,1788,1159309,575144040000000,4500,2900,100
85,31,54,11159,5767,5392,6535,4067,2468,1159056.4,574980760000000,8400,5200,0
26,12,14,3292,1320,1972,1560,520,1040,1158831.1,574920900000000,2500,1200,0
23,11,12,3541,1701,1840,2007,967,1040,1158715.8,574866540000000,2200,1000,0
25,11,14,4307,2367,1940,2923,1747,1176,1158605.9,574812120000000,2400,1300,0
26,12,14,3292,1320,1972,1560,520,1040,1158490.6,574752320000000,2500,1200,0
26,12,14,3292,1320,1972,1560,520,1040,1158369.8,574692530000000,2500,1200,0
87,31,56,11285,5769,5516,6535,4067,2468,1158144.9,574529450000000,8500,5200,0
26,12,14,3292,1320,1972,1560,520,1040,1157920,574469730000000,2500,1200,0
85,31,54,11175,5783,5392,6551,4083,2468,1157695.2,574306790000000,8400,5300,0
43,18,25,6541,3319,3222,4167,2315,1852,1157437.8,574214510000000,4200,2600,0
29,15,14,3490,1518,1972,1560,520,1040,1157268,574138540000000,2800,1200,0
37,17,20,5569,3201,2368,3519,2251,1268,1157103.6,574051770000000,3600,2200,0
26,12,14,3292,1320,1972,1560,520,1040,1156955.8,573992110000000,2500,1200,0
24,11,13,4125,2371,1754,2787,1747,1040,1156840.8,573937890000000,2300,1100,0
23,11,12,3541,1701,1840,2007,967,1040,1156731.2,573883670000000,2200,1000,0
91,36,55,11635,6177,5458,6651,4183,2468,1156485,573694020000000,9000,5400,0
85,31,54,11159,5767,5392,6535,4067,2468,1156129.6,573531480000000,8400,5200,0
102,48,54,12243,6851,5392,6599,4131,2468,1155709.1,573277140000000,10100,5300,0
23,10,13,3426,1104,2322,1904,436,1468,1155403.4,573228480000000,2100,1100,200
22,10,12,2896,1104,1792,1440,436,1004,1155305.1,573179830000000,2000,1000,200
88,32,56,11549,5969,5580,6751,4215,2536,1155086.9,573012190000000,8700,5400,0
26,12,14,3292,1320,1972,1560,520,1040,1154857.8,572952800000000,2500,1200,0
85,31,54,11159,5767,5392,6535,4067,2468,1154634.1,572790730000000,8400,5300,0
37,17,20,5521,3165,2356,3483,2215,1268,1154383.4,572704290000000,3600,2100,0
89,35,54,11611,6071,5540,6735,4131,2604,1154111,572520820000000,8700,5400,200
26,12,14,3292,1320,1972,1560,520,1040,1153865.9,572461490000000,2500,1200,0
26,12,14,3308,1336,1972,1576,536,1040,1153746,572402170000000,2500,1200,0
87,33,54,11343,5951,5392,6599,4131,2468,1153512,572229630000000,8600,5200,0
28,10,18,6214,3054,3160,4638,2494,2144,1153289.4,572181110000000,2700,1700,100
99,35,64,13527,6375,7152,8105,4453,3652,1153056,571997970000000,9800,6100,0
22,10,12,2896,1104,1792,1440,436,1004,1152822.2,571949520000000,2000,1000,200
24,11,13,4117,2367,1750,2787,1747,1040,1152719,571895700000000,2300,1100,0
26,12,14,3292,1320,1972,1560,520,1040,1152604.9,571836440000000,2500,1200,0
26,12,14,3028,1220,1808,1576,536,1040,1152485.2,571777250000000,2500,1200,0
23,11,12,3541,1701,1840,2007,967,1040,1152371.1,571723430000000,2200,1000,0
110,47,63,14891,7765,7126,8791,5123,3668,1152067.5,571476070000000,10900,6100,0
84,30,54,11163,5771,5392,6599,4131,2468,1151661,571320240000000,8300,5200,0
93,39,54,11703,6311,5392,6599,4131,2468,1151297.8,571116160000000,9200,5200,0
26,12,14,3308,1336,1972,1576,536,1040,1151032.2,571057110000000,2500,1200,0
26,12,14,3292,1320,1972,1560,520,1040,1150913,570998050000000,2500,1200,0
23,11,12,3541,1701,1840,2007,967,1040,1150799.1,570944430000000,2200,1000,0
93,32,61,12810,5844,6966,7742,4090,3652,1150577.2,570778140000000,9200,5900,0
6,1,5,372,62,310,0,0,0,1150409.5,570778140000000,500,0,0
26,12,14,3292,1320,1972,1560,520,1040,1150350,570719150000000,2500,1200,0
51,17,34,7317,3393,3924,4503,2443,2060,1150204.2,570633380000000,5000,3300,100
26,12,14,4257,2437,1820,2787,1747,1040,1150058.6,570574390000000,2400,1100,0
26,12,14,3012,1204,1808,1560,520,1040,1149939.6,570515470000000,2500,1200,0
15,7,8,884,420,464,0,0,0,1151233.5,570750420000000,800,0,300
26,12,14,3292,1320,1972,1560,520,1040,1152527.1,570691500000000,2500,1200,0
26,12,14,3292,1320,1972,1560,520,1040,1152407.9,570632580000000,2500,1200,0
16,7,9,2692,786,1906,1620,316,1304,1152315.8,570600430000000,1500,700,0
35,17,18,4534,2198,2336,2596,1244,1352,1152196.5,570514730000000,3400,2200,0
26,12,14,3292,1320,1972,1560,520,1040,1152050.2,570455810000000,2500,1200,0
26,12,14,3292,1320,1972,1560,520,1040,1151931,570396960000000,2500,1200,0
43,18,25,6431,3557,2874,4075,2559,1516,1151779.5,570305960000000,4100,2500,200
60,22,38,8531,4411,4120,5263,3203,2060,1151573.9,570193620000000,5900,3800,100
26,12,14,3292,1320,1972,1560,520,1040,1151400.8,570134760000000,2500,1200,0
67,24,43,9689,4687,5002,6031,3371,2660,1151216.9,570011820000000,6600,4300,100
106,52,54,12739,7347,5392,6855,4387,2468,1150817.1,569739290000000,10500,5200,0
26,12,14,3891,1851,2040,2159,1051,1108,1150482.2,569680570000000,2500,1200,0
23,11,12,3541,1701,1840,2007,967,1040,1150368.8,569627220000000,2200,1000,0
26,12,14,3292,1320,1972,1560,520,1040,1150255.4,569568500000000,2500,1200,0
75,30,45,9710,3636,6074,4726,1630,3096,1150039.6,569413740000000,7300,4500,100
26,12,14,3292,1320,1972,1560,520,1040,1149824.1,569355090000000,2500,1200,0
88,33,55,11349,5903,5446,6551,4083,2468,1149592.1,569184430000000,8700,5300,0
22,10,12,2896,1104,1792,1440,436,1004,1149371.1,569136520000000,2000,1000,200
26,12,14,3891,1851,2040,2159,1051,1108,1149263.4,569077870000000,2500,1200,0
46,19,27,6621,3615,3006,4103,2563,1540,1149107,568982030000000,4500,2900,0
24,11,13,4117,2367,1750,2787,1747,1040,1148956.2,568928750000000,2300,1100,0
6,1,5,350,60,290,0,0,0,1148902.4,568928750000000,500,0,0
26,12,14,3028,1220,1808,1576,536,1040,1148843.1,568870160000000,2500,1200,0
59,29,30,10304,6860,3444,7060,5244,1816,1148633,568721110000000,5800,3500,0
25,12,13,3226,1320,1906,1560,520,1040,1148423.1,568662600000000,2400,1200,0
26,12,14,3292,1320,1972,1560,520,1040,1148304.8,568604080000000,2500,1200,0
26,12,14,3292,1320,1972,1560,520,1040,1148186.2,568545620000000,2500,1200,0
86,32,54,11235,5843,5392,6551,4083,2468,1147960.5,568380810000000,8500,5300,0
36,16,20,5461,3105,2356,3483,2215,1268,1147713.2,568301080000000,3500,2100,0
27,12,15,3358,1320,2038,1560,520,1040,1147573.5,568242630000000,2600,1200,0
23,11,12,3541,1701,1840,2007,967,1040,1147460.6,568189550000000,2200,1000,0
92,33,59,12057,6235,5822,7031,4427,2604,1147235,568019630000000,9100,5600,0
86,32,54,11283,5891,5392,6599,4131,2468,1146897,567855070000000,8500,5200,0
26,12,14,3012,1204,1808,1560,520,1040,1146671.6,567796760000000,2500,1200,0
26,12,14,3292,1320,1972,1560,520,1040,1146553.5,567738440000000,2500,1200,0
26,12,14,3012,1204,1808,1560,520,1040,1146435.5,567680120000000,2500,1200,0
26,12,14,4239,2431,1808,2787,1747,1040,1146317.5,567621800000000,2400,1100,100
87,33,54,11279,5887,5392,6535,4067,2468,1146087,567452220000000,8600,5200,0
26,12,14,3012,1204,1808,1560,520,1040,1145856.6,567393970000000,2500,1200,0
24,11,13,4125,2371,1754,2787,1747,1040,1145744.1,567340950000000,2300,1100,0
23,11,12,3541,1701,1840,2007,967,1040,1145637,567288000000000,2200,1000,0
88,33,55,11401,5887,5514,6603,4067,2536,1145412.1,567118690000000,8700,5300,0
24,11,13,4117,2367,1750,2787,1747,1040,1145187.4,567065740000000,2300,1100,0
24,11,13,4117,2367,1750,2787,1747,1040,1145080.2,567012860000000,2300,1100,0
90,34,56,11893,6313,5580,6975,4439,2536,1144850.4,566838380000000,8900,5400,0
24,11,13,4133,2383,1750,2803,1763,1040,1144620.5,566785490000000,2300,1100,0
24,11,13,4117,2367,1750,2787,1747,1040,1144513.5,566732680000000,2300,1100,0
95,44,51,11863,6621,5242,6603,4135,2468,1144232.2,566505520000000,9400,5200,100
26,12,14,3292,1320,1972,1560,520,1040,1143945.8,566447470000000,2500,1200,0
86,31,55,11357,5911,5446,6679,4211,2468,1143726.9,566289160000000,8500,5200,0
26,12,14,3891,1851,2040,2159,1051,1108,1143508.1,566231110000000,2500,1200,0
26,12,14,3308,1336,1972,1576,536,1040,1143390.8,566173060000000,2500,1200,0
19,10,9,3569,2103,1466,2503,1531,972,1143284,566125610000000,1600,800,300
98,34,64,12609,6169,6440,7243,4299,2944,1143060.1,565951670000000,9600,6100,0
108,52,56,12649,7137,5512,6651,4183,2468,1142612.8,565683030000000,10700,5400,0
66,25,41,9283,5001,4282,5691,3631,2060,1142213.4,565556730000000,6500,4100,100
26,12,14,3308,1336,1972,1576,536,1040,1142027.1,565498880000000,2500,1200,0
85,31,54,11287,5895,5392,6663,4195,2468,1141809,565341040000000,8400,5200,0
24,11,13,4185,2367,1818,2855,1747,1108,1141596.4,565288500000000,2300,1200,0
22,10,12,2896,1104,1792,1440,436,1004,1141495.4,565241180000000,2000,1000,200
75,27,48,10361,5325,5036,6247,3847,2400,1141309.4,565104550000000,7400,4800,100
22,10,12,2896,1104,1792,1440,436,1004,1141123.5,565057240000000,2000,1000,200
92,37,55,11833,6319,5514,6795,4259,2536,1140884.5,564868260000000,9100,5300,0
85,31,54,11287,5895,5392,6663,4195,2468,1140534.2,564710820000000,8400,5200,0
23,11,12,3541,1701,1840,2007,967,1040,1140322,564658340000000,2200,1000,0
27,12,15,3798,1336,2462,2000,536,1464,1140210.5,564600630000000,2600,1300,0
27,10,17,4845,2491,2354,3347,1931,1416,1140104.5,564553450000000,2600,1700,100
26,12,14,3292,1320,1972,1560,520,1040,1139998.5,564495740000000,2500,1200,0
85,31,54,11159,5767,5392,6535,4067,2468,1139781.2,564338570000000,8400,5200,0
26,12,14,3292,1320,1972,1560,520,1040,1139563.9,564280920000000,2500,1200,0
24,11,13,4181,2431,1750,2851,1811,1040,1139452.6,564228510000000,2300,1100,0
26,12,14,3308,1336,1972,1576,536,1040,1139341.4,564170930000000,2500,1200,0
72,26,46,10951,6019,4932,6927,4595,2332,1139151.1,564040070000000,7100,4600,100
85,31,54,11159,5767,5392,6535,4067,2468,1138860.4,563883040000000,8400,5200,0
40,19,21,5727,3285,2442,3515,2215,1300,1138606.6,563788950000000,3900,2300,0
6,4,2,358,242,116,0,0,0,1138495.6,563773240000000,500,0,0
23,11,12,3541,1701,1840,2007,967,1040,1138426.9,563720970000000,2200,1000,0
95,33,62,12257,6013,6244,7075,4199,2876,1138204.9,563553660000000,9400,5900,0
26,12,14,3292,1320,1972,1560,520,1040,1137977.8,563496220000000,2500,1200,0
26,12,14,3292,1320,1972,1560,520,1040,1137861.4,563438770000000,2500,1200,0
25,11,14,4643,2371,2272,3251,1747,1504,1137750.5,563386560000000,2400,1200,0
24,11,13,4125,2371,1754,2787,1747,1040,1137644.9,563334350000000,2300,1100,0
103,49,54,12239,6847,5392,6535,4067,2468,1137338.9,563083840000000,10200,5300,0
26,12,14,3292,1320,1972,1560,520,1040,1137027.8,563026460000000,2500,1200,0
23,11,12,3541,1701,1840,2007,967,1040,1136917,562974310000000,2200,1000,0
26,12,14,3308,1336,1972,1576,536,1040,1136806.1,562916969000000,2500,1200,0
3,2,1,178,120,58,0,0,0,1136742.9,562911768000000,100,0,100
28,13,15,3440,1394,2046,1560,520,1040,1136674.2,562849189000000,2600,1200,0
26,12,14,3292,1320,1972,1560,520,1040,1136553,562791878000000,2500,1200,0
24,11,13,4125,2371,1754,2787,1747,1040,1136442.2,562739768000000,2300,1100,0
90,31,59,12863,6133,6730,7963,4439,3524,1136231.6,562583505000000,8900,5700,0
3,2,1,178,120,58,0,0,0,1136068.5,562578305000000,100,0,100
6,1,5,372,62,310,0,0,0,1136063.2,562578305000000,500,0,0
93,39,54,11639,6247,5392,6535,4067,2468,1135863.6,562380535000000,9200,5300,0
26,12,14,3012,1204,1808,1560,520,1040,1135606.2,562323291000000,2500,1200,0
85,31,54,11159,5767,5392,6535,4067,2468,1135390.5,562167263000000,8400,5200,0
3,2,1,178,120,58,0,0,0,1135227.6,562162062000000,100,0,100
22,11,11,4009,2367,1642,2787,1747,1040,1135169.8,562110086000000,2100,1100,100
23,11,12,3541,1701,1840,2007,967,1040,1135064.5,562058110000000,2200,1000,0
26,12,14,3292,1320,1972,1560,520,1040,1134954.1,562000933000000,2500,1200,0
26,12,14,3292,1320,1972,1560,520,1040,1134838.5,561943790000000,2500,1200,0
87,32,55,11405,5891,5514,6667,4131,2536,1134617.8,561782796000000,8600,5300,0
24,11,13,4117,2367,1750,2787,1747,1040,1134402.5,561730854000000,2300,1100,0
24,11,13,4125,2371,1754,2787,1747,1040,1134297.5,561678945000000,2300,1100,0
26,12,14,3292,1320,1972,1560,520,1040,1134187.2,561621869000000,2500,1200,0
26,12,14,3292,1320,1972,1560,520,1040,1134071.8,561564793000000,2500,1200,0
26,12,14,3891,1851,2040,2159,1051,1108,1133956.2,561507717000000,2500,1200,0
32,16,16,4366,2138,2228,2596,1244,1352,1133819.8,561429938000000,3100,2100,0
25,11,14,4171,2367,1804,2787,1747,1040,1133688.6,561378096000000,2400,1100,0
23,11,12,2956,1164,1792,1440,436,1004,1133583.8,561326254000000,2000,1000,300
26,12,14,3292,1320,1972,1560,520,1040,1133473.6,561269212000000,2500,1200,0
90,31,59,10682,4304,6378,4718,2250,2468,1133258.9,561113788000000,8900,5300,0
32,15,17,3736,1570,2166,1960,724,1236,1133029.2,561041277000000,3100,1800,0
30,15,15,4208,2322,1886,2534,1470,1064,1132883.5,560968799000000,2900,1500,0
85,31,54,11159,5767,5392,6535,4067,2468,1132653.4,560813509000000,8400,5200,0
85,31,54,11159,5767,5392,6535,4067,2468,1132339.5,560658320000000,8400,5200,0
15,8,7,2741,1351,1390,1735,815,920,1132146,560622115000000,1400,500,0
23,11,12,3541,1701,1840,2007,967,1040,1132057.1,560570441000000,2200,1000,0
33,16,17,5167,2997,2170,3339,2095,1244,1131926.4,560492897000000,3200,1700,100
24,11,13,4125,2371,1754,2787,1747,1040,1131795.6,560441223000000,2300,1100,0
99,34,65,13885,7239,6646,8451,5371,3080,1131571.5,560270733000000,9800,6300,0
24,11,13,4125,2371,1754,2787,1747,1040,1131347.5,560219092000000,2300,1200,0
36,21,15,2130,1260,870,0,0,0,1139314.2,564478360000000,1500,0,1000
27,12,15,4489,2427,2062,2991,1747,1244,1147273.8,564421110000000,2600,1400,0
112,50,62,12354,5670,6684,4866,2330,2536,1146956.4,564166440000000,10700,5400,0
86,32,54,11219,5827,5392,6535,4067,2468,1146533.4,564005440000000,8500,5300,0
24,11,13,4181,2431,1750,2851,1811,1040,1146316.6,563953500000000,2300,1100,0
23,11,12,3541,1701,1840,2007,967,1040,1146210.9,563901560000000,2200,1000,0
23,11,12,3541,1701,1840,2007,967,1040,1146105.2,563849680000000,2200,1000,0
85,31,54,11415,6023,5392,6791,4323,2468,1145893.9,563694060000000,8400,5200,0
23,11,12,3541,1701,1840,2007,967,1040,1145682.8,563642180000000,2200,1000,0
48,22,26,8298,4798,3500,5638,3558,2080,1145521.6,563533260000000,4600,2200,0
18,8,10,2140,1004,1136,924,468,456,1145376.5,563496960000000,1700,600,0
25,12,13,3570,1248,2322,1904,436,1468,1145281.5,563439980000000,2300,1100,200
23,11,12,2956,1164,1792,1440,436,1004,1145170.8,563388170000000,2000,1000,300
24,11,13,4125,2371,1754,2787,1747,1040,1145065.1,563336370000000,2300,1200,0
27,13,14,3374,1402,1972,1576,536,1040,1144949.1,563274220000000,2600,1200,0
26,12,14,3308,1336,1972,1576,536,1040,1144827.8,563217250000000,2500,1200,0
26,12,14,3292,1320,1972,1560,520,1040,1144711.8,563160270000000,2500,1200,0
85,31,54,11415,6023,5392,6791,4323,2468,1144495.8,563004980000000,8400,5200,0
25,11,14,3242,1222,2020,1576,488,1088,1144285.1,562953240000000,2300,1200,200
92,35,57,11751,6117,5634,6719,4183,2536,1144053.4,562777417000000,9100,5500,0
52,21,31,7469,4067,3402,4627,2907,1720,1143769.2,562674035000000,5100,3100,100
29,14,15,3836,1886,1950,2228,1100,1128,1143595.9,562606859000000,2800,1700,0
22,10,12,2896,1104,1792,1440,436,1004,1143480.2,562560353000000,2000,1000,200
27,12,15,3358,1320,2038,1560,520,1040,1143375.1,562503545000000,2600,1200,0
82,32,50,10002,3958,6044,4538,1814,2724,1143154.4,562343491000000,8100,4700,0
26,12,14,3012,1204,1808,1560,520,1040,1142933.9,562286683000000,2500,1200,0
59,23,36,8283,4407,3876,5063,3139,1924,1142760.5,562173168000000,5700,3600,200
24,11,13,4117,2367,1750,2787,1747,1040,1142592.5,562121595000000,2300,1100,0
87,32,55,11273,5827,5446,6535,4067,2468,1142377.2,561961742000000,8600,5200,0
26,12,14,3308,1336,1972,1576,536,1040,1142156.9,561905035000000,2500,1200,0
98,38,60,12365,6297,6068,6991,4183,2808,1141905.1,561714412000000,9700,5900,0
27,12,15,3370,1320,2050,1560,520,1040,1141653.6,561657739000000,2600,1200,0
23,11,12,3541,1701,1840,2007,967,1040,1141543.5,561606266000000,2200,1000,0
88,31,57,11525,5767,5758,6739,4067,2672,1141333.9,561451849000000,8700,5500,0
26,12,14,3292,1320,1972,1560,520,1040,1141119.1,561395242000000,2500,1200,0
101,47,54,12247,6855,5392,6663,4195,2468,1140821,561158684000000,10000,5300,0
23,11,12,3541,1701,1840,2007,967,1040,1140528.2,561107278000000,2200,1000,0
41,20,21,5755,3345,2410,3483,2215,1268,1140376.6,561009668000000,4000,2200,0
24,11,13,4125,2371,1754,2787,1747,1040,1140225,560958297000000,2300,1100,0
28,14,14,4597,2657,1940,3039,1863,1176,1140104.6,560891523000000,2700,1500,100
23,11,12,3557,1717,1840,2023,983,1040,1139984.4,560840151000000,2200,1000,0
86,31,55,11425,5911,5514,6747,4211,2536,1139775.4,560686170000000,8500,5300,0
26,12,14,3292,1320,1972,1560,520,1040,1139561.2,560629732000000,2500,1200,0
24,11,13,4117,2367,1750,2787,1747,1040,1139451.5,560578427000000,2300,1100,0
26,12,14,3292,1320,1972,1560,520,1040,1139341.8,560522022000000,2500,1200,0
87,32,55,11405,5891,5514,6667,4131,2536,1139122.6,560363074000000,8600,5300,0
87,33,54,11279,5887,5392,6535,4067,2468,1138794,560199094000000,8600,5200,0
23,11,12,4077,2377,1700,2787,1747,1040,1138575,560147856000000,2200,1100,0
26,12,14,3292,1320,1972,1560,520,1040,1138465.4,560091518000000,2500,1200,0
24,11,13,3192,1322,1870,1592,588,1004,1138355.9,560040314000000,2200,1100,200
23,11,12,3541,1701,1840,2007,967,1040,1138251.6,559989110000000,2200,1000,0
7,4,3,504,266,238,32,0,32,1138183.9,559973776000000,500,100,100
27,13,14,3374,1402,1972,1576,536,1040,1138105.6,559912338000000,2600,1200,0
87,32,55,11341,5827,5514,6603,4067,2536,1137881.8,559753760000000,8600,5300,0
6,1,5,372,62,310,0,0,0,1137720.4,559753760000000,500,0,0
26,12,14,3292,1320,1972,1560,520,1040,1137663,559697489000000,2500,1200,0
92,37,55,12359,6389,5970,7315,4323,2992,1137418.5,559513476000000,9100,5300,0
95,37,58,12793,6389,6404,7587,4323,3264,1137044.1,559329564000000,9400,5700,0
23,11,12,3541,1701,1840,2007,967,1040,1136805,559278495000000,2200,1000,0
23,11,12,3541,1701,1840,2007,967,1040,1136701.1,559227425000000,2200,1000,0
32,16,16,4366,2138,2228,2596,1244,1352,1136571.1,559150854000000,3100,2100,0
26,12,14,3308,1336,1972,1576,536,1040,1136436,559094751000000,2500,1200,0
26,12,14,3292,1320,1972,1560,520,1040,1136321.6,559038614000000,2500,1200,0
27,13,14,3358,1386,1972,1560,520,1040,1136202.1,558977411000000,2600,1200,0
91,36,55,11529,6083,5446,6551,4083,2468,1135958.9,558798935000000,9000,5300,0
24,11,13,4117,2367,1750,2787,1747,1040,1135726.1,558747965000000,2300,1100,0
24,11,13,4117,2367,1750,2787,1747,1040,1135622.4,558696996000000,2300,1100,0
26,12,14,3012,1204,1808,1560,520,1040,1135513.4,558640960000000,2500,1200,0
85,31,54,11287,5895,5392,6663,4195,2468,1135300.8,558488187000000,8400,5200,0
29,13,16,5243,2603,2640,3631,1863,1768,1135083.1,558427084000000,2800,1600,100
53,20,33,7597,3619,3978,4619,2491,2128,1134923.1,558330381000000,5000,3200,100
86,31,55,11605,6079,5526,6915,4379,2536,1134669.9,558177775000000,8500,5300,0
24,13,11,1418,780,638,0,0,0,1141242.4,563096050000000,1100,0,600
15,10,5,890,600,290,0,0,0,1156329.4,575126190000000,500,0,500
24,11,13,4117,2367,1750,2787,1747,1040,1164635.6,575073840000000,2300,1100,0
22,11,11,4009,2367,1642,2787,1747,1040,1164529.4,575021430000000,2000,1200,200
26,12,14,3292,1320,1972,1560,520,1040,1164417.8,574963850000000,2500,1200,0
40,19,21,5695,3285,2410,3483,2215,1268,1164263.8,574869630000000,3900,2200,0
91,36,55,11709,6195,5514,6731,4195,2536,1163982.6,574686490000000,9000,5300,0
26,12,14,3292,1320,1972,1560,520,1040,1163738.8,574628910000000,2500,1200,0
26,12,14,3308,1336,1972,1576,536,1040,1163622,574571400000000,2500,1200,0
24,11,13,4125,2371,1754,2787,1747,1040,1163510.6,574519120000000,2300,1100,0
19,9,10,2224,1080,1144,926,470,456,1163415.2,574477310000000,1700,600,0
26,12,14,3028,1220,1808,1576,536,1040,1163314.5,574419800000000,2500,1200,0
22,10,12,2896,1104,1792,1440,436,1004,1163208.5,574372750000000,2000,1000,200
24,11,13,4181,2431,1750,2851,1811,1040,1163107.8,574320540000000,2300,1100,0
24,11,13,4117,2367,1750,2787,1747,1040,1163001.8,574268270000000,2300,1100,0
23,11,12,2956,1164,1792,1440,436,1004,1162895.8,574216060000000,2000,1000,300
26,12,14,3308,1336,1972,1576,536,1040,1162784.5,574158610000000,2500,1200,0
48,22,26,8250,4750,3500,5590,3510,2080,1162618.6,574048950000000,4600,2200,0
6,1,5,372,62,310,0,0,0,1162511.1,574048950000000,500,0,0
28,14,14,3424,1452,1972,1560,520,1040,1162442.2,573981110000000,2700,1200,0
8,2,6,592,148,444,0,0,0,1162368.1,573975940000000,600,0,0
26,12,14,3292,1320,1972,1560,520,1040,1162304.6,573918490000000,2500,1200,0
24,11,13,4117,2367,1750,2787,1747,1040,1162193.5,573866350000000,2300,1100,0
96,39,57,11891,6305,5586,6631,4131,2500,1161939.6,573668180000000,9500,5400,0
24,11,13,4125,2371,1754,2787,1747,1040,1161686,573616100000000,2300,1100,0
5,3,2,330,182,148,32,0,32,1161622.5,573605630000000,400,100,100
88,33,55,11657,6143,5514,6859,4323,2536,1161442.9,573438930000000,8700,5300,0
11,3,8,934,206,728,192,0,192,1161263.5,573428530000000,1000,600,0
26,12,14,3292,1320,1972,1560,520,1040,1161195,573371220000000,2500,1200,0
22,10,12,2896,1104,1792,1440,436,1004,1161089.2,573324380000000,2000,1000,200
93,38,55,11633,6187,5446,6535,4067,2468,1160846.6,573131840000000,9200,5300,0
84,30,54,11099,5707,5392,6535,4067,2468,1160498.6,572980980000000,8300,5200,0
24,11,13,4117,2367,1750,2787,1747,1040,1160292.9,572928970000000,2300,1100,0
23,11,12,3541,1701,1840,2007,967,1040,1160187.4,572876970000000,2200,1000,0
91,35,56,11575,6007,5568,6603,4067,2536,1159955.5,572700330000000,9000,5400,0
94,39,55,11831,6373,5458,6667,4199,2468,1159576.2,572502970000000,9300,5300,0
97,35,62,12607,6407,6200,7287,4479,2808,1159197.2,572326540000000,9600,6000,0
46,18,28,6709,3557,3152,4179,2559,1620,1158928.9,572238360000000,4500,2700,0
61,25,36,7376,3136,4240,3334,1478,1856,1158713.2,572113870000000,6000,3500,0
24,11,13,4117,2367,1750,2787,1747,1040,1158534.5,572062060000000,2300,1100,0
23,11,12,3541,1701,1840,2007,967,1040,1158429.2,572010190000000,2200,1000,0
23,11,12,2956,1164,1792,1440,436,1004,1158324.1,571958380000000,2000,1000,300
23,11,12,3541,1701,1840,2007,967,1040,1158218.9,571906570000000,2200,1000,0
26,12,14,3292,1320,1972,1560,520,1040,1158108.5,571849600000000,2500,1200,0
26,12,14,3292,1320,1972,1560,520,1040,1157992.9,571792620000000,2500,1200,0
26,12,14,3308,1336,1972,1576,536,1040,1157877.4,571735710000000,2500,1200,0
104,34,70,13617,6461,7156,7919,4599,3320,1157646.5,571564850000000,10300,6800,0
26,12,14,3308,1336,1972,1576,536,1040,1157415.8,571507940000000,2500,1200,0
26,12,14,3308,1336,1972,1576,536,1040,1157300.4,571451040000000,2500,1200,0
90,33,57,11773,6015,5758,6867,4195,2672,1157074.9,571285610000000,8900,5500,0
24,11,13,4125,2371,1754,2787,1747,1040,1156854.6,571233870000000,2300,1100,0
53,21,32,7655,4131,3524,4759,2971,1788,1156697.4,571130520000000,5100,3200,200
39,16,23,6025,3327,2698,3891,2443,1448,1156514,571053080000000,3800,2300,100
26,12,14,3292,1320,1972,1560,520,1040,1156377.9,570996240000000,2500,1200,0
31,11,20,5149,2477,2672,3447,1863,1584,1156268.1,570944630000000,2900,2100,100
23,11,12,3541,1701,1840,2007,967,1040,1156163.8,570892960000000,2200,1000,0
87,32,55,11411,5953,5458,6667,4199,2468,1155949.1,570733040000000,8600,5300,0
24,11,13,4125,2371,1754,2787,1747,1040,1155734.5,570681430000000,2300,1100,0
26,12,14,4341,2429,1912,2887,1747,1140,1155624.8,570624660000000,2400,1400,100
27,12,15,4368,1498,2870,2530,690,1840,1155509.8,570567950000000,2500,1300,0
95,33,62,12809,6141,6668,7627,4327,3300,1155285.2,570403000000000,9400,6000,0
26,12,14,3292,1320,1972,1560,520,1040,1155060.5,570346290000000,2500,1200,0
26,12,14,3891,1851,2040,2159,1051,1108,1154945.5,570289650000000,2500,1200,0
85,31,54,11159,5767,5392,6535,4067,2468,1154731.4,570135170000000,8400,5200,0
26,12,14,3292,1320,1972,1560,520,1040,1154517.2,570078530000000,2500,1200,0
73,26,47,10433,5091,5342,6463,3667,2796,1154329.4,569949880000000,7200,4700,100
26,12,14,3012,1204,1808,1560,520,1040,1154141.5,569893300000000,2500,1200,0
26,12,14,3292,1320,1972,1560,520,1040,1154026.8,569836670000000,2500,1200,0
26,12,14,3308,1336,1972,1576,536,1040,1153911.9,569780090000000,2500,1200,0
26,12,14,3292,1320,1972,1560,520,1040,1153797.1,569723590000000,2500,1200,0
39,19,20,5641,3285,2356,3483,2215,1268,1153645.9,569631040000000,3800,2100,0
27,12,15,3374,1336,2038,1576,536,1040,1153494.6,569574540000000,2600,1200,0
23,12,11,3288,1554,1734,2004,876,1128,1153380,569517970000000,2200,1400,0
89,31,58,11711,5831,5880,6871,4131,2740,1153166.4,569363950000000,8800,5600,0
27,12,15,3358,1320,2038,1560,520,1040,1152952.9,569307440000000,2600,1200,0
4,2,2,236,120,116,0,0,0,1152890.4,569302280000000,200,0,100
24,11,13,4125,2371,1754,2787,1747,1040,1152833.1,569251010000000,2300,1200,0
85,31,54,11415,6023,5392,6791,4323,2468,1152625,569097060000000,8400,5200,0
75,27,48,9196,3556,5640,4194,1730,2464,1152333.8,568963710000000,7400,4800,0
99,37,62,12497,6253,6244,7075,4199,2876,1152011.6,568779160000000,9800,6000,0
84,31,53,11185,5767,5418,6603,4067,2536,1151668.8,568625480000000,8200,5300,200
23,11,12,2806,1142,1664,1530,522,1008,1151461,568574280000000,2200,1200,0
24,11,13,3607,1701,1906,2007,967,1040,1151357.1,568523080000000,2300,1100,0
23,11,12,3541,1701,1840,2007,967,1040,1151253.2,568471870000000,2200,1000,0
25,12,13,4355,2537,1818,2971,1863,1108,1151144.1,568415570000000,2400,1300,100
52,24,28,6584,2640,3944,3120,1040,2080,1150968.2,568297930000000,5000,2400,0
90,36,54,11763,6371,5392,6839,4371,2468,1150668,568118950000000,8900,5200,0
26,12,14,3292,1320,1972,1560,520,1040,1150429.5,568062710000000,2500,1200,0
84,32,52,11065,5829,5236,6467,4067,2400,1150211.8,567904330000000,8100,5100,200
85,31,54,11223,5831,5392,6599,4131,2468,1149895.9,567751120000000,8400,5200,0
23,10,13,2970,1104,1866,1440,436,1004,1149694,567705150000000,2100,1000,200
35,15,20,5985,3053,2932,4055,2211,1844,1149575.4,567633680000000,3400,2000,100
26,12,14,3292,1320,1972,1560,520,1040,1149446.4,567577580000000,2500,1200,0
26,12,14,3308,1336,1972,1576,536,1040,1149332.5,567521410000000,2500,1200,0
60,27,33,7921,4207,3714,4599,2675,1924,1149141.4,567388800000000,5900,3300,100
24,12,12,4221,2489,1732,2891,1815,1076,1148950.2,567332770000000,2300,1400,0
57,22,35,9339,5109,4230,6215,3895,2320,1148784.9,567225730000000,5500,3500,200
29,14,15,3836,1886,1950,2228,1100,1128,1148609.4,567159490000000,2800,1700,0
37,17,20,5521,3165,2356,3483,2215,1268,1148459.8,567077950000000,3600,2100,0
26,12,14,3292,1320,1972,1560,520,1040,1148320.2,567021920000000,2500,1200,0
26,12,14,3292,1320,1972,1560,520,1040,1148206.6,566965950000000,2500,1200,0
31,12,19,4162,1320,2842,2100,520,1580,1148093,566909910000000,3000,1600,0
24,11,13,4117,2367,1750,2787,1747,1040,1147984.5,566859040000000,2300,1100,0
105,49,56,13081,6981,6100,7263,4195,3068,1147685.6,566614840000000,10400,5500,0
60,24,36,9361,5257,4104,6039,3911,2128,1147320.1,566497860000000,5800,3600,100
85,31,54,11159,5767,5392,6535,4067,2468,1147047.2,566345460000000,8400,5200,0
26,12,14,3292,1320,1972,1560,520,1040,1146836,566289560000000,2500,1200,0
26,12,14,3292,1320,1972,1560,520,1040,1146722.6,566233720000000,2500,1200,0
26,12,14,3292,1320,1972,1560,520,1040,1146609.2,566177820000000,2500,1200,0
103,39,64,12859,6423,6436,7191,4247,2944,1146357.1,565984950000000,10100,6000,0
24,11,13,4117,2367,1750,2787,1747,1040,1146110.1,565934220000000,2300,1100,0
61,23,38,9021,4581,4440,5699,3319,2380,1145945.6,565822680000000,6000,3800,100
26,12,14,3292,1320,1972,1560,520,1040,1145775.9,565766850000000,2500,1200,0
23,11,12,3557,1717,1840,2023,983,1040,1145667.9,565716180000000,2200,1000,0
87,31,56,11531,5895,5636,6799,4195,2604,1145462.2,565564180000000,8600,5400,0
87,31,56,10528,4288,6240,4770,2234,2536,1145154.2,565412180000000,8600,5400,0
61,24,37,8507,4577,3930,5179,3255,1924,1144882.2,565295740000000,6000,3700,100
23,11,12,3541,1701,1840,2007,967,1040,1144712.9,565245140000000,2200,1000,0
26,12,14,3292,1320,1972,1560,520,1040,1144605,565189510000000,2500,1200,0
24,11,13,4133,2383,1750,2803,1763,1040,1144497.2,565138910000000,2300,1100,0
26,12,14,3292,1320,1972,1560,520,1040,1144389.4,565083280000000,2500,1200,0
24,11,13,4125,2371,1754,2787,1747,1040,1144281.6,565032680000000,2300,1100,0
7,4,3,885,259,626,479,23,456,1144215,565017510000000,600,200,100
29,13,16,3946,1406,2540,2004,540,1464,1144138,564956840000000,2800,1400,0
24,11,13,4117,2367,1750,2787,1747,1040,1144025.2,564906310000000,2300,1100,0
92,33,59,12420,6142,6278,7394,4334,3060,1143810,564744580000000,9100,5700,0
100,34,66,12965,6277,6688,7495,4415,3080,1143477.1,564577950000000,9900,6500,0
22,10,12,2896,1104,1792,1440,436,1004,1143262.2,564532510000000,2000,1000,200
26,12,14,3292,1320,1972,1560,520,1040,1143159.8,564477020000000,2500,1200,0
24,11,13,4117,2367,1750,2787,1747,1040,1143052.2,564426550000000,2300,1100,0
27,14,13,3728,1886,1842,2228,1100,1128,1142934.8,564360920000000,2600,1600,0
26,12,14,3044,1236,1808,1592,552,1040,1142812.2,564305420000000,2500,1200,0
22,10,12,2896,1104,1792,1440,436,1004,1142709.9,564260050000000,2000,1000,200
26,12,14,3292,1320,1972,1560,520,1040,1142607.5,564204620000000,2500,1200,0
36,16,20,5461,3105,2356,3483,2215,1268,1142474.5,564128990000000,3500,2100,0
26,12,14,3292,1320,1972,1560,520,1040,1142341.6,564073560000000,2500,1200,0
38,16,22,6029,3105,2924,3943,2215,1728,1142208.6,563997930000000,3700,2400,0
26,12,14,3292,1320,1972,1560,520,1040,1142075.9,563942560000000,2500,1200,0
22,10,12,2896,1104,1792,1440,436,1004,1141973.6,563897200000000,2000,1000,200
104,49,55,12361,6847,5514,6603,4067,2536,1141682.8,563655540000000,10300,5400,0
25,11,14,4703,2367,2336,3319,1747,1572,1141387,563605200000000,2400,1300,0
87,32,55,11395,5937,5458,6651,4183,2468,1141177.9,563449310000000,8600,5300,0
88,34,54,11339,5947,5392,6535,4067,2468,1140851.6,563283420000000,8700,5200,0
27,12,15,3358,1320,2038,1560,520,1040,1140627.4,563228120000000,2600,1200,0
22,10,12,2896,1104,1792,1440,436,1004,1140525.4,563182960000000,2000,1000,200
29,13,16,4289,2049,2240,2359,1183,1176,1140418.4,563122620000000,2800,1400,0
12,8,4,712,480,232,0,0,0,1144285,567741660000000,400,0,400
29,13,16,3534,1398,2136,1592,520,1072,1148151.1,567680930000000,2800,1300,0
91,35,56,11749,6145,5604,6795,4223,2572,1147915.2,567508860000000,9000,5700,0
99,45,54,12127,6735,5392,6663,4195,2468,1147515.6,567286330000000,9800,5300,0
88,32,56,11929,5897,6032,7131,4131,3000,1147131.6,567129690000000,8700,5400,0
60,23,37,8511,4581,3930,5243,3319,1924,1146860.4,567018560000000,5900,3700,100
24,11,13,4189,2435,1754,2851,1811,1040,1146696.8,566968030000000,2300,1100,0
86,32,54,11219,5827,5392,6535,4067,2468,1146487.1,566811530000000,8500,5200,0
28,13,15,3668,1550,2118,1780,672,1108,1146267.2,566751000000000,2700,1400,0
26,12,14,3308,1336,1972,1576,536,1040,1146149.8,566695500000000,2500,1200,0
27,13,14,3358,1386,1972,1560,520,1040,1146032.1,566634970000000,2600,1200,0
26,12,14,3292,1320,1972,1560,520,1040,1145914.6,566579470000000,2500,1200,0
26,12,14,3012,1204,1808,1560,520,1040,1145802.1,566524040000000,2500,1200,0
26,12,14,3292,1320,1972,1560,520,1040,1145689.8,566468540000000,2500,1200,0
85,31,54,11159,5767,5392,6535,4067,2468,1145480.5,566317340000000,8400,5200,0
24,11,13,4117,2367,1750,2787,1747,1040,1145276.4,566267010000000,2300,1100,0
38,16,22,5861,3217,2644,3775,2327,1448,1145148.9,566191450000000,3600,2200,200
92,35,57,11677,6023,5654,6651,4083,2568,1144899,566020250000000,9100,5500,0
94,37,57,12029,6271,5758,6883,4211,2672,1144542.4,565839120000000,9300,5500,0
26,12,14,3292,1320,1972,1560,520,1040,1144302.9,565783830000000,2500,1200,0
26,12,14,3012,1204,1808,1560,520,1040,1144190.9,565728530000000,2500,1200,0
26,12,14,3292,1320,1972,1560,520,1040,1144078.8,565673230000000,2500,1200,0
94,39,55,11889,6375,5514,6731,4195,2536,1143829.2,565482310000000,9300,5300,0
19,10,9,3569,2103,1466,2503,1531,972,1143590.1,565437080000000,1600,800,300
24,11,13,4125,2371,1754,2787,1747,1040,1143493.5,565386880000000,2300,1100,0
22,10,12,2896,1104,1792,1440,436,1004,1143396.9,565341650000000,2000,1000,200
93,38,55,11717,6203,5514,6619,4083,2536,1143163.1,565155960000000,9200,5300,0
6,4,2,390,242,148,32,0,32,1142960,565140920000000,500,100,100
25,11,14,4179,2371,1808,2787,1747,1040,1142894,565090730000000,2400,1100,0
26,12,14,3292,1320,1972,1560,520,1040,1142787.2,565035560000000,2500,1200,0
35,15,20,5579,3111,2468,3655,2275,1380,1142660.2,564965370000000,3300,2000,200
26,12,14,3292,1320,1972,1560,520,1040,1142533.2,564910200000000,2500,1200,0
100,45,55,12069,6623,5446,6551,4083,2468,1142254.9,564689680000000,9900,5300,0
105,40,65,14941,8147,6794,9159,5931,3228,1141834.8,564494400000000,10400,6400,0
26,12,14,3292,1320,1972,1560,520,1040,1141581.4,564439370000000,2500,1200,0
91,34,57,11897,6139,5758,6931,4259,2672,1141358.4,564274280000000,9000,5500,0
26,12,14,3292,1320,1972,1560,520,1040,1141135.5,564219250000000,2500,1200,0
16,8,8,3113,1749,1364,2207,1287,920,1141044.2,564184220000000,1500,600,0
66,26,40,8921,4805,4116,5323,3375,1948,1140882.2,564059260000000,6500,4100,0
24,11,13,4117,2367,1750,2787,1747,1040,1140705,564009270000000,2300,1100,0
24,11,13,4181,2431,1750,2851,1811,1040,1140603.8,563959340000000,2300,1100,0
24,11,13,4117,2367,1750,2787,1747,1040,1140502.5,563909340000000,2300,1100,0
6,1,5,350,60,290,0,0,0,1140451.9,563909340000000,500,0,0
103,47,56,12443,6807,5636,6751,4147,2604,1140219.5,563679700000000,10200,5500,0
26,12,14,3292,1320,1972,1560,520,1040,1139931.6,563624800000000,2500,1200,0
28,13,15,4475,2549,1926,2923,1815,1108,1139815.2,563564870000000,2700,1400,0
28,14,14,3860,1464,2396,1984,520,1464,1139689,563500040000000,2700,1300,0
30,12,18,6229,2805,3424,4563,2131,2432,1139567.8,563445150000000,2900,1500,0
26,12,14,3292,1320,1972,1560,520,1040,1139456.6,563390320000000,2500,1200,0
85,31,54,11159,5767,5392,6535,4067,2468,1139249.5,563240800000000,8400,5200,0
24,11,13,4125,2371,1754,2787,1747,1040,1139047.6,563190940000000,2300,1100,0
23,11,12,3541,1701,1840,2007,967,1040,1138946.8,563141150000000,2200,1000,0
19,10,9,3569,2103,1466,2503,1531,972,1138850.8,563096320000000,1600,800,300
87,33,54,11535,6143,5392,6791,4323,2468,1138644,562936934000000,8600,5200,0
79,29,50,10773,5665,5108,6479,4079,2400,1138341.6,562797583000000,7800,5000,100
26,12,14,3292,1320,1972,1560,520,1040,1138145,562742855000000,2500,1200,0
99,33,66,13015,6291,6724,7599,4483,3116,1137928.6,562583707000000,9800,6400,0
26,12,14,3292,1320,1972,1560,520,1040,1137712.2,562529047000000,2500,1200,0
26,12,14,3292,1320,1972,1560,520,1040,1137601.5,562474353000000,2500,1200,0
27,12,15,3358,1320,2038,1560,520,1040,1137490.6,562419693000000,2600,1200,0
26,12,14,3292,1320,1972,1560,520,1040,1137379.9,562365033000000,2500,1200,0
85,31,54,11159,5767,5392,6535,4067,2468,1137173.6,562216051000000,8400,5200,0
24,11,13,4117,2367,1750,2787,1747,1040,1136972.5,562166390000000,2300,1100,0
26,12,14,3292,1320,1972,1560,520,1040,1136866.9,562111797000000,2500,1200,0
87,32,55,11341,5827,5514,6603,4067,2536,1136655.8,561957950000000,8600,5300,0
32,16,16,4334,2106,2228,2564,1212,1352,1136424.6,561883560000000,3100,2100,0
24,11,13,4117,2367,1750,2787,1747,1040,1136299,561833967000000,2300,1100,0
26,12,14,3292,1320,1972,1560,520,1040,1136193.5,561779441000000,2500,1200,0
26,12,14,3292,1320,1972,1560,520,1040,1136083,561724881000000,2500,1200,0
32,15,17,3736,1570,2166,1960,724,1236,1135958,561655524000000,3100,1800,0
96,34,62,11574,4530,7044,5210,2266,2944,1135722.8,561492013000000,9500,6000,0
47,18,29,6873,3411,3462,4247,2399,1848,1135472,561407859000000,4500,2500,0
23,11,12,2956,1164,1792,1440,436,1004,1135336.8,561358332000000,2000,1000,300
6,1,5,350,60,290,0,0,0,1135286.5,561358332000000,500,0,0
26,12,14,3292,1320,1972,1560,520,1040,1135231.4,561303874000000,2500,1200,0
24,11,13,4125,2371,1754,2787,1747,1040,1135126.1,561254414000000,2300,1100,0
67,23,44,9723,5247,4476,6023,3979,2044,1134965.9,561145564000000,6600,4200,0
98,40,58,12241,6417,5824,6855,4183,2672,1134660.4,560952693000000,9700,5600,0
87,33,54,11279,5887,5392,6535,4067,2468,1134305,560794584000000,8600,5200,0
91,36,55,11897,6451,5446,6919,4451,2468,1133970.2,560621712000000,9000,5300,0
110,39,71,14851,7669,7182,8775,5507,3268,1133605.9,560434176000000,10900,6900,0
6,4,2,390,242,148,32,0,32,1133401.2,560419345000000,500,100,100
87,32,55,11395,5937,5458,6651,4183,2468,1133231.4,560266471000000,8600,5300,0
98,36,62,12319,6195,6124,6939,4199,2740,1132901.9,560093934000000,9600,5800,0
26,12,14,3292,1320,1972,1560,520,1040,1132672.2,560039710000000,2500,1200,0
20,10,10,2496,940,1556,1368,364,1004,1132572.4,559995385000000,1700,900,200
43,19,24,6537,3737,2800,4163,2679,1484,1132437.8,559906734000000,4200,2500,0
10,6,4,1861,1181,680,1287,831,456,1132323,559882105000000,800,300,200
47,18,29,6825,3287,3538,4223,2283,1940,1132213.2,559798387000000,4600,2800,0
26,12,14,3292,1320,1972,1560,520,1040,1132073.8,559744264000000,2500,1200,0
26,12,14,3292,1320,1972,1560,520,1040,1131964,559690107000000,2500,1200,0
23,11,12,2956,1164,1792,1440,436,1004,1131859.2,559640916000000,2000,1000,300
91,37,54,11647,6255,5392,6663,4195,2468,1131630.1,559463849000000,9000,5300,0
26,12,14,3292,1320,1972,1560,520,1040,1131396.2,559409760000000,2500,1200,0
28,13,15,3552,1502,2050,1676,636,1040,1131281.6,559350771000000,2700,1300,0
22,10,12,2940,1104,1836,1472,436,1036,1131177.1,559306546000000,2100,1100,100
26,12,14,3292,1320,1972,1560,520,1040,1131077.5,559252490000000,2500,1200,0
26,12,14,3292,1320,1972,1560,520,1040,1130968,559198467000000,2500,1200,0
100,34,66,13285,6597,6688,7815,4735,3080,1130749.1,559036399000000,9900,6400,0
26,12,14,3292,1320,1972,1560,520,1040,1130530.5,558982410000000,2500,1200,0
67,26,41,8684,2974,5710,4224,1248,2976,1130351.5,558859735000000,6400,3900,100
8,5,3,512,306,206,32,0,32,1130207.5,558840106000000,600,100,200
26,12,14,3292,1320,1972,1560,520,1040,1130132.9,558786150000000,2500,1200,0
89,35,54,11655,6263,5392,6791,4323,2468,1129909.4,558619418000000,8800,5300,0
23,10,13,3046,1104,1942,1524,436,1088,1129696,558575294000000,2100,1100,200
43,18,25,6495,3621,2874,4139,2623,1516,1129566.9,558492012000000,4200,2500,100
26,11,15,4709,2371,2338,3251,1747,1504,1129432.9,558442989000000,2500,1200,0
26,12,14,3012,1204,1808,1560,520,1040,1129328.6,558389134000000,2500,1200,0
26,12,14,3292,1320,1972,1560,520,1040,1129219.5,558335246000000,2500,1200,0
24,11,13,4117,2367,1750,2787,1747,1040,1129115.2,558286290000000,2300,1100,0
24,11,13,4125,2371,1754,2787,1747,1040,1129016,558237334000000,2300,1100,0
25,11,14,5167,2367,2800,3783,1747,2036,1128916.9,558188378000000,2400,1400,100
87,32,55,11357,5843,5514,6619,4083,2536,1128713.8,558036679000000,8600,5300,0
43,18,25,6501,3575,2926,4139,2571,1568,1128476,557953531000000,4200,2500,100
23,10,13,2962,1104,1858,1440,436,1004,1128347.1,557909541000000,2100,1000,200
22,9,13,3270,1080,2190,1774,470,1304,1128263.1,557870416000000,2000,800,0
29,13,16,4241,2001,2240,2311,1135,1176,1128164.1,557811763000000,2800,1400,0
22,10,12,2880,1104,1776,1424,436,988,1128060.1,557767773000000,2000,1000,200
22,10,12,2896,1104,1792,1440,436,1004,1127971,557723784000000,2000,1000,200
22,10,12,2896,1104,1792,1440,436,1004,1127881.9,557679794000000,2000,1000,200
13,7,6,2871,1619,1252,2135,1215,920,1127808.2,557650501000000,1200,600,100
86,32,54,11347,5955,5392,6663,4195,2468,1127626,557499103000000,8500,5200,0
89,35,54,11735,6343,5392,6871,4403,2468,1127304.6,557333143000000,8800,5200,0
23,11,12,3541,1701,1840,2007,967,1040,1127087.2,557284355000000,2200,1000,0
90,35,55,11453,6007,5446,6535,4067,2468,1126869.9,557118529000000,8900,5300,0
26,12,14,3292,1320,1972,1560,520,1040,1126647.6,557064909000000,2500,1200,0
29,13,16,4241,2001,2240,2311,1135,1176,1126534,557006423000000,2800,1400,0
86,32,54,11219,5827,5392,6535,4067,2468,1126321.9,556855361000000,8500,5300,0
3,2,1,178,120,58,0,0,0,1126164.1,556850496000000,100,0,100
86,32,54,11235,5843,5392,6551,4083,2468,1126006.2,556699534000000,8500,5300,0
38,16,22,6493,3913,2580,4395,3023,1372,1125779.5,556626520000000,3700,2300,0
24,11,13,3056,1186,1870,1456,452,1004,1125656.2,556577833000000,2200,1100,200
24,11,13,4117,2367,1750,2787,1747,1040,1125557.8,556529179000000,2300,1100,0
26,12,14,3292,1320,1972,1560,520,1040,1125454.1,556475659000000,2500,1200,0
70,35,35,8911,5145,3766,5007,3151,1856,1125232.9,556310337000000,6900,3500,100
90,33,57,12009,6363,5646,7091,4555,2536,1124908.4,556154812000000,8900,5500,0
24,11,13,4125,2371,1754,2787,1747,1040,1124701.8,556106225000000,2300,1100,0
88,32,56,11731,6163,5568,6939,4403,2536,1124500.1,555955666000000,8700,5300,0
24,11,13,4125,2371,1754,2787,1747,1040,1124298.5,555907113000000,2300,1200,0
27,12,15,3358,1320,2038,1560,520,1040,1124195.2,555853694000000,2600,1200,0
24,11,13,4117,2367,1750,2787,1747,1040,1124092,555805175000000,2300,1100,0
26,12,14,3308,1336,1972,1576,536,1040,1123988.8,555751790000000,2500,1200,0
103,49,54,12367,6975,5392,6663,4195,2468,1123699.2,555519022000000,10200,5200,0
26,12,14,3308,1336,1972,1576,536,1040,1123410,555465671000000,2500,1200,0
26,12,14,3292,1320,1972,1560,520,1040,1123302,555412386000000,2500,1200,0
26,12,14,3292,1320,1972,1560,520,1040,1123194,555359068000000,2500,1200,0
89,31,58,11711,5831,5880,6871,4131,2740,1122992.9,555213778000000,8800,5600,0
24,11,13,4181,2431,1750,2851,1811,1040,1122796.8,555165359000000,2300,1100,0
26,12,14,3308,1336,1972,1576,536,1040,1122693.6,555112074000000,2500,1200,0
70,31,39,9231,5045,4186,5363,3303,2060,1122492.8,554966918000000,6800,3900,200
26,12,14,3292,1320,1972,1560,520,1040,1122291.8,554913701000000,2500,1200,0
28,14,14,4023,1983,2040,2159,1051,1108,1122174.1,554850820000000,2700,1200,0
86,32,54,11825,5833,5992,7135,4067,3068,1121958.8,554700932000000,8500,5400,100
27,12,15,4531,2537,1994,3039,1863,1176,1121753.1,554647782000000,2600,1400,0
20,10,10,2692,1020,1672,1368,364,1004,1121655.2,554604295000000,1700,900,200
23,11,12,3541,1701,1840,2007,967,1040,1121562.2,554555977000000,2200,1000,0
86,31,55,11281,5767,5514,6603,4067,2536,1121366.5,554411089000000,8500,5300,0
26,12,14,3292,1320,1972,1560,520,1040,1121166,554357972000000,2500,1200,0
26,12,14,3292,1320,1972,1560,520,1040,1121058.5,554304855000000,2500,1200,0
26,12,14,3292,1320,1972,1560,520,1040,1120950.9,554251772000000,2500,1200,0
87,32,55,11395,5937,5458,6651,4183,2468,1120745.6,554102220000000,8600,5300,0
26,12,14,3292,1320,1972,1560,520,1040,1120540.5,554049171000000,2500,1200,0
26,12,14,4393,2521,1872,2955,1847,1108,1120433,553996121000000,2500,1300,0
27,12,15,3410,1320,2090,1612,520,1092,1120325.6,553943105000000,2600,1300,0
26,12,14,3308,1336,1972,1576,536,1040,1120218.1,553890089000000,2500,1200,0
85,31,54,11159,5767,5392,6535,4067,2468,1120018,553745537000000,8400,5200,0
26,12,14,3292,1320,1972,1560,520,1040,1119818,553692554000000,2500,1200,0
23,11,12,3541,1701,1840,2007,967,1040,1119715.5,553644403000000,2200,1000,0
3,2,1,184,122,62,0,0,0,1119661.9,553639605000000,100,0,100
26,12,14,3292,1320,1972,1560,520,1040,1119603.4,553586623000000,2500,1200,0
23,11,12,3541,1701,1840,2007,967,1040,1119500.9,553538506000000,2200,1000,0
26,12,14,3292,1320,1972,1560,520,1040,1119398.5,553485557000000,2500,1200,0
26,12,14,3292,1320,1972,1560,520,1040,1119291.2,553432608000000,2500,1200,0
26,12,14,3292,1320,1972,1560,520,1040,1119184,553379693000000,2500,1200,0
26,12,14,3292,1320,1972,1560,520,1040,1119076.8,553326777000000,2500,1200,0
24,11,13,4117,2367,1750,2787,1747,1040,1118974.4,553278694000000,2300,1100,0
87,31,56,11457,5877,5580,6719,4183,2536,1118779.6,553134477000000,8600,5400,0
24,11,13,4117,2367,1750,2787,1747,1040,1118585,553086427000000,2300,1100,0
88,33,55,11333,5887,5446,6535,4067,2468,1118380.6,552932680000000,8700,5300,0
97,43,54,12135,6743,5392,6791,4323,2468,1118020.9,552731052000000,9600,5200,0
85,31,54,11159,5767,5392,6535,4067,2468,1117671.2,552587103000000,8400,5300,0
85,31,54,11159,5767,5392,6535,4067,2468,1117379.9,552443222000000,8400,5200,0
26,12,14,3292,1320,1972,1560,520,1040,1117180.8,552390508000000,2500,1200,0
23,11,12,3541,1701,1840,2007,967,1040,1117078.8,552342559000000,2200,1000,0
26,12,14,3292,1320,1972,1560,520,1040,1116976.8,552289845000000,2500,1200,0
98,43,55,12065,6551,5514,6667,4131,2536,1116719.8,552088686000000,9700,5300,0
22,10,12,2896,1104,1792,1440,436,1004,1116472.5,552045602000000,2000,1000,200
31,15,16,3902,1638,2264,1840,640,1200,1116361,551978594000000,3000,1600,0
27,18,9,1602,1080,522,0,0,0,1123793,557409949000000,900,0,900
28,13,15,4579,2649,1930,3019,1911,1108,1131232.9,557351967000000,2600,1300,100
23,11,12,3541,1701,1840,2007,967,1040,1131124.9,557303648000000,2200,1000,0
26,12,14,3292,1320,1972,1560,520,1040,1131021.6,557250532000000,2500,1200,0
26,12,14,3292,1320,1972,1560,520,1040,1130913.6,557197415000000,2500,1200,0
24,11,13,4117,2367,1750,2787,1747,1040,1130810.5,557149130000000,2300,1100,0
5,3,2,346,206,140,0,0,0,1130751.6,557139467000000,400,0,0
88,40,48,11393,6517,4876,6535,4271,2264,1130551.1,556951260000000,8700,4800,100
87,33,54,11535,6143,5392,6791,4323,2468,1130203.6,556796909000000,8600,5300,0
25,12,13,3226,1320,1906,1560,520,1040,1129993,556743893000000,2400,1200,0
24,11,13,4117,2367,1750,2787,1747,1040,1129890.1,556695676000000,2300,1100,0
92,37,55,11705,6191,5514,6667,4131,2536,1129664.9,556522199000000,9100,5300,0
24,11,13,4321,2555,1766,2971,1931,1040,1129439.8,556474049000000,2300,1100,0
24,11,13,4125,2371,1754,2787,1747,1040,1129341.9,556425898000000,2300,1100,0
24,11,13,4117,2367,1750,2787,1747,1040,1129243.9,556377747000000,2300,1100,0
27,12,15,3370,1320,2050,1560,520,1040,1129141.1,556324765000000,2600,1200,0
26,12,14,3292,1320,1972,1560,520,1040,1129033.5,556271850000000,2500,1200,0
26,12,14,3308,1336,1972,1576,536,1040,1128925.8,556218901000000,2500,1200,0
3,2,1,178,120,58,0,0,0,1128867.1,556214103000000,100,0,100
26,12,14,3028,1220,1808,1576,536,1040,1128808.4,556161154000000,2500,1200,0
71,27,44,9859,5279,4580,5991,3795,2196,1128627.5,556036130000000,6900,4400,200
25,12,13,4355,2537,1818,2971,1863,1108,1128446.6,555983214000000,2300,1300,200
4,2,2,236,120,116,0,0,0,1128388,555978416000000,200,0,100
26,12,14,3292,1320,1972,1560,520,1040,1128329.4,555925534000000,2500,1200,0
26,12,14,3292,1320,1972,1560,520,1040,1128221.9,555872686000000,2500,1200,0
93,38,55,11633,6187,5446,6535,4067,2468,1127988,555694915000000,9200,5300,0
26,12,14,3308,1336,1972,1576,536,1040,1127754.2,555642100000000,2500,1200,0
23,11,12,3541,1701,1840,2007,967,1040,1127651.8,555594084000000,2200,1000,0
22,10,12,2896,1104,1792,1440,436,1004,1127559,555550866000000,2000,1000,200
57,24,33,8241,4195,4046,5099,2855,2244,1127403,555440472000000,5500,3200,200
91,33,58,12271,6107,6164,7299,4299,3000,1127135,555286994000000,9000,5600,0
27,13,14,3358,1386,1972,1560,520,1040,1126920.5,555229448000000,2600,1200,0
23,11,12,2956,1164,1792,1440,436,1004,1126813.2,555181498000000,2000,1000,300
92,32,60,12197,6129,6068,7183,4375,2808,1126613.6,555032919000000,9100,5800,0
23,14,9,1362,840,522,0,0,0,1134093,563125240000000,900,0,700
6,1,5,372,62,310,0,0,0,1141722.5,563125240000000,500,0,0
24,11,13,4117,2367,1750,2787,1747,1040,1141673.1,563076650000000,2300,1100,0
23,11,12,3541,1701,1840,2007,967,1040,1141574.4,563028070000000,2200,1000,0
26,12,14,3292,1320,1972,1560,520,1040,1141470.8,562974580000000,2500,1200,0
26,12,14,3292,1320,1972,1560,520,1040,1141362.1,562921164000000,2500,1200,0
26,12,14,3292,1320,1972,1560,520,1040,1141253.6,562867745000000,2500,1200,0
26,12,14,3292,1320,1972,1560,520,1040,1141145.1,562814326000000,2500,1200,0
26,12,14,3308,1336,1972,1576,536,1040,1141036.6,562760941000000,2500,1200,0
81,30,51,10769,5487,5282,6355,3835,2520,1140839.5,562620214000000,7900,5100,100
9,6,3,534,360,174,0,0,0,1144504.2,566053470000000,300,0,300
24,11,13,4125,2371,1754,2787,1747,1040,1148262.1,566004680000000,2300,1100,0
29,14,15,3942,1480,2462,2000,536,1464,1148148.1,565941200000000,2800,1300,0
24,11,13,4181,2431,1750,2851,1811,1040,1148034,565892410000000,2300,1100,0
26,12,14,3012,1204,1808,1560,520,1040,1147929.9,565838790000000,2500,1200,0
26,12,14,3292,1320,1972,1560,520,1040,1147820.9,565785100000000,2500,1200,0
26,12,14,3308,1336,1972,1576,536,1040,1147711.8,565731480000000,2500,1200,0
27,13,14,3718,1322,2396,1904,436,1468,1147597.9,565672960000000,2400,1100,200
91,32,59,12271,5969,6302,7311,4215,3096,1147385,565521900000000,9000,5800,0
87,31,56,11531,5895,5636,6799,4195,2604,1147083.1,565375800000000,8600,5400,0
21,10,11,3949,2307,1642,2787,1747,1040,1146890.2,565331980000000,2000,1100,100
23,11,12,3541,1701,1840,2007,967,1040,1146796.2,565283330000000,2200,1000,0
26,12,14,3292,1320,1972,1560,520,1040,1146692.2,565229780000000,2500,1200,0
26,12,14,3292,1320,1972,1560,520,1040,1146583.5,565176220000000,2500,1200,0
32,16,16,4334,2106,2228,2564,1212,1352,1146454.9,565103280000000,3100,2100,0
22,10,12,2896,1104,1792,1440,436,1004,1146336.2,565059450000000,2000,1000,200
24,11,13,3056,1186,1870,1456,452,1004,1146242.2,565010870000000,2200,1100,200
90,31,59,12221,6207,6014,7315,4507,2808,1146044.8,564864970000000,8900,5700,0
45,22,23,6385,3687,2698,3891,2443,1448,1145793,564762900000000,4400,2300,100
87,31,56,11367,5767,5600,6635,4067,2568,1145541.2,564617210000000,8600,5500,0
23,11,12,3541,1701,1840,2007,967,1040,1145343.9,564568620000000,2200,1000,0
3,2,1,184,122,62,0,0,0,1145289.6,564563790000000,100,0,100
26,12,14,3292,1320,1972,1560,520,1040,1145230.4,564510370000000,2500,1200,0
25,12,13,4185,2431,1754,2787,1747,1040,1145121.9,564457020000000,2400,1100,0
22,10,12,2896,1104,1792,1440,436,1004,1145023.2,564413330000000,2000,1000,200
24,11,13,4117,2367,1750,2787,1747,1040,1144929.5,564364810000000,2300,1100,0
35,15,20,5515,3047,2468,3591,2211,1380,1144811.1,564296900000000,3300,2000,200
24,11,13,4185,2367,1818,2855,1747,1108,1144692.9,564248380000000,2300,1200,0
86,31,55,12293,6767,5526,7603,5067,2536,1144495.9,564102880000000,8500,5300,0
25,11,14,4179,2371,1808,2787,1747,1040,1144298.9,564054430000000,2400,1100,0
33,16,17,5125,2887,2238,3291,1979,1312,1144175.9,563981750000000,3200,1800,100
26,12,14,3292,1320,1972,1560,520,1040,1144047.9,563928470000000,2500,1200,0
101,34,67,13235,6445,6790,7699,4583,3116,1143831.5,563768610000000,10000,6500,0
26,12,14,3292,1320,1972,1560,520,1040,1143615.4,563715400000000,2500,1200,0
24,8,16,7103,2491,4612,5719,2023,3696,1143527.8,563681510000000,2100,1100,100
12,6,6,2811,1559,1252,2135,1215,920,1143469.6,563657280000000,1100,500,100
22,10,12,2896,1104,1792,1440,436,1004,1143400.8,563613730000000,2000,1000,200
108,36,72,13679,6415,7264,7747,4431,3316,1143184.8,563444410000000,10600,6900,0
30,14,16,4488,1464,3024,2480,520,1960,1142949.2,563381530000000,2900,1500,0
26,12,14,3308,1336,1972,1576,536,1040,1142831.2,563328380000000,2500,1200,0
22,10,12,2896,1104,1792,1440,436,1004,1142733,563284890000000,2000,1000,200
91,35,56,11713,6133,5580,6735,4199,2536,1142521.9,563120540000000,9000,5500,0
26,12,14,3308,1336,1972,1576,536,1040,1142301,563067460000000,2500,1200,0
17,8,9,2784,866,1918,1622,318,1304,1142213,563033640000000,1600,700,0
27,12,15,3390,1320,2070,1592,520,1072,1142125,562980490000000,2600,1300,0
22,10,12,2896,1104,1792,1440,436,1004,1142026.9,562937069000000,2000,1000,200
23,11,12,3541,1701,1840,2007,967,1040,1141933.6,562888817000000,2200,1000,0
12,6,6,2454,1198,1256,1766,854,912,1141860.1,562864658000000,1100,500,100
26,12,14,3308,1336,1972,1576,536,1040,1141781.6,562811575000000,2500,1200,0
35,15,20,5531,3063,2468,3607,2227,1380,1141659,562744030000000,3400,2000,100
26,12,14,3292,1320,1972,1560,520,1040,1141536.5,562690980000000,2500,1200,0
26,12,14,3308,1336,1972,1576,536,1040,1141428.6,562637931000000,2500,1200,0
26,12,14,3292,1320,1972,1560,520,1040,1141320.8,562584881000000,2500,1200,0
14,8,6,2931,1679,1252,2135,1215,920,1141232.6,562551125000000,1100,500,300
97,40,57,12193,6435,5758,6867,4195,2672,1141007.4,562363187000000,9600,5600,0
23,11,12,3541,1701,1840,2007,967,1040,1140767.5,562315003000000,2200,1000,0
36,16,20,5461,3105,2356,3483,2215,1268,1140645.1,562242760000000,3500,2200,0
87,33,54,11279,5887,5392,6535,4067,2468,1140415.2,562088712000000,8600,5200,0
87,31,56,11759,5767,5992,7027,4067,2960,1140112.2,561944361000000,8600,5500,0
88,32,56,11447,5827,5620,6655,4067,2588,1139814.2,561795278000000,8700,5400,0
87,33,54,11343,5951,5392,6599,4131,2468,1139506.6,561641465000000,8600,5200,0
91,36,55,11513,6067,5446,6535,4067,2468,1139180,561473357000000,9000,5300,0
6,2,4,370,122,248,0,0,0,1139004.8,561468525000000,400,0,100
85,31,54,11287,5895,5392,6663,4195,2468,1138853.6,561324510000000,8400,5200,0
26,12,14,3292,1320,1972,1560,520,1040,1138653.8,561271729000000,2500,1200,0
86,28,58,12006,5458,6548,7310,3926,3384,1138468.6,561142175000000,8500,5800,100
27,13,14,3731,1691,2040,1933,825,1108,1138278.6,561084629000000,2600,1300,0
26,12,14,3292,1320,1972,1560,520,1040,1138166.6,561031881000000,2500,1200,0
85,31,54,11287,5895,5392,6663,4195,2468,1137966.9,560888067000000,8400,5200,0
86,32,54,11283,5891,5392,6599,4131,2468,1137670,560739522000000,8500,5200,0
27,12,15,3358,1320,2038,1560,520,1040,1137465.6,560686841000000,2600,1200,0
90,36,54,11459,6067,5392,6535,4067,2468,1137242.4,560519304000000,8900,5200,0
89,35,54,11415,6023,5392,6551,4083,2468,1136907.6,560356598000000,8800,5300,0
88,33,55,11333,5887,5446,6535,4067,2468,1136587,560203590000000,8700,5300,0
26,12,14,3292,1320,1972,1560,520,1040,1136378.1,560151010000000,2500,1200,0
26,12,14,3292,1320,1972,1560,520,1040,1136271.2,560098431000000,2500,1200,0
24,11,13,4125,2371,1754,2787,1747,1040,1136169.2,560050649000000,2300,1100,0
36,16,20,6281,3913,2368,4291,3023,1268,1136047.9,559978977000000,3500,2100,0
23,11,12,3541,1701,1840,2007,967,1040,1135926.5,559931229000000,2200,1000,0
26,12,14,3292,1320,1972,1560,520,1040,1135824.5,559878683000000,2500,1200,0
88,32,56,11591,5955,5636,6799,4195,2604,1135620.9,559730708000000,8700,5400,0
26,12,14,3292,1320,1972,1560,520,1040,1135417.2,559678195000000,2500,1200,0
23,11,12,4071,2371,1700,2787,1747,1040,1135315.4,559630481000000,2200,1100,0
91,37,54,11855,6463,5392,6871,4403,2468,1135092.5,559458783000000,9000,5200,0
91,36,55,11699,6241,5458,6715,4247,2468,1134748.6,559291950000000,9000,5300,0
23,11,12,3541,1701,1840,2007,967,1040,1134530.8,559244303000000,2200,1000,0
38,18,20,5581,3225,2356,3483,2215,1268,1134400.1,559163336000000,3700,2200,0
94,40,54,11699,6307,5392,6535,4067,2468,1134129.4,558977646000000,9300,5200,0
24,11,13,4133,2383,1750,2803,1763,1040,1133892.5,558930032000000,2300,1100,0
29,13,16,3756,1596,2160,1808,736,1072,1133786.1,558872956000000,2700,1400,100
26,12,14,3292,1320,1972,1560,520,1040,1133675,558820611000000,2500,1200,0
29,13,16,4241,2001,2240,2311,1135,1176,1133563.8,558763535000000,2800,1400,0
26,12,14,3292,1320,1972,1560,520,1040,1133452.6,558711223000000,2500,1200,0
24,11,13,4125,2371,1754,2787,1747,1040,1133351.1,558663677000000,2300,1100,0
23,10,13,2970,1104,1866,1440,436,1004,1133259.4,558620895000000,2100,1000,200
22,10,12,2896,1104,1792,1440,436,1004,1133172.4,558578113000000,2000,1000,200
87,33,54,11343,5951,5392,6599,4131,2468,1132974.5,558426044000000,8600,5200,0
26,12,14,3292,1320,1972,1560,520,1040,1132766.9,558373800000000,2500,1200,0
24,11,13,4125,2371,1754,2787,1747,1040,1132665.6,558326320000000,2300,1100,0
23,11,12,3541,1701,1840,2007,967,1040,1132569,558278841000000,2200,1000,0
23,11,12,3557,1717,1840,2023,983,1040,1132472.5,558231361000000,2200,1000,0
23,10,13,2994,1104,1890,1472,436,1036,1132380.9,558188647000000,2100,1100,200
85,31,54,11165,5773,5392,6535,4067,2468,1132192.9,558046275000000,8400,5200,0
26,12,14,3923,1883,2040,2191,1083,1108,1131995.2,557994098000000,2500,1200,0
27,12,15,3442,1336,2106,1644,536,1108,1131889.2,557941921000000,2600,1300,0
3,2,1,178,120,58,0,0,0,1131831.4,557937190000000,100,0,100
22,11,11,4009,2367,1642,2787,1747,1040,1131778.4,557889777000000,2100,1100,100
22,9,13,3360,1038,2322,1904,436,1468,1131691.8,557851861000000,2000,1100,200
22,10,12,2896,1104,1792,1440,436,1004,1131609.8,557809180000000,2000,1000,200
25,12,13,3116,1246,1870,1456,452,1004,1131513.5,557757036000000,2200,1100,300
26,12,14,3292,1320,1972,1560,520,1040,1131407.5,557704926000000,2500,1200,0
26,12,14,3292,1320,1972,1560,520,1040,1131301.5,557652816000000,2500,1200,0
24,11,13,4125,2371,1754,2787,1747,1040,1131200.5,557605437000000,2300,1100,0
24,11,13,4125,2371,1754,2787,1747,1040,1131104.2,557558092000000,2300,1100,0
23,11,12,2956,1164,1792,1440,436,1004,1131007.9,557510713000000,2000,1000,300
24,11,13,4125,2371,1754,2787,1747,1040,1130911.8,557463401000000,2300,1100,0
26,12,14,3292,1320,1972,1560,520,1040,1130810.6,557411325000000,2500,1200,0
26,12,14,3923,1883,2040,2191,1083,1108,1130704.9,557359248000000,2500,1200,0
24,11,13,4117,2367,1750,2787,1747,1040,1130603.9,557311936000000,2300,1100,0
24,11,13,4125,2371,1754,2787,1747,1040,1130507.6,557264625000000,2300,1100,0
22,9,13,2928,1038,1890,1472,436,1036,1130421.1,557226775000000,2000,1100,200
26,12,14,3292,1320,1972,1560,520,1040,1130329.9,557174766000000,2500,1200,0
78,29,49,10393,5427,4966,6135,3835,2300,1130142.5,557042360000000,7700,4800,0
24,11,13,4117,2367,1750,2787,1747,1040,1129960,556995115000000,2300,1100,0
26,12,14,3012,1204,1808,1560,520,1040,1129859.1,556943140000000,2500,1200,0
91,33,58,11887,6131,5756,6915,4311,2604,1129652.8,556791977000000,9000,5500,0
28,12,16,3888,1320,2568,2024,520,1504,1129446.5,556740035000000,2700,1300,0
23,11,12,3541,1701,1840,2007,967,1040,1129345.6,556692790000000,2200,1000,0
22,10,12,2896,1104,1792,1440,436,1004,1129254.5,556650310000000,2000,1000,200
26,12,14,3292,1320,1972,1560,520,1040,1129158.6,556598401000000,2500,1200,0
26,12,14,3292,1320,1972,1560,520,1040,1129053,556546493000000,2500,1200,0
55,21,34,7941,4241,3700,4943,3087,1856,1128904.5,556452138000000,5400,3400,100
26,12,14,3012,1204,1808,1560,520,1040,1128755.9,556400263000000,2500,1200,0
17,8,9,3449,1983,1466,2503,1531,972,1128669.6,556367245000000,1600,800,100
26,12,14,3891,1851,2040,2159,1051,1108,1128583.4,556315370000000,2500,1200,0
23,11,12,3541,1701,1840,2007,967,1040,1128482.8,556268259000000,2200,1000,0
24,11,13,4125,2371,1754,2787,1747,1040,1128386.9,556221115000000,2300,1100,0
16,7,9,1574,480,1094,478,22,456,1128310.4,556192829000000,1300,300,200
95,32,63,12335,5925,6410,7147,4171,2976,1128133.5,556046800000000,9400,6400,0
22,9,13,3018,980,2038,1556,384,1172,1127947.1,556009118000000,2000,1100,100
26,12,14,3292,1320,1972,1560,520,1040,1127856.1,555957310000000,2500,1200,0
26,12,14,3292,1320,1972,1560,520,1040,1127750.9,555905536000000,2500,1200,0
84,30,54,11099,5707,5392,6535,4067,2468,1127559.6,555769037000000,8300,5200,0
55,19,36,10061,4373,5688,7039,3327,3712,1127335.1,555684345000000,5400,3600,100
29,13,16,4241,2001,2240,2311,1135,1176,1127191.9,555627907000000,2800,1400,0
89,35,54,11655,6263,5392,6791,4323,2468,1126972.1,555468053000000,8800,5200,0
86,31,55,11409,5895,5514,6731,4195,2536,1126666.8,555327091000000,8500,5300,0
12,8,4,712,480,232,0,0,0,1132961.8,564711090000000,400,0,400
26,12,14,3292,1320,1972,1560,520,1040,1139346.4,564658550000000,2500,1200,0
3,2,1,184,122,62,0,0,0,1139288.4,564653780000000,100,0,100
23,10,13,3426,1104,2322,1904,436,1468,1139240.1,564610760000000,2100,1100,200
26,12,14,3308,1336,1972,1576,536,1040,1139143.6,564558280000000,2500,1200,0
6,1,5,350,60,290,0,0,0,1139090.5,564558280000000,500,0,0
24,11,13,4117,2367,1750,2787,1747,1040,1139042.2,564510500000000,2300,1100,0
74,28,46,10077,5321,4756,6047,3783,2264,1138863.9,564381650000000,7200,4600,200
23,10,13,3046,1104,1942,1524,436,1088,1138690.2,564338700000000,2100,1100,200
27,12,15,3374,1336,2038,1576,536,1040,1138593.9,564286230000000,2600,1200,0
26,12,14,3308,1336,1972,1576,536,1040,1138487.8,564233810000000,2500,1200,0
26,12,14,3292,1320,1972,1560,520,1040,1138381.8,564181330000000,2500,1200,0
94,35,59,12829,6991,5838,7659,5055,2604,1138165,564019270000000,9200,5500,0
26,12,14,3292,1320,1972,1560,520,1040,1137948.4,563966850000000,2500,1200,0
27,12,15,3078,1204,1874,1560,520,1040,1137842.4,563914440000000,2600,1200,0
27,12,15,4114,1284,2830,2304,484,1820,1137736.5,563862100000000,2600,1300,0
26,12,14,3292,1320,1972,1560,520,1040,1137630.6,563809690000000,2500,1200,0
27,12,15,3358,1320,2038,1560,520,1040,1137524.6,563757340000000,2600,1200,0
21,10,11,2842,1104,1738,1440,436,1004,1137428.5,563714460000000,2000,1000,100
26,12,14,3292,1320,1972,1560,520,1040,1137332.2,563662110000000,2500,1200,0
76,29,47,10237,5427,4810,6099,3835,2264,1137144.6,563528900000000,7400,4700,200
85,31,54,11159,5767,5392,6535,4067,2468,1136866,563386230000000,8400,5200,0
23,11,12,3541,1701,1840,2007,967,1040,1136673.9,563338720000000,2200,1000,0
52,24,28,6584,2640,3944,3120,1040,2080,1136516,563229390000000,5000,2400,0
86,31,55,11601,6087,5514,6923,4387,2536,1136262.2,563086860000000,8500,5300,0
98,44,54,11939,6547,5392,6535,4067,2468,1135912.1,562882710000000,9700,5300,0
55,23,32,7607,3811,3796,4567,2507,2060,1135601.6,562778323000000,5300,3200,100
24,11,13,4133,2383,1750,2803,1763,1040,1135449.4,562730877000000,2300,1100,0
26,12,14,3292,1320,1972,1560,520,1040,1135348.8,562678699000000,2500,1200,0
26,12,14,3292,1320,1972,1560,520,1040,1135243.2,562626522000000,2500,1200,0
85,31,54,11175,5783,5392,6551,4083,2468,1135046.9,562484319000000,8400,5200,0
82,31,51,10633,5435,5198,6147,3723,2424,1134759.6,562342182000000,8100,5200,0
26,12,14,3292,1320,1972,1560,520,1040,1134563.4,562290072000000,2500,1200,0
89,33,56,11523,5887,5636,6671,4067,2604,1134357.8,562138574000000,8800,5400,0
23,11,12,3557,1717,1840,2023,983,1040,1134156.9,562091228000000,2200,1000,0
84,30,54,11227,5835,5392,6663,4195,2468,1133970.4,561954024000000,8300,5200,0
24,11,13,3607,1701,1906,2007,967,1040,1133784,561906713000000,2300,1100,0
26,12,14,3308,1336,1972,1576,536,1040,1133683.6,561854703000000,2500,1200,0
85,31,54,11351,5959,5392,6727,4259,2468,1133487.8,561712869000000,8400,5200,0
24,11,13,4117,2367,1750,2787,1747,1040,1133296.8,561665624000000,2300,1100,0
26,12,14,3292,1320,1972,1560,520,1040,1133196.4,561613648000000,2500,1200,0
99,35,64,12727,6227,6500,7311,4299,3012,1132982.1,561453057000000,9800,6200,0
24,11,13,4189,2435,1754,2851,1811,1040,1132772.6,561405846000000,2300,1100,0
100,35,65,13425,6847,6578,7931,4919,3012,1132562.9,561245355000000,9900,6300,0
26,12,14,3292,1320,1972,1560,520,1040,1132348.5,561193480000000,2500,1200,0
24,11,13,4125,2371,1754,2787,1747,1040,1132248.4,561146302000000,2300,1100,0
21,8,13,2288,862,1426,870,318,552,1132167.5,561113284000000,1900,800,0
31,15,16,4901,2717,2184,3175,1863,1312,1132068.2,561047249000000,3000,1600,100
27,13,14,3264,1320,1944,1456,452,1004,1131945,560990677000000,2300,1100,300
24,11,13,4125,2371,1754,2787,1747,1040,1131840.2,560943566000000,2300,1100,0
26,12,14,3292,1320,1972,1560,520,1040,1131740.2,560891725000000,2500,1200,0
32,15,17,3736,1570,2166,1960,724,1236,1131621.2,560825757000000,3100,1800,0
24,11,13,4125,2371,1754,2787,1747,1040,1131507.2,560778646000000,2300,1100,0
26,12,14,3891,1851,2040,2159,1051,1108,1131407.2,560726838000000,2500,1200,0
26,12,14,3292,1320,1972,1560,520,1040,1131302.5,560675030000000,2500,1200,0
93,34,59,12021,6167,5854,6935,4299,2636,1131093.1,560519673000000,9200,5800,0
27,12,15,3358,1320,2038,1560,520,1040,1130884,560467899000000,2600,1200,0
23,11,12,3541,1701,1840,2007,967,1040,1130784.1,560420855000000,2200,1000,0
26,12,14,3292,1320,1972,1560,520,1040,1130684.2,560369114000000,2500,1200,0
23,11,12,3541,1701,1840,2007,967,1040,1130584.4,560322071000000,2200,1000,0
78,30,48,10305,5485,4820,6059,3839,2220,1130399,560185739000000,7700,4900,0
27,13,14,3358,1386,1972,1560,520,1040,1130204.2,560129334000000,2600,1200,0
93,36,57,11428,4658,6770,5250,2250,3000,1129981.1,559964884000000,9200,5500,0
26,12,14,3012,1204,1808,1560,520,1040,1129762.9,559913244000000,2500,1200,0
3,2,1,178,120,58,0,0,0,1129705.9,559908546000000,100,0,100
27,13,14,3374,1402,1972,1576,536,1040,1129644.1,559852175000000,2600,1200,0
28,13,15,3452,1402,2050,1576,536,1040,1129530.2,559795870000000,2700,1300,0
24,11,13,4133,2383,1750,2803,1763,1040,1129425.9,559748928000000,2300,1100,0
24,11,13,3072,1182,1890,1472,436,1036,1129331,559701985000000,2200,1100,200
79,30,49,10483,5489,4994,6167,3835,2332,1129146.1,559565955000000,7600,4800,200
24,11,13,3160,1254,1906,1560,520,1040,1128961.4,559519046000000,2300,1200,0
24,11,13,4117,2367,1750,2787,1747,1040,1128866.6,559472137000000,2300,1100,0
26,12,14,3292,1320,1972,1560,520,1040,1128767,559420598000000,2500,1200,0
75,26,49,10253,5027,5226,6139,3603,2536,1128596.6,559303426000000,7400,4900,100
30,14,16,3836,1572,2264,1840,640,1200,1128416.9,559242491000000,2900,1600,0
3,2,1,178,120,58,0,0,0,1128350.6,559237827000000,100,0,100
87,32,55,11337,5891,5446,6599,4131,2468,1128199.2,559092637000000,8600,5300,0
22,10,12,2896,1104,1792,1440,436,1004,1128010,559050492000000,2000,1000,200
26,12,14,3292,1320,1972,1560,520,1040,1127915.4,558998986000000,2500,1200,0
26,12,14,3308,1336,1972,1576,536,1040,1127811.2,558947514000000,2500,1200,0
26,12,14,3012,1204,1808,1560,520,1040,1127707.1,558896041000000,2500,1200,0
29,13,16,4257,2017,2240,2327,1151,1176,1127598.4,558839905000000,2800,1400,0
32,15,17,4088,1722,2366,1960,724,1236,1127476.2,558774406000000,3100,1800,0
104,38,66,14949,7269,7680,9227,5147,4080,1127236.2,558601433000000,10200,6200,0
3,1,2,222,74,148,0,0,0,1127061.6,558601433000000,200,0,0
26,12,14,3292,1320,1972,1560,520,1040,1127009.6,558549994000000,2500,1200,0
30,14,16,3836,1572,2264,1840,640,1200,1126898,558489261000000,2900,1600,0
87,32,55,11411,5953,5458,6667,4199,2468,1126692,558344473000000,8600,5300,0
26,12,14,3308,1336,1972,1576,536,1040,1126493.8,558293102000000,2500,1200,0
24,11,13,4117,2367,1750,2787,1747,1040,1126394.8,558246427000000,2300,1100,0
53,21,32,6386,2598,3788,2862,1210,1652,1126253.2,558153079000000,5100,2900,100
26,12,14,3907,1867,2040,2175,1067,1108,1126107.1,558101741000000,2500,1200,0
26,12,14,3292,1320,1972,1560,520,1040,1126003.4,558050436000000,2500,1200,0
26,12,14,3292,1320,1972,1560,520,1040,1125899.6,557999098000000,2500,1200,0
22,10,12,2896,1104,1792,1440,436,1004,1125805.4,557957155000000,2000,1000,200
16,8,8,2008,1004,1004,924,468,456,1125730,557924506000000,1500,600,0
26,12,14,3292,1320,1972,1560,520,1040,1125645.1,557873201000000,2500,1200,0
24,11,13,4117,2367,1750,2787,1747,1040,1125546.2,557826594000000,2300,1100,0
48,22,26,8234,4734,3500,5574,3494,2080,1125404.8,557728716000000,4600,2200,0
26,12,14,3292,1320,1972,1560,520,1040,1125258.5,557677478000000,2500,1200,0
26,12,14,3292,1320,1972,1560,520,1040,1125154.9,557626241000000,2500,1200,0
26,12,14,3308,1336,1972,1576,536,1040,1125051.4,557575003000000,2500,1200,0
27,12,15,3358,1320,2038,1560,520,1040,1124947.8,557523799000000,2600,1200,0
24,11,13,4117,2367,1750,2787,1747,1040,1124849,557477226000000,2300,1100,0
26,12,14,3292,1320,1972,1560,520,1040,1124750.1,557426021000000,2500,1200,0
29,13,16,4273,2033,2240,2343,1167,1176,1124641.9,557370187000000,2800,1400,0
86,31,55,11559,6101,5458,6875,4407,2468,1124444.5,557230600000000,8500,5300,0
26,12,14,3308,1336,1972,1576,536,1040,1124251.9,557179464000000,2500,1200,0
26,12,14,3308,1336,1972,1576,536,1040,1124148.4,557128293000000,2500,1200,0
27,12,15,3266,1252,2014,1440,436,1004,1124045,557077156000000,2300,1000,200
47,19,28,6899,3727,3172,4327,2675,1652,1123908.8,556993505000000,4500,2800,200
38,16,22,5861,3217,2644,3775,2327,1448,1123753.9,556923812000000,3700,2200,100
26,12,14,3292,1320,1972,1560,520,1040,1123631.8,556872709000000,2500,1200,0
85,31,54,11415,6023,5392,6791,4323,2468,1123439.4,556733391000000,8400,5200,0
23,11,12,3541,1701,1840,2007,967,1040,1123251.8,556686952000000,2200,1000,0
158,61,97,18805,9651,9154,10179,6283,3896,1122923.5,556408584000000,15500,9500,200
28,13,15,4363,2489,1874,2787,1747,1040,1122586,556352917000000,2600,1100,0
44,18,26,6553,3557,2996,4143,2559,1584,1122450.2,556274131000000,4200,2600,200
27,13,14,3434,1510,1924,1608,636,972,1122314.4,556218498000000,2500,1100,0
85,31,54,11159,5767,5392,6535,4067,2468,1122117.8,556079516000000,8400,5200,0
85,31,54,11287,5895,5392,6663,4195,2468,1121837,555940600000000,8400,5200,0
24,11,13,4125,2371,1754,2787,1747,1040,1121650,555894295000000,2300,1100,0
6,1,5,350,60,290,0,0,0,1121603.1,555894295000000,500,0,0
86,31,55,11553,6039,5514,6875,4339,2536,1121462.9,555755447000000,8500,5300,0
24,11,13,3607,1701,1906,2007,967,1040,1121275.9,555709209000000,2300,1100,0
88,32,56,11719,6083,5636,6927,4323,2604,1121084.4,555565831000000,8700,5400,0
3,2,1,184,122,62,0,0,0,1120934.9,555561200000000,100,0,100
26,12,14,3292,1320,1972,1560,520,1040,1120878.9,555510365000000,2500,1200,0
24,11,13,4117,2367,1750,2787,1747,1040,1120780.8,555464127000000,2300,1100,0
26,12,14,3308,1336,1972,1576,536,1040,1120682.6,555413326000000,2500,1200,0
91,32,59,12741,6855,5886,7763,5107,2656,1120486.6,555270116000000,9000,5700,0
26,12,14,3028,1220,1808,1576,536,1040,1120290.6,555219314000000,2500,1200,0
29,12,17,3606,1320,2286,1676,520,1156,1120187.9,555168513000000,2800,1500,0
104,50,54,12363,6971,5392,6599,4131,2468,1119908.6,554942390000000,10300,5200,0
22,10,12,2896,1104,1792,1440,436,1004,1119638.8,554900883000000,2000,1000,200
24,11,13,4117,2367,1750,2787,1747,1040,1119550.2,554854745000000,2300,1100,0
3,2,1,178,120,58,0,0,0,1119499,554850148000000,100,0,100
25,12,13,3226,1320,1906,1560,520,1040,1119443,554799414000000,2400,1200,0
23,11,12,3541,1701,1840,2007,967,1040,1119345.1,554753310000000,2200,1000,0
33,15,18,4058,1646,2412,1840,640,1200,1119233.4,554688785000000,3100,1600,0
26,12,14,3012,1204,1808,1560,520,1040,1119116.9,554638084000000,2500,1200,0
24,10,14,3092,1104,1988,1504,436,1068,1119023.8,554596611000000,2200,1200,200
26,12,14,3292,1320,1972,1560,520,1040,1118930.6,554545944000000,2500,1200,0
26,12,14,3292,1320,1972,1560,520,1040,1118828.2,554495277000000,2500,1200,0
26,12,14,3308,1336,1972,1576,536,1040,1118725.8,554444610000000,2500,1200,0
26,12,14,3292,1320,1972,1560,520,1040,1118623.4,554393976000000,2500,1200,0
26,12,14,3292,1320,1972,1560,520,1040,1118521,554343342000000,2500,1200,0
26,12,14,3308,1336,1972,1576,536,1040,1118418.6,554292709000000,2500,1200,0
93,39,54,11703,6311,5392,6599,4131,2468,1118190.8,554117890000000,9200,5200,0
3,2,1,184,122,62,0,0,0,1118009.6,554113293000000,100,0,100
26,12,14,3292,1320,1972,1560,520,1040,1117953.8,554062693000000,2500,1200,0
26,12,14,3308,1336,1972,1576,536,1040,1117851.5,554012126000000,2500,1200,0
70,26,44,9607,5027,4580,5799,3603,2196,1117684.2,553897203000000,6900,4400,100
26,12,14,3292,1320,1972,1560,520,1040,1117517.1,553846670000000,2500,1200,0
24,11,13,4117,2367,1750,2787,1747,1040,1117419.6,553800700000000,2300,1100,0
85,31,54,11287,5895,5392,6663,4195,2468,1117234,553662926000000,8400,5200,0
24,11,13,4117,2367,1750,2787,1747,1040,1117048.4,553617023000000,2300,1100,0
60,23,37,9253,5343,3910,5967,4075,1892,1116900,553516024000000,5900,3600,0
60,23,37,8447,4517,3930,5179,3255,1924,1116696,553415092000000,5900,3700,100
23,11,12,3541,1701,1840,2007,967,1040,1116547.6,553369190000000,2200,1000,0
26,12,14,3292,1320,1972,1560,520,1040,1116450.2,553318758000000,2500,1200,0
22,10,12,2896,1104,1792,1440,436,1004,1116357.6,553277486000000,2000,1000,200
101,37,64,12787,6411,6376,7239,4363,2876,1116149.2,553112465000000,10000,6000,0
96,42,54,11883,6491,5392,6599,4131,2468,1115792.9,552924627000000,9500,5300,0
86,31,55,12413,6507,5906,7663,4807,2856,1115464.6,552787289000000,8500,5600,0
69,26,43,9613,5155,4458,5859,3731,2128,1115210.5,552672868000000,6800,4300,100
87,32,55,11651,6193,5458,6907,4439,2468,1114951.8,552531067000000,8600,5300,0
48,22,26,8298,4798,3500,5638,3558,2080,1114712.8,552435068000000,4600,2200,0
26,12,14,3308,1336,1972,1576,536,1040,1114566.1,552384770000000,2500,1200,0
25,12,13,3252,1382,1870,1592,588,1004,1114464.4,552334506000000,2200,1100,300
7,2,5,502,140,362,0,0,0,1114409.1,552329942000000,600,0,0
47,19,28,6915,3743,3172,4343,2691,1652,1114321.6,552247700000000,4500,2800,200
26,12,14,3292,1320,1972,1560,520,1040,1114187.8,552197436000000,2500,1200,0
85,31,54,11159,5767,5392,6535,4067,2468,1113998.5,552060433000000,8400,5200,0
26,12,14,3292,1320,1972,1560,520,1040,1113809.4,552010236000000,2500,1200,0
26,12,14,3340,1368,1972,1608,568,1040,1113707.9,551960038000000,2500,1200,0
24,11,13,4125,2371,1754,2787,1747,1040,1113611,551914404000000,2300,1100,0
36,16,20,5461,3105,2356,3483,2215,1268,1113495.8,551845953000000,3500,2100,0
23,10,13,3386,1104,2282,1864,436,1428,1113385.1,551804916000000,2100,1100,200
28,12,16,3904,1336,2568,2040,536,1504,1113292.9,551754752000000,2700,1300,0
22,10,12,2896,1104,1792,1440,436,1004,1113200.8,551713715000000,2000,1000,200
29,13,16,4823,2707,2116,3223,1979,1244,1113104,551658988000000,2800,1600,100
26,12,14,3891,1851,2040,2159,1051,1108,1112998,551608857000000,2500,1200,0
48,22,26,8362,4862,3500,5702,3622,2080,1112854.4,551513160000000,4600,2200,0
26,12,14,3292,1320,1972,1560,520,1040,1112710.9,551463030000000,2500,1200,0
22,10,12,2896,1104,1792,1440,436,1004,1112618.8,551422060000000,2000,1000,200
25,11,14,4291,2367,1924,2907,1747,1160,1112531.2,551376493000000,2400,1300,0
22,10,12,2896,1104,1792,1440,436,1004,1112443.9,551335523000000,2000,1000,200
62,26,36,7798,3170,4628,3654,1410,2244,1112287.5,551221706000000,6100,3500,0
22,10,12,2896,1104,1792,1440,436,1004,1112131.2,551180770000000,2000,1000,200
28,12,16,5701,3237,2464,4119,2555,1564,1112039.4,551130707000000,2600,1300,0
39,18,21,5635,3225,2410,3483,2215,1268,1111910.8,551053364000000,3800,2200,0
3,2,1,178,120,58,0,0,0,1111828,551048800000000,100,0,100
22,10,12,2896,1104,1792,1440,436,1004,1111782,551007898000000,2000,1000,200
23,11,12,3541,1701,1840,2007,967,1040,1111694.8,550962398000000,2200,1000,0
29,13,16,3558,1394,2164,1612,520,1092,1111593.6,550907838000000,2700,1300,0
85,31,54,11287,5895,5392,6663,4195,2468,1111400.8,550771507000000,8400,5200,0
32,14,18,5169,2877,2292,3407,2095,1312,1111203.4,550712417000000,3000,1800,200
93,37,56,11695,6127,5568,6603,4067,2536,1110978.6,550548940000000,9200,5400,0
26,12,14,3292,1320,1972,1560,520,1040,1110763.2,550499011000000,2500,1200,0
85,31,54,11287,5895,5392,6663,4195,2468,1110575.2,550362847000000,8400,5300,0
38,17,21,5611,3165,2446,3519,2215,1304,1110364.4,550290269000000,3700,2200,0
20,10,10,2692,1020,1672,1368,364,1004,1110249.8,550249433000000,1700,900,200
107,42,65,13389,6903,6486,7499,4555,2944,1110020.8,550063542000000,10600,6200,0
26,12,14,3292,1320,1972,1560,520,1040,1109782.6,550013713000000,2500,1200,0
26,12,14,3292,1320,1972,1560,520,1040,1109681.9,549963851000000,2500,1200,0
26,12,14,3292,1320,1972,1560,520,1040,1109581.1,549914023000000,2500,1200,0
94,36,58,12403,6183,6220,7251,4183,3068,1109370.6,549755545000000,9300,5500,0
25,12,13,4185,2431,1754,2787,1747,1040,1109160.2,549705751000000,2200,1100,300
90,34,56,11637,6057,5580,6719,4183,2536,1108959.1,549556400000000,8900,5400,0
27,12,15,3358,1320,2038,1560,520,1040,1108758,549506639000000,2600,1200,0
26,12,14,3308,1336,1972,1576,536,1040,1108657.5,549456911000000,2500,1200,0
24,11,13,4117,2367,1750,2787,1747,1040,1108561.5,549411680000000,2300,1100,0
26,12,14,3292,1320,1972,1560,520,1040,1108465.5,549361952000000,2500,1200,0
26,12,14,3292,1320,1972,1560,520,1040,1108365,549312224000000,2500,1200,0
26,12,14,3012,1204,1808,1560,520,1040,1108264.5,549262497000000,2500,1200,0
13,6,7,3329,1559,1770,2599,1215,1384,1108191.4,549239914000000,1200,600,100
103,34,69,13279,6297,6982,7643,4427,3216,1108018.2,549090832000000,10100,6500,0
65,30,35,7604,3498,4106,3298,1510,1788,1107735.8,548959903000000,6400,3400,0
26,12,14,3292,1320,1972,1560,520,1040,1107553.2,548910242000000,2500,1200,0
24,11,13,4117,2367,1750,2787,1747,1040,1107457.4,548865111000000,2300,1100,0
53,25,28,6618,2770,3848,3662,1358,2304,1107302.6,548756831000000,5200,2800,0
26,12,14,3292,1320,1972,1560,520,1040,1107143.4,548707238000000,2500,1200,0
26,12,14,3308,1336,1972,1576,536,1040,1107043.1,548657611000000,2500,1200,0
26,12,14,3292,1320,1972,1560,520,1040,1106942.9,548608017000000,2500,1200,0
88,34,54,11403,6011,5392,6599,4131,2468,1106742.5,548459304000000,8700,5200,0
26,12,14,3012,1204,1808,1560,520,1040,1106542.1,548409744000000,2500,1200,0
6,1,5,350,60,290,0,0,0,1106492,548409744000000,500,0,0
89,32,57,11831,6145,5686,6979,4391,2588,1106351,548270124000000,8800,5500,0
8,3,5,568,206,362,0,0,0,1106201.1,548261098000000,700,0,0
19,12,7,1126,720,406,0,0,0,1111579.2,551850449000000,700,0,600
85,31,54,11159,5767,5392,6535,4067,2468,1116828,551714520000000,8400,5200,0
14,7,7,2018,656,1362,1054,174,880,1116663,551687341000000,1300,500,0
26,12,14,3891,1851,2040,2159,1051,1108,1116585,551637546000000,2500,1200,0
3,2,1,184,122,62,0,0,0,1116529.9,551633017000000,100,0,100
84,30,54,11131,5739,5392,6567,4099,2468,1116392.2,551501718000000,8300,5200,0
26,12,14,3292,1320,1972,1560,520,1040,1116208.8,551451957000000,2500,1200,0
26,12,14,3292,1320,1972,1560,520,1040,1116107.9,551402196000000,2500,1200,0
24,11,13,3607,1701,1906,2007,967,1040,1116011.5,551356931000000,2300,1100,0
26,12,14,3324,1352,1972,1592,552,1040,1115915.2,551307203000000,2500,1200,0
84,30,54,11333,5725,5608,6751,4079,2672,1115731.9,551176072000000,8300,5400,100
24,11,13,4125,2371,1754,2787,1747,1040,1115553.2,551130875000000,2300,1100,0
26,12,14,3292,1320,1972,1560,520,1040,1115457,551081147000000,2500,1200,0
26,12,14,3292,1320,1972,1560,520,1040,1115356.2,551031453000000,2500,1200,0
26,12,14,3012,1204,1808,1560,520,1040,1115255.4,550981759000000,2500,1200,0
23,11,12,3541,1701,1840,2007,967,1040,1115159.2,550936594000000,2200,1000,0
26,12,14,3292,1320,1972,1560,520,1040,1115063,550886900000000,2500,1200,0
8,3,5,568,206,362,0,0,0,1115003.6,550877874000000,700,0,0
85,31,54,11287,5895,5392,6663,4195,2468,1114857.4,550742448000000,8400,5200,0
46,18,28,6967,3795,3172,4455,2803,1652,1114642.4,550665709000000,4500,2800,100
26,12,14,3292,1320,1972,1560,520,1040,1114514.2,550616082000000,2500,1200,0
87,37,50,11153,5925,5228,6367,3847,2520,1114299.5,550453746000000,8600,5000,100
26,12,14,3308,1336,1972,1576,536,1040,1114084.8,550404153000000,2500,1200,0
19,9,10,2986,934,2052,1716,332,1384,1113997.9,550368082000000,1800,800,0
26,12,14,3292,1320,1972,1560,520,1040,1113911,550318522000000,2500,1200,0
91,35,56,11841,6261,5580,6863,4327,2536,1113705.5,550165346000000,9000,5400,0
34,14,20,5455,2987,2468,3591,2211,1380,1113491,550106793000000,3300,2000,100
85,31,54,11175,5783,5392,6551,4083,2468,1113294.9,549971737000000,8400,5300,0
26,12,14,3292,1320,1972,1560,520,1040,1113107.8,549922244000000,2500,1200,0
92,33,59,12457,6171,6286,7431,4363,3068,1112911.8,549778262000000,9100,5700,0
80,30,50,10791,5615,5176,6431,3963,2468,1112633.8,549647869000000,7800,5000,200
24,11,13,3044,1178,1866,1440,436,1004,1112456.1,549602906000000,2100,1000,200
26,12,14,3308,1336,1972,1576,536,1040,1112360.4,549553481000000,2500,1200,0
39,14,25,6041,2955,3086,3883,2179,1704,1112251.2,549495062000000,3800,2500,100
26,12,14,3292,1320,1972,1560,520,1040,1112142.1,549445637000000,2500,1200,0
24,11,13,4117,2367,1750,2787,1747,1040,1112046.5,549400741000000,2300,1100,0
40,23,17,2366,1380,986,0,0,0,1118826.9,553205612000000,1700,0,1100
99,37,62,12485,6349,6136,7039,4299,2740,1125485.8,553042873000000,9700,5800,0
26,12,14,3012,1204,1808,1560,520,1040,1125269.4,552993179000000,2500,1200,0
85,31,54,11047,5655,5392,6423,3955,2468,1125080.6,552857686000000,8400,5200,0
26,12,14,3292,1320,1972,1560,520,1040,1124892,552807992000000,2500,1200,0
26,12,14,3308,1336,1972,1576,536,1040,1124790.8,552758332000000,2500,1200,0
23,11,12,3541,1701,1840,2007,967,1040,1124694.1,552713201000000,2200,1000,0
85,31,54,11415,6023,5392,6791,4323,2468,1124510.1,552577842000000,8400,5200,0
48,22,26,8362,4862,3500,5702,3622,2080,1124280.2,552483118000000,4600,2200,0
23,11,12,3541,1701,1840,2007,967,1040,1124142.4,552438021000000,2200,1000,0
109,41,68,13803,7063,6740,7799,4787,3012,1123912.8,552257699000000,10800,6400,0
26,12,14,3308,1336,1972,1576,536,1040,1123678.8,552208140000000,2500,1200,0
28,14,14,3424,1452,1972,1560,520,1040,1123568.5,552149587000000,2700,1200,0
26,12,14,3292,1320,1972,1560,520,1040,1123458.2,552100061000000,2500,1200,0
100,46,54,12235,6843,5392,6711,4243,2468,1123201.5,551897459000000,9900,5200,0
26,12,14,3292,1320,1972,1560,520,1040,1122944.8,551847966000000,2500,1200,0
6,1,5,372,62,310,0,0,0,1122894.2,551847966000000,500,0,0
26,12,14,3308,1336,1972,1576,536,1040,1122843.9,551798473000000,2500,1200,0
18,10,8,1064,600,464,0,0,0,1126514,553754965000000,800,0,500
47,22,25,6086,2352,3734,2964,872,2092,1130147.6,553660174000000,4300,2100,400
38,18,20,5581,3225,2356,3483,2215,1268,1129982.5,553583502000000,3700,2200,0
101,36,65,13071,6653,6418,7519,4675,2844,1129743,553425629000000,9900,6200,100
27,13,14,3374,1402,1972,1576,536,1040,1129526.5,553371539000000,2600,1200,0
26,12,14,3012,1204,1808,1560,520,1040,1129420.4,553321945000000,2500,1200,0
26,12,14,3292,1320,1972,1560,520,1040,1129319,553272385000000,2500,1200,0
88,33,55,11481,5967,5514,6683,4147,2536,1129121,553128236000000,8700,5400,0
90,35,55,11537,6023,5514,6619,4083,2536,1128817.2,552975127000000,8900,5300,0
91,35,56,11575,6007,5568,6603,4067,2536,1128504.5,552822119000000,9000,5400,0
26,12,14,3292,1320,1972,1560,520,1040,1128297.5,552772659000000,2500,1200,0
26,12,14,3292,1320,1972,1560,520,1040,1128196.4,552723167000000,2500,1200,0
95,33,62,12831,6187,6644,7643,4379,3264,1127998.8,552579285000000,9400,6000,0
3,2,1,178,120,58,0,0,0,1127847.2,552574789000000,100,0,100
86,31,55,11345,5831,5514,6667,4131,2536,1127704.9,552440001000000,8500,5300,0
102,48,54,12179,6787,5392,6535,4067,2468,1127351.8,552228910000000,10100,5300,0
26,12,14,3292,1320,1972,1560,520,1040,1127086,552179551000000,2500,1200,0
27,12,15,3410,1320,2090,1612,520,1092,1126985,552130159000000,2600,1300,0
26,12,14,3292,1320,1972,1560,520,1040,1126884.1,552080800000000,2500,1200,0
30,17,13,1774,1020,754,0,0,0,1134565.6,556987767000000,1300,0,800
34,14,20,5455,2987,2468,3591,2211,1380,1142236.2,556928946000000,3300,2000,100
26,12,14,3292,1320,1972,1560,520,1040,1142124.8,556879185000000,2500,1200,0
24,11,13,4117,2367,1750,2787,1747,1040,1142027.1,556833954000000,2300,1100,0
26,12,14,3292,1320,1972,1560,520,1040,1141929.5,556784192000000,2500,1200,0
22,10,12,2896,1104,1792,1440,436,1004,1141836.6,556743491000000,2000,1000,200
95,40,55,11875,6417,5458,6651,4183,2468,1141613.6,556567196000000,9400,5400,0
92,34,58,11935,6167,5768,6903,4299,2604,1141279.5,556418113000000,9100,5600,0
26,12,14,3292,1320,1972,1560,520,1040,1141075.4,556368419000000,2500,1200,0
26,12,14,3308,1336,1972,1576,536,1040,1140973.4,556318759000000,2500,1200,0
22,10,12,2896,1104,1792,1440,436,1004,1140880.5,556278124000000,2000,1000,200
27,12,15,3442,1336,2106,1644,536,1108,1140787.8,556228464000000,2600,1300,0
27,12,15,3378,1332,2046,1560,520,1040,1140685.8,556178803000000,2600,1200,0
23,11,12,3541,1701,1840,2007,967,1040,1140588.4,556133706000000,2200,1000,0
26,12,14,3292,1320,1972,1560,520,1040,1140491,556084079000000,2500,1200,0
3,2,1,178,120,58,0,0,0,1140435.4,556079549000000,100,0,100
89,32,57,11671,5969,5702,6819,4215,2604,1140287.2,555939761000000,8800,5500,0
38,16,22,5653,3141,2512,3555,2251,1304,1140074.2,555872116000000,3700,2200,0
24,11,13,4117,2367,1750,2787,1747,1040,1139958.5,555827052000000,2300,1100,0
26,12,14,4257,2437,1820,2787,1747,1040,1139861.2,555777459000000,2400,1100,0
85,31,54,11287,5895,5392,6663,4195,2468,1139671.5,555642301000000,8400,5200,0
30,15,15,3896,1946,1950,2228,1100,1128,1139468.4,555579253000000,2900,1700,0
7,4,3,504,266,238,32,0,32,1139390.2,555565764000000,500,100,100
100,46,54,12187,6795,5392,6663,4195,2468,1139168.6,555363196000000,9900,5200,0
26,12,14,3292,1320,1972,1560,520,1040,1138910.1,555313703000000,2500,1200,0
87,32,55,11803,5833,5970,7059,4067,2992,1138716.1,555174284000000,8600,5300,0
46,19,27,5946,2176,3770,2870,890,1980,1138490.1,555093351000000,4500,2400,0
85,31,54,11223,5831,5392,6599,4131,2468,1138268.8,554958529000000,8400,5200,0
60,22,38,8531,4411,4120,5263,3203,2060,1138033.5,554864208000000,5900,3800,100
85,31,54,11159,5767,5392,6535,4067,2468,1137798.2,554729487000000,8400,5200,0
22,10,12,2896,1104,1792,1440,436,1004,1137618.5,554689087000000,2000,1000,200
85,31,54,11319,5927,5392,6695,4227,2468,1137438.8,554554467000000,8400,5200,0
26,12,14,3012,1204,1808,1560,520,1040,1137249.8,554505108000000,2500,1200,0
89,33,56,11587,5951,5636,6735,4131,2604,1137051.8,554361629000000,8800,5400,0
24,11,13,3607,1701,1906,2007,967,1040,1136858.2,554316801000000,2300,1100,0
48,22,26,8234,4734,3500,5574,3494,2080,1136717.4,554222647000000,4600,2200,0
24,11,13,4117,2367,1750,2787,1747,1040,1136576.4,554177852000000,2300,1100,0
93,37,56,11711,6143,5568,6619,4083,2536,1136364.8,554016623000000,9200,5400,0
22,10,12,2896,1104,1792,1440,436,1004,1136157.8,553976324000000,2000,1000,200
26,12,14,3292,1320,1972,1560,520,1040,1136065.8,553927066000000,2500,1200,0
80,28,52,11191,5351,5840,6795,3819,2976,1135891.2,553806236000000,7900,5200,100
24,11,13,4125,2371,1754,2787,1747,1040,1135721.4,553761508000000,2300,1100,0
21,10,11,2842,1104,1738,1440,436,1004,1135634,553721243000000,2000,1000,100
24,11,13,4181,2431,1750,2851,1811,1040,1135546.8,553676515000000,2300,1100,0
88,34,54,11339,5947,5392,6535,4067,2468,1135349.2,553528976000000,8700,5200,0
35,18,17,4821,2403,2418,2495,1207,1288,1135119.6,553452975000000,3400,1800,0
3,2,1,178,120,58,0,0,0,1135037,553448513000000,100,0,100
22,10,12,2896,1104,1792,1440,436,1004,1134991.1,553408314000000,2000,1000,200
85,31,54,11223,5831,5392,6599,4131,2468,1134812.1,553274298000000,8400,5200,0
26,12,14,3292,1320,1972,1560,520,1040,1134624.1,553225174000000,2500,1200,0
23,11,12,3557,1717,1840,2023,983,1040,1134527.8,553180547000000,2200,1000,0
40,19,21,4778,2104,2674,2122,842,1280,1134399.4,553100184000000,3900,2000,0
26,12,14,3292,1320,1972,1560,520,1040,1134266.5,553051094000000,2500,1200,0
30,15,15,3740,1822,1918,2072,976,1096,1134151.9,552988649000000,2900,1700,0
55,22,33,7773,4127,3646,4763,2907,1856,1133991.6,552894965000000,5400,3300,100
53,20,33,7653,4007,3646,4763,2907,1856,1133808.4,552810240000000,5200,3300,100
23,11,12,3541,1701,1840,2007,967,1040,1133675.6,552765680000000,2200,1000,0
26,12,14,3308,1336,1972,1576,536,1040,1133579.4,552716657000000,2500,1200,0
23,12,11,3288,1554,1734,2004,876,1128,1133478.6,552667634000000,2200,1400,0
24,11,13,4125,2371,1754,2787,1747,1040,1133382.5,552623074000000,2300,1100,0
20,10,10,2692,1020,1672,1368,364,1004,1133295.5,552582976000000,1700,900,200
86,32,54,11475,6083,5392,6791,4323,2468,1133112.6,552444900000000,8500,5200,0
26,12,14,3292,1320,1972,1560,520,1040,1132920.5,552395944000000,2500,1200,0
26,12,14,3308,1336,1972,1576,536,1040,1132819.9,552346988000000,2500,1200,0
26,12,14,3292,1320,1972,1560,520,1040,1132719.2,552298032000000,2500,1200,0
105,44,61,13103,6913,6190,7315,4439,2876,1132472.9,552106738000000,10400,5900,0
24,11,13,4125,2371,1754,2787,1747,1040,1132231.1,552062278000000,2300,1100,0
85,31,54,11159,5767,5392,6535,4067,2468,1132048.5,551928933000000,8400,5200,0
25,11,14,4643,2371,2272,3251,1747,1504,1131866,551884473000000,2400,1200,0
42,18,24,5020,2072,2948,2202,874,1328,1131742.8,551808942000000,3900,2000,100
22,10,12,2896,1104,1792,1440,436,1004,1131624.2,551768979000000,2000,1000,200
26,12,14,3292,1320,1972,1560,520,1040,1131532.9,551720124000000,2500,1200,0
25,12,13,3226,1320,1906,1560,520,1040,1131432.5,551671302000000,2400,1200,0
23,11,12,4131,2367,1764,2855,1747,1108,1131336.8,551626876000000,2200,1300,100
26,12,14,3292,1320,1972,1560,520,1040,1131241,551578054000000,2500,1200,0
25,13,12,4313,2581,1732,2923,1847,1076,1131136.1,551524804000000,2400,1300,0
89,33,56,11577,5997,5580,6719,4183,2536,1130935.8,551382835000000,8800,5400,0
22,10,12,2896,1104,1792,1440,436,1004,1130749,551342939000000,2000,1000,200
26,12,14,3891,1851,2040,2159,1051,1108,1130657.9,551294150000000,2500,1200,0
26,12,14,3292,1320,1972,1560,520,1040,1130557.6,551245396000000,2500,1200,0
81,30,51,10997,5835,5162,6595,4195,2400,1130375.5,551116849000000,8000,5100,100
26,12,14,3292,1320,1972,1560,520,1040,1130193.5,551068128000000,2500,1200,0
26,12,14,3292,1320,1972,1560,520,1040,1130093.4,551019407000000,2500,1200,0
44,19,25,6303,3505,2798,3887,2447,1440,1129961.4,550939681000000,4300,2600,0
24,11,13,4125,2371,1754,2787,1747,1040,1129834.1,550895390000000,2300,1200,0
10,3,7,740,222,518,0,0,0,1129779.5,550886531000000,700,0,0
26,12,14,3308,1336,1972,1576,536,1040,1129720.4,550837844000000,2500,1200,0
26,12,14,3292,1320,1972,1560,520,1040,1129620.4,550789156000000,2500,1200,0
85,31,54,11303,5911,5392,6679,4211,2468,1129434,550656415000000,8400,5200,0
23,11,12,3541,1701,1840,2007,967,1040,1129252.4,550612190000000,2200,1000,0
88,32,56,11867,6219,5648,7063,4459,2604,1129066.1,550475120000000,8700,5400,0
87,33,54,11407,6015,5392,6663,4195,2468,1128780.2,550333688000000,8600,5200,0
26,12,14,3308,1336,1972,1576,536,1040,1128585.1,550285101000000,2500,1200,0
31,12,19,5529,2647,2882,3815,1979,1836,1128485.2,550236515000000,3000,1900,100
26,12,14,3292,1320,1972,1560,520,1040,1128385.5,550187928000000,2500,1200,0
24,11,13,4117,2367,1750,2787,1747,1040,1128290.2,550143770000000,2300,1100,0
26,12,14,3292,1320,1972,1560,520,1040,1128195,550095183000000,2500,1200,0
26,12,14,3292,1320,1972,1560,520,1040,1128095.2,550046630000000,2500,1200,0
70,27,43,9367,4741,4626,5487,3239,2248,1127927.8,549931908000000,6900,4300,100
88,33,55,11401,5887,5514,6603,4067,2536,1127665.2,549790744000000,8700,5300,0
26,12,14,3292,1320,1972,1560,520,1040,1127470.5,549742258000000,2500,1200,0
84,31,53,11377,5691,5686,6771,3991,2780,1127284.9,549610020000000,8300,5300,0
25,12,13,3396,1554,1842,2004,876,1128,1127099.2,549561534000000,2400,1400,0
22,10,12,4071,2307,1764,2855,1747,1108,1127008.8,549521906000000,2100,1200,100
85,31,54,11159,5767,5392,6535,4067,2468,1126832.4,549389769000000,8400,5200,0
26,12,14,3292,1320,1972,1560,520,1040,1126646.9,549341350000000,2500,1200,0
29,13,16,4241,2001,2240,2311,1135,1176,1126542.9,549288501000000,2800,1400,0
26,12,14,3308,1336,1972,1576,536,1040,1126438.9,549240082000000,2500,1200,0
26,12,14,3292,1320,1972,1560,520,1040,1126339.4,549191697000000,2500,1200,0
21,10,11,3949,2307,1642,2787,1747,1040,1126249,549152103000000,2000,1100,100
26,12,14,3292,1320,1972,1560,520,1040,1126158.5,549103717000000,2500,1200,0
26,12,14,3292,1320,1972,1560,520,1040,1126059.1,549055332000000,2500,1200,0
26,12,14,3292,1320,1972,1560,520,1040,1125959.8,549006946000000,2500,1200,0
26,12,14,3292,1320,1972,1560,520,1040,1125860.2,548958594000000,2500,1200,0
32,15,17,4981,2811,2170,3207,1963,1244,1125747.8,548897055000000,3100,1600,0
85,31,54,11223,5831,5392,6599,4131,2468,1125549.6,548765220000000,8400,5200,0
92,34,58,11995,6295,5700,6963,4427,2536,1125265.5,548620265000000,9100,5500,0
23,11,12,3541,1701,1840,2007,967,1040,1125071.5,548576376000000,2200,1000,0
96,37,59,12557,6667,5890,7291,4619,2672,1124864.1,548418368000000,9500,5800,0
27,13,14,3358,1386,1972,1560,520,1040,1124647.9,548365721000000,2600,1200,0
85,31,54,11287,5895,5392,6663,4195,2468,1124458.6,548234154000000,8400,5200,0
24,11,13,3192,1322,1870,1592,588,1004,1124278.5,548190298000000,2200,1100,200
22,10,12,2896,1104,1792,1440,436,1004,1124193,548150838000000,2000,1000,200
23,11,12,3541,1701,1840,2007,967,1040,1124107.4,548107016000000,2200,1000,0
85,31,54,11223,5831,5392,6599,4131,2468,1123927.4,547975583000000,8400,5200,0
26,12,14,3292,1320,1972,1560,520,1040,1123742.9,547927399000000,2500,1200,0
26,12,14,3292,1320,1972,1560,520,1040,1123643.9,547879215000000,2500,1200,0
29,14,15,3554,1464,2090,1612,520,1092,1123535.9,547822273000000,2800,1300,0
22,10,12,2896,1104,1792,1440,436,1004,1123436.9,547782880000000,2000,1000,200
89,35,54,11527,6135,5392,6663,4195,2468,1123243.8,547634100000000,8800,5300,0
91,33,58,12013,6189,5824,7047,4375,2672,1122947.5,547494111000000,9000,5700,0
26,12,14,3308,1336,1972,1576,536,1040,1122754.4,547446027000000,2500,1200,0
26,12,14,3292,1320,1972,1560,520,1040,1122655.5,547397944000000,2500,1200,0
26,12,14,3891,1851,2040,2159,1051,1108,1122556.6,547349860000000,2500,1200,0
26,12,14,3292,1320,1972,1560,520,1040,1122457.9,547301777000000,2500,1200,0
105,46,59,12777,6887,5890,6971,4299,2672,1122206.8,547105215000000,10400,5700,0
25,12,13,3570,1248,2322,1904,436,1468,1121955.8,547057165000000,2300,1100,200
94,34,60,11887,6059,5828,6735,4183,2552,1121758.5,546913150000000,9200,5600,0
92,37,55,11897,6383,5514,6859,4323,2536,1121449.5,546756081000000,9100,5300,0
22,10,12,2896,1104,1792,1440,436,1004,1121247.9,546716856000000,2000,1000,200
23,10,13,3426,1104,2322,1904,436,1468,1121167.2,546677597000000,2100,1100,200
30,17,13,1774,1020,754,0,0,0,1128058.8,550451464000000,1300,0,800
161,60,101,18324,6842,11482,7534,2858,4676,1134722.8,550192592000000,15800,9300,0
3,2,1,178,120,58,0,0,0,1134451.5,550188230000000,100,0,100
95,40,55,11875,6417,5458,6651,4183,2468,1134270.5,550017270000000,9400,5400,0
23,10,13,3386,1104,2282,1864,436,1428,1134053.2,549977810000000,2100,1100,200
36,15,21,4578,1872,2706,2186,874,1312,1133949.1,549916473000000,3500,2000,0
99,34,65,13283,6393,6890,7863,4523,3340,1133736.6,549771954000000,9700,6100,0
55,22,33,7815,4237,3578,4811,3023,1788,1133492.6,549680014000000,5300,3300,200
101,46,55,12245,6731,5514,6667,4131,2536,1133194.5,549483117000000,10000,5400,0
26,12,14,3292,1320,1972,1560,520,1040,1132941.8,549435034000000,2500,1200,0
23,12,11,4069,2427,1642,2787,1747,1040,1132842.4,549386916000000,2100,1100,200
87,32,55,11537,6011,5526,6787,4251,2536,1132652.8,549251424000000,8600,5300,0
2,1,1,118,60,58,0,0,0,1132513,549251424000000,100,0,0
39,18,21,5717,3195,2522,3559,2179,1380,1132436.2,549177134000000,3800,2000,0
86,31,55,11281,5767,5514,6603,4067,2536,1132224.2,549046104000000,8500,5300,0
24,11,13,4117,2367,1750,2787,1747,1040,1132043.9,549002416000000,2300,1100,0
24,11,13,4181,2431,1750,2851,1811,1040,1131953.8,548958762000000,2300,1100,0
24,16,8,1536,1008,528,0,0,0,1132122.4,548901585000000,800,0,800
88,31,57,11707,6005,5702,6915,4311,2604,1132200.8,548770689000000,8700,5500,0
85,31,54,11159,5767,5392,6535,4067,2468,1131930.5,548639861000000,8400,5200,0
85,31,54,11159,5767,5392,6535,4067,2468,1131660.2,548509065000000,8400,5200,0
90,33,57,11827,6125,5702,6915,4311,2604,1131381.2,548369647000000,8900,5500,0
32,15,17,4088,1722,2366,1960,724,1236,1131174.2,548308645000000,3100,1800,0
85,31,54,11287,5895,5392,6663,4195,2468,1130976.4,548178051000000,8400,5200,0
94,32,62,12297,6021,6276,7171,4259,2912,1130702.2,548043129000000,9200,5900,0
87,32,55,11341,5827,5514,6603,4067,2536,1130423.8,547908273000000,8600,5300,0
24,11,13,4125,2371,1754,2787,1747,1040,1130239.6,547864787000000,2300,1100,0
3,2,1,178,120,58,0,0,0,1130190.1,547860458000000,100,0,100
22,10,12,2896,1104,1792,1440,436,1004,1130145.2,547821334000000,2000,1000,200
3,2,1,178,120,58,0,0,0,1130100.2,547816972000000,100,0,100
26,12,14,3292,1320,1972,1560,520,1040,1130046.4,547769157000000,2500,1200,0
26,12,14,3292,1320,1972,1560,520,1040,1129947.5,547721342000000,2500,1200,0
85,31,54,11351,5959,5392,6727,4259,2468,1129763.5,547591016000000,8400,5200,0
26,12,14,3292,1320,1972,1560,520,1040,1129579.5,547543235000000,2500,1200,0
14,7,7,2925,1619,1306,2135,1215,920,1129503.2,547517196000000,1300,500,0
26,12,14,3292,1320,1972,1560,520,1040,1129426.9,547469415000000,2500,1200,0
22,10,12,2896,1104,1792,1440,436,1004,1129337.1,547430358000000,2000,1000,200
88,36,52,10378,4402,5976,4518,1982,2536,1129139.9,547278457000000,8700,5100,0
23,11,12,3541,1701,1840,2007,967,1040,1128938.2,547235071000000,2200,1000,0
95,37,58,11904,4620,7284,5570,2134,3436,1128732.1,547078942000000,9400,5600,0
90,35,55,11709,6263,5446,6791,4323,2468,1128418.8,546931571000000,8900,5300,0
56,26,30,7617,4257,3360,4511,2791,1720,1128154.6,546823257000000,5500,3000,100
26,12,14,3292,1320,1972,1560,520,1040,1127993.5,546775610000000,2500,1200,0
14,7,7,2925,1619,1306,2135,1215,920,1127917.4,546749639000000,1300,500,0
3,2,1,184,122,62,0,0,0,1127886.1,546745310000000,100,0,100
53,21,32,7655,4131,3524,4759,2971,1788,1127792.1,546658706000000,5100,3200,200
90,33,57,11901,6143,5758,6995,4323,2672,1127559.6,546520227000000,8900,5500,0
30,13,17,5918,2504,3414,4246,1770,2476,1127363,546468318000000,2900,1600,0
55,21,34,7819,4067,3752,4815,2907,1908,1127220.1,546381815000000,5300,3400,200
88,33,55,11455,5997,5458,6651,4183,2468,1126987.9,546243470000000,8700,5300,0
26,12,14,3308,1336,1972,1576,536,1040,1126795.9,546195924000000,2500,1200,0
85,31,54,11159,5767,5392,6535,4067,2468,1126612.9,546066303000000,8400,5200,0
24,11,13,4117,2367,1750,2787,1747,1040,1126434.4,546023118000000,2300,1100,0
22,10,12,2896,1104,1792,1440,436,1004,1126349.6,545984229000000,2000,1000,200
91,34,57,11691,6057,5634,6719,4183,2536,1126162.2,545841790000000,9000,5500,0
24,11,13,4181,2431,1750,2851,1811,1040,1125970.5,545798606000000,2300,1100,0
93,35,58,12461,6141,6320,7375,4195,3180,1125774.6,545651939000000,9200,5600,0
26,12,14,3292,1320,1972,1560,520,1040,1125574.2,545604493000000,2500,1200,0
26,12,14,3292,1320,1972,1560,520,1040,1125476.2,545557081000000,2500,1200,0
86,32,54,11475,6083,5392,6791,4323,2468,1125289.1,545423433000000,8500,5200,0
26,12,14,3292,1320,1972,1560,520,1040,1125102.1,545376055000000,2500,1200,0
26,12,14,3292,1320,1972,1560,520,1040,1125004.1,545328642000000,2500,1200,0
36,16,20,5461,3105,2356,3483,2215,1268,1124888.5,545264050000000,3500,2100,0
85,31,54,11303,5911,5392,6679,4211,2468,1124688.2,545134865000000,8400,5200,0
24,11,13,4117,2367,1750,2787,1747,1040,1124510.4,545091815000000,2300,1100,0
86,31,55,11351,5893,5458,6667,4199,2468,1124332.5,544962731000000,8500,5300,0
24,11,13,4117,2367,1750,2787,1747,1040,1124154.8,544919714000000,2300,1100,0
24,11,13,4117,2367,1750,2787,1747,1040,1124065.9,544876697000000,2300,1100,0
32,12,20,5154,1354,3800,2986,546,2440,1123972.8,544829386000000,3000,1700,0
26,12,14,3292,1320,1972,1560,520,1040,1123875.2,544782108000000,2500,1200,0
26,12,14,3292,1320,1972,1560,520,1040,1123777.5,544734829000000,2500,1200,0
24,11,13,4117,2367,1750,2787,1747,1040,1123684.2,544691846000000,2300,1100,0
26,12,14,3292,1320,1972,1560,520,1040,1123590.9,544644568000000,2500,1200,0
26,12,14,3292,1320,1972,1560,520,1040,1123493.2,544597290000000,2500,1200,0
26,12,14,3292,1320,1972,1560,520,1040,1123395.5,544550045000000,2500,1200,0
26,12,14,3308,1336,1972,1576,536,1040,1123297.9,544502800000000,2500,1200,0
85,31,54,11287,5895,5392,6663,4195,2468,1123116,544373985000000,8400,5200,0
96,41,55,12009,6495,5514,6731,4195,2536,1122805.6,544202321000000,9500,5300,0
86,32,54,11219,5827,5392,6535,4067,2468,1122491.1,544069378000000,8500,5300,0
29,13,16,3502,1386,2116,1560,520,1040,1122300.6,544017905000000,2800,1200,0
24,11,13,4117,2367,1750,2787,1747,1040,1122203.1,543975056000000,2300,1100,0
23,11,12,3541,1701,1840,2007,967,1040,1122114.6,543932174000000,2200,1000,0
25,12,13,3242,1336,1906,1576,536,1040,1122021.6,543885063000000,2400,1200,0
29,14,15,3554,1464,2090,1612,520,1092,1121915.2,543829363000000,2800,1300,0
86,32,54,11235,5843,5392,6551,4083,2468,1121720.6,543696555000000,8500,5200,0
36,16,20,5461,3105,2356,3483,2215,1268,1121517.1,543632331000000,3500,2100,0
21,14,7,1246,840,406,0,0,0,1126162.6,546529757000000,700,0,700
26,12,14,3308,1336,1972,1576,536,1040,1130825,546482445000000,2500,1200,0
26,12,14,3308,1336,1972,1576,536,1040,1130726.9,546435100000000,2500,1200,0
42,17,25,6371,3497,2874,4075,2559,1516,1130606.5,546366279000000,4100,2500,100
26,12,14,3340,1368,1972,1608,568,1040,1130486.1,546319001000000,2500,1200,0
26,12,14,3308,1336,1972,1576,536,1040,1130388.1,546271689000000,2500,1200,0
41,17,24,5817,3165,2652,3551,2215,1336,1130267.8,546202903000000,4000,2200,0
88,34,54,11547,6155,5392,6743,4275,2468,1130049.6,546061102000000,8700,5200,0
22,10,12,2896,1104,1792,1440,436,1004,1129862.6,546022447000000,2000,1000,200
31,14,17,3686,1464,2222,1612,520,1092,1129764.6,545966613000000,3000,1300,0
26,12,14,3308,1336,1972,1576,536,1040,1129657.8,545919368000000,2500,1200,0
85,31,54,11175,5783,5392,6551,4083,2468,1129475.4,545790586000000,8400,5200,0
97,42,55,12193,6747,5446,6855,4387,2468,1129159.8,545614694000000,9600,5300,0
37,16,21,5583,3105,2478,3551,2215,1336,1128911,545550370000000,3600,2200,0
26,12,14,3292,1320,1972,1560,520,1040,1128795.4,545503192000000,2500,1200,0
50,20,30,7309,3961,3348,4575,2855,1720,1128662.1,545421756000000,4900,3000,100
23,11,12,3541,1701,1840,2007,967,1040,1128533.4,545378907000000,2200,1000,0
26,12,14,3292,1320,1972,1560,520,1040,1128440,545331763000000,2500,1200,0
26,12,14,3292,1320,1972,1560,520,1040,1128342.2,545284652000000,2500,1200,0
26,12,14,3292,1320,1972,1560,520,1040,1128244.6,545237508000000,2500,1200,0
26,12,14,3292,1320,1972,1560,520,1040,1128146.9,545190431000000,2500,1200,0
26,12,14,3891,1851,2040,2159,1051,1108,1128049.2,545143321000000,2500,1200,0
26,12,14,3292,1320,1972,1560,520,1040,1127951.6,545096211000000,2500,1200,0
28,13,15,3440,1394,2046,1560,520,1040,1127849.5,545044872000000,2600,1200,0
3,2,1,178,120,58,0,0,0,1127791.9,545040577000000,100,0,100
24,11,13,4117,2367,1750,2787,1747,1040,1127743,544997795000000,2300,1100,0
7,4,3,420,246,174,0,0,0,1127685.4,544984944000000,600,0,0
29,13,16,4241,2001,2240,2311,1135,1176,1127618.9,544933606000000,2800,1400,0
23,11,12,2956,1164,1792,1440,436,1004,1127521.2,544890824000000,2000,1000,300
26,12,14,3292,1320,1972,1560,520,1040,1127428.1,544843781000000,2500,1200,0
90,35,55,11453,6007,5446,6535,4067,2468,1127229.1,544698389000000,8900,5300,0
3,2,1,178,120,58,0,0,0,1127074.5,544694128000000,100,0,100
26,12,14,3292,1320,1972,1560,520,1040,1127021.2,544647118000000,2500,1200,0
85,31,54,11159,5767,5392,6535,4067,2468,1126839.8,544518907000000,8400,5200,0
88,33,55,11401,5887,5514,6603,4067,2536,1126565.4,544382273000000,8700,5400,0
24,11,13,4125,2371,1754,2787,1747,1040,1126379.5,544339558000000,2300,1100,0
87,32,55,11475,5961,5514,6731,4195,2536,1126198.2,544207253000000,8600,5300,0
26,12,14,3292,1320,1972,1560,520,1040,1126012.5,544160344000000,2500,1200,0
23,11,12,3557,1717,1840,2023,983,1040,1125919.6,544117663000000,2200,1000,0
24,11,13,4133,2383,1750,2803,1763,1040,1125831.2,544075015000000,2300,1100,0
23,11,12,2956,1164,1792,1440,436,1004,1125742.8,544032367000000,2000,1000,300
27,12,15,3358,1320,2038,1560,520,1040,1125649.9,543985492000000,2600,1200,0
24,11,13,4117,2367,1750,2787,1747,1040,1125557.1,543942844000000,2300,1100,0
8,5,3,504,302,202,32,0,32,1125495.2,543925798000000,600,100,200
48,22,26,8314,4814,3500,5654,3574,2080,1125389.8,543836275000000,4600,2200,0
78,30,48,10305,5485,4820,6059,3839,2220,1125173.9,543712761000000,7700,4900,0
26,12,14,3308,1336,1972,1576,536,1040,1124997.4,543665886000000,2500,1200,0
32,15,17,4218,1588,2630,2424,724,1700,1124887,543606293000000,3100,1800,0
97,34,63,12873,6167,6706,7571,4299,3272,1124679.9,543465834000000,9600,6000,0
26,12,14,3292,1320,1972,1560,520,1040,1124485.9,543419026000000,2500,1200,0
94,33,61,12481,6347,6134,7347,4539,2808,1124296.2,543282929000000,9300,6000,0
36,16,20,5461,3105,2356,3483,2215,1268,1124089.2,543219142000000,3500,2100,0
28,13,15,3456,1410,2046,1576,536,1040,1123970.2,543168139000000,2600,1200,0
27,12,15,3370,1320,2050,1560,520,1040,1123868.9,543121364000000,2600,1200,0
19,10,9,3569,2103,1466,2503,1531,972,1123780.8,543083112000000,1600,800,300
26,12,14,3907,1867,2040,2175,1067,1108,1123692.6,543036405000000,2500,1200,0
23,10,13,2970,1104,1866,1440,436,1004,1123604.6,542998153000000,2100,1000,200
26,12,14,3308,1336,1972,1576,536,1040,1123516.5,542951445000000,2500,1200,0
88,33,55,11333,5887,5446,6535,4067,2468,1123327.2,542815549000000,8700,5300,0
24,11,13,2904,1150,1754,1560,520,1040,1123142.5,542773103000000,2300,1100,0
22,10,12,2896,1104,1792,1440,436,1004,1123059,542734918000000,2000,1000,200
114,52,62,13689,7377,6312,7367,4423,2944,1122795.2,542518559000000,11300,6000,0
22,10,12,2896,1104,1792,1440,436,1004,1122531.6,542480408000000,2000,1000,200
87,39,48,10971,6027,4944,6167,3835,2332,1122325.2,542319346000000,8600,4900,100
95,39,56,12145,6565,5580,6927,4391,2536,1121991.6,542158352000000,9400,5400,0
26,12,14,3292,1320,1972,1560,520,1040,1121776.6,542111779000000,2500,1200,0
20,10,10,3785,2197,1588,2671,1631,1040,1121688.9,542073694000000,1900,1000,100
24,11,13,4117,2367,1750,2787,1747,1040,1121605.5,542031349000000,2300,1100,0
26,12,14,3308,1336,1972,1576,536,1040,1121513.4,541984809000000,2500,1200,0
22,10,12,2896,1104,1792,1440,436,1004,1121425.6,541946724000000,2000,1000,200
26,12,14,3308,1336,1972,1576,536,1040,1121337.9,541900184000000,2500,1200,0
26,12,14,3292,1320,1972,1560,520,1040,1121241.4,541853644000000,2500,1200,0
78,32,46,9306,3646,5660,4082,1478,2604,1121057.6,541722547000000,7700,4100,0
24,11,13,4125,2371,1754,2787,1747,1040,1120878.4,541680269000000,2300,1100,0
24,11,13,4125,2371,1754,2787,1747,1040,1120790.6,541637990000000,2300,1100,0
26,12,14,3292,1320,1972,1560,520,1040,1120698.6,541591484000000,2500,1200,0
2,1,1,118,60,58,0,0,0,1120650.5,541591484000000,100,0,0
27,12,15,3358,1320,2038,1560,520,1040,1120602.2,541545011000000,2600,1200,0
90,36,54,11667,6275,5392,6743,4275,2468,1120400.9,541397170000000,8900,5300,0
25,12,13,3226,1320,1906,1560,520,1040,1120199.6,541350731000000,2400,1200,0
26,12,14,3292,1320,1972,1560,520,1040,1120103.4,541304291000000,2500,1200,0
22,10,12,2896,1104,1792,1440,436,1004,1120015.8,541266308000000,2000,1000,200
97,37,60,12419,6463,5956,7087,4415,2672,1119819,541114373000000,9600,5800,0
25,12,13,4185,2431,1754,2787,1747,1040,1119613.5,541068001000000,2200,1100,300
31,13,18,5109,2817,2292,3407,2095,1312,1119513,541017367000000,3000,1800,100
24,11,13,4125,2371,1754,2787,1747,1040,1119416.9,540975223000000,2300,1100,0
26,12,14,3292,1320,1972,1560,520,1040,1119325.1,540928851000000,2500,1200,0
26,12,14,3308,1336,1972,1576,536,1040,1119228.9,540882479000000,2500,1200,0
85,31,54,11159,5767,5392,6535,4067,2468,1119049.9,540756045000000,8400,5200,0
75,28,47,10177,5367,4810,6099,3835,2264,1118801.1,540642329000000,7400,4700,100
22,10,12,2896,1104,1792,1440,436,1004,1118644,540604447000000,2000,1000,200
39,18,21,5635,3225,2410,3483,2215,1268,1118530.5,540532875000000,3800,2200,0
26,12,14,3292,1320,1972,1560,520,1040,1118408.4,540486570000000,2500,1200,0
23,11,12,3557,1717,1840,2023,983,1040,1118316.8,540444493000000,2200,1000,0
23,11,12,3557,1717,1840,2023,983,1040,1118229.5,540402415000000,2200,1000,0
85,31,54,11287,5895,5392,6663,4195,2468,1118055.1,540276217000000,8400,5200,0
29,13,16,4241,2001,2240,2311,1135,1176,1117872.1,540225751000000,2800,1400,0
5,3,2,292,180,112,0,0,0,1117811.1,540217329000000,200,0,200
26,12,14,3012,1204,1808,1560,520,1040,1117754.4,540171091000000,2500,1200,0
27,14,13,3728,1886,1842,2228,1100,1128,1117650,540116431000000,2600,1600,0
26,12,14,3292,1320,1972,1560,520,1040,1117545.8,540070226000000,2500,1200,0
9,3,6,528,180,348,0,0,0,1117696.1,540082876000000,600,0,100
26,12,14,3907,1867,2040,2175,1067,1108,1117846.5,540036638000000,2500,1200,0
83,30,53,11378,5504,5874,6850,3858,2992,1117672.4,539914836000000,8100,5300,200
26,12,14,3292,1320,1972,1560,520,1040,1117498.2,539868631000000,2500,1200,0
26,12,14,3308,1336,1972,1576,536,1040,1117402.4,539822461000000,2500,1200,0
85,31,54,11175,5783,5392,6551,4083,2468,1117224,539696531000000,8400,5200,0
112,50,62,13707,7227,6480,7451,4383,3068,1116881,539491010000000,10900,5600,0
27,12,15,3358,1320,2038,1560,520,1040,1116620.8,539444872000000,2600,1200,0
64,25,39,9215,4533,4682,5707,3139,2568,1116468.9,539344276000000,6300,3900,100
24,11,13,4181,2431,1750,2851,1811,1040,1116321.2,539302367000000,2300,1100,0
91,35,56,12167,6135,6032,7195,4195,3000,1116130.2,539159962000000,9000,5400,0
25,12,13,4185,2431,1754,2787,1747,1040,1115934.9,539113892000000,2400,1100,0
24,11,13,3056,1186,1870,1456,452,1004,1115843.8,539072016000000,2200,1100,200
86,31,55,11281,5767,5514,6603,4067,2536,1115670.2,538946455000000,8500,5300,0
92,33,59,11997,6107,5890,6971,4299,2672,1115401.4,538812573000000,9100,5700,0
77,29,48,10487,5555,4932,6295,3963,2332,1115141.4,538695501000000,7500,4800,200
26,12,14,3292,1320,1972,1560,520,1040,1114972.2,538649498000000,2500,1200,0
26,12,14,3292,1320,1972,1560,520,1040,1114877,538603529000000,2500,1200,0
26,12,14,3292,1320,1972,1560,520,1040,1114781.6,538557559000000,2500,1200,0
76,29,47,10339,5461,4878,6195,3863,2332,1114612.8,538440588000000,7400,4700,200
22,10,12,2896,1104,1792,1440,436,1004,1114452.5,538403007000000,2000,1000,200
25,11,14,4247,2371,1876,2855,1747,1108,1114370.2,538361232000000,2400,1200,0
26,12,14,3012,1204,1808,1560,520,1040,1114279.4,538315330000000,2500,1200,0
104,44,60,13127,6723,6404,7383,4247,3136,1114046,538135847000000,10200,5700,0
30,14,16,3836,1572,2264,1840,640,1200,1113805.2,538081623000000,2900,1600,0
85,31,54,11159,5767,5392,6535,4067,2468,1113620.5,537956532000000,8400,5200,0
24,11,13,4337,2571,1766,2987,1947,1040,1113447.6,537914824000000,2300,1100,0
23,11,12,3557,1717,1840,2023,983,1040,1113361.2,537873149000000,2200,1000,0
26,12,14,3292,1320,1972,1560,520,1040,1113270.5,537827314000000,2500,1200,0
94,44,50,11006,4994,6012,4774,2082,2692,1113037.1,537648167000000,9300,4900,0
96,37,59,12611,6777,5834,7339,4735,2604,1112696.1,537498279000000,9500,5700,0
94,36,58,12001,6177,5824,6855,4183,2672,1112390,537352653000000,9300,5700,0
90,35,55,11469,6023,5446,6551,4083,2468,1112092.5,537211255000000,8900,5300,0
24,11,13,4181,2431,1750,2851,1811,1040,1111902.9,537169681000000,2300,1100,0
26,12,14,3292,1320,1972,1560,520,1040,1111812.4,537123946000000,2500,1200,0
85,31,54,11415,6023,5392,6791,4323,2468,1111635.8,536999291000000,8400,5200,0
26,12,14,3891,1851,2040,2159,1051,1108,1111459.2,536953590000000,2500,1200,0
26,12,14,3292,1320,1972,1560,520,1040,1111364.5,536907923000000,2500,1200,0
23,11,12,2956,1164,1792,1440,436,1004,1111274,536866382000000,2000,1000,300
88,34,54,11339,5947,5392,6535,4067,2468,1111089,536729413000000,8700,5200,0
26,12,14,3292,1320,1972,1560,520,1040,1110899.8,536683745000000,2500,1200,0
26,12,14,3292,1320,1972,1560,520,1040,1110805,536638111000000,2500,1200,0
88,33,55,11661,6079,5582,6863,4259,2604,1110620.1,536505370000000,8700,5500,100
24,11,13,4117,2367,1750,2787,1747,1040,1110439.6,536463930000000,2300,1100,0
26,12,14,3891,1851,2040,2159,1051,1108,1110349.4,536418296000000,2500,1200,0
26,12,14,3292,1320,1972,1560,520,1040,1110254.8,536372729000000,2500,1200,0
29,13,16,4241,2001,2240,2311,1135,1176,1110156,536322968000000,2800,1400,0
33,14,19,5663,2877,2786,3847,2095,1752,1110048.5,536269113000000,3100,1900,200
26,12,14,3292,1320,1972,1560,520,1040,1109945.5,536223546000000,2500,1200,0
26,12,14,3292,1320,1972,1560,520,1040,1109851,536177979000000,2500,1200,0
84,31,53,11173,5767,5406,6603,4067,2536,1109675,536053761000000,8200,5400,200
26,12,14,3292,1320,1972,1560,520,1040,1109499.1,536008228000000,2500,1200,0
26,12,14,3292,1320,1972,1560,520,1040,1109404.6,535962694000000,2500,1200,0
26,12,14,3292,1320,1972,1560,520,1040,1109310.2,535917194000000,2500,1200,0
10,4,6,726,282,444,0,0,0,1109250.2,535904779000000,600,0,100
22,10,12,2896,1104,1792,1440,436,1004,1109198.9,535867534000000,2000,1000,200
85,31,54,11159,5767,5392,6535,4067,2468,1109031.6,535743450000000,8400,5200,0
34,16,18,4474,2138,2336,2596,1244,1352,1108838.8,535681441000000,3300,2200,0
32,15,17,4088,1722,2366,1960,724,1236,1108714.5,535623560000000,3100,1800,0
85,31,54,11287,5895,5392,6663,4195,2468,1108526.1,535499609000000,8400,5200,0
86,31,55,11213,5767,5446,6535,4067,2468,1108269.2,535375693000000,8500,5300,0
93,39,54,11639,6247,5392,6535,4067,2468,1107978.2,535218826000000,9200,5300,0
85,31,54,11159,5767,5392,6535,4067,2468,1107687.5,535095044000000,8400,5200,0
26,12,14,3012,1204,1808,1560,520,1040,1107512.1,535049678000000,2500,1200,0
23,11,12,3541,1701,1840,2007,967,1040,1107422.4,535008440000000,2200,1000,0
45,23,22,6071,3495,2576,3559,2179,1380,1107285.8,534917742000000,4400,2100,0
97,39,58,12127,6247,5880,6807,4067,2740,1107029.6,534761144000000,9600,5600,0
26,12,14,3292,1320,1972,1560,520,1040,1106820.5,534715811000000,2500,1200,0
47,19,28,6899,3727,3172,4327,2675,1652,1106696.6,534641690000000,4500,2800,200
36,16,20,5461,3105,2356,3483,2215,1268,1106555.8,534579916000000,3500,2100,0
75,29,46,9971,5315,4656,5875,3723,2152,1106372.2,534464657000000,7400,4700,0
27,12,15,3358,1320,2038,1560,520,1040,1106205.9,534419392000000,2600,1200,0
26,12,14,3308,1336,1972,1576,536,1040,1106112,534374127000000,2500,1200,0
26,12,14,3292,1320,1972,1560,520,1040,1106018.1,534328895000000,2500,1200,0
31,13,18,5067,2707,2360,3359,1979,1380,1105920.1,534279537000000,2900,1800,200
23,11,12,3541,1701,1840,2007,967,1040,1105826.2,534238433000000,2200,1000,0
85,31,54,11287,5895,5392,6663,4195,2468,1105655.9,534115086000000,8400,5200,0
26,12,14,3292,1320,1972,1560,520,1040,1105481.2,534069889000000,2500,1200,0
34,15,19,5357,3003,2354,3471,2159,1312,1105374.8,534012376000000,3100,1800,200
26,12,14,3292,1320,1972,1560,520,1040,1105268.2,533967179000000,2500,1200,0
44,18,26,6681,3685,2996,4271,2687,1584,1105149,533897352000000,4300,2600,100
4,2,2,246,122,124,0,0,0,1105072.5,533893258000000,200,0,100
36,16,20,5461,3105,2356,3483,2215,1268,1105004.4,533831652000000,3500,2100,0
26,12,14,3292,1320,1972,1560,520,1040,1104893.6,533786488000000,2500,1200,0
23,11,12,3541,1701,1840,2007,967,1040,1104804.2,533745451000000,2200,1000,0
16,8,8,3105,1745,1360,2207,1287,920,1104731.9,533716728000000,1500,600,0
86,31,55,11281,5767,5514,6603,4067,2536,1104574.6,533593651000000,8500,5300,0
26,12,14,3292,1320,1972,1560,520,1040,1104400.2,533548520000000,2500,1200,0
23,11,12,3557,1717,1840,2023,983,1040,1104311,533507516000000,2200,1000,0
3,2,1,184,122,62,0,0,0,1104264.1,533503423000000,100,0,100
102,38,64,12730,4762,7968,5970,2234,3736,1104103.1,533351757000000,10100,6000,0
80,29,51,11129,5507,5622,6763,3915,2848,1103827.4,533237001000000,7900,5000,100
85,37,48,9860,4304,5556,4198,1866,2332,1103555.8,533089596000000,8200,4700,200
26,12,14,3308,1336,1972,1576,536,1040,1103356.2,533044566000000,2500,1200,0
26,12,14,3292,1320,1972,1560,520,1040,1103262.9,532999536000000,2500,1200,0
26,12,14,3012,1204,1808,1560,520,1040,1103169.5,532954506000000,2500,1200,0
26,12,14,3012,1204,1808,1560,520,1040,1103076.1,532909509000000,2500,1200,0
32,18,14,4194,2322,1872,2384,1288,1096,1102957.4,532839951000000,3100,1500,0
74,28,46,10077,5321,4756,6047,3783,2264,1102770.9,532729557000000,7200,4600,200
29,16,13,3848,2006,1842,2228,1100,1128,1102593.2,532668219000000,2800,1600,0
85,31,54,11159,5767,5392,6535,4067,2468,1102403,532545611000000,8400,5200,0
24,11,13,4125,2371,1754,2787,1747,1040,1102233.6,532504776000000,2300,1100,0
22,10,12,2896,1104,1792,1440,436,1004,1102153.1,532468000000000,2000,1000,200
24,11,13,4181,2431,1750,2851,1811,1040,1102072.6,532427164000000,2300,1100,0
39,26,13,2314,1560,754,0,0,0,1108837.2,535347474000000,1300,0,1300
52,19,33,7769,3623,4146,4907,2559,2348,1115566,535273587000000,5100,3200,100
74,28,46,8734,3570,5164,3794,1698,2096,1115373.4,535162790000000,7100,4200,0
26,12,14,3012,1204,1808,1560,520,1040,1115210.8,535117659000000,2500,1200,0
84,30,54,11291,5899,5392,6727,4259,2468,1115039.5,534998742000000,8300,5200,0
23,11,12,3557,1717,1840,2023,983,1040,1114872.6,534957739000000,2200,1000,0
23,10,13,2970,1104,1866,1440,436,1004,1114791.4,534920863000000,2100,1000,200
94,32,62,12113,5937,6176,6991,4183,2808,1114620.2,534793826000000,9300,5800,0
34,17,17,5227,3057,2170,3339,2095,1244,1114419.4,534728260000000,3300,1700,100
27,12,15,3358,1320,2038,1560,520,1040,1114304,534683230000000,2600,1200,0
85,31,54,11159,5767,5392,6535,4067,2468,1114128.8,534560387000000,8400,5200,0
23,11,12,3541,1701,1840,2007,967,1040,1113957.9,534519451000000,2200,1000,0
87,32,55,11603,6145,5458,6859,4391,2468,1113782.8,534392615000000,8600,5300,0
23,10,13,3386,1104,2282,1864,436,1428,1113612,534355806000000,2100,1100,200
26,12,14,3308,1336,1972,1576,536,1040,1113526.6,534310810000000,2500,1200,0
28,13,15,3440,1394,2046,1560,520,1040,1113428.4,534261753000000,2600,1200,0
26,12,14,3618,1238,2380,1888,436,1452,1113330.2,534216756000000,2200,1100,300
26,12,14,3292,1320,1972,1560,520,1040,1113236.4,534171793000000,2500,1200,0
24,11,13,4117,2367,1750,2787,1747,1040,1113146.8,534130924000000,2300,1100,0
84,30,54,11099,5707,5392,6535,4067,2468,1112980.4,534012443000000,8300,5200,0
26,12,14,3012,1204,1808,1560,520,1040,1112809.9,533967514000000,2500,1200,0
23,11,12,3541,1701,1840,2007,967,1040,1112720.4,533926678000000,2200,1000,0
26,12,14,4361,2489,1872,2923,1815,1108,1112630.8,533881749000000,2500,1400,0
26,12,14,3012,1204,1808,1560,520,1040,1112537,533836853000000,2500,1200,0
15,4,11,1222,280,942,192,0,192,1112477.4,533824606000000,1300,600,0
24,11,13,4181,2431,1750,2851,1811,1040,1112422.1,533783770000000,2300,1100,0
26,12,14,3292,1320,1972,1560,520,1040,1112332.6,533738908000000,2500,1200,0
28,12,16,3460,1348,2112,1576,536,1040,1112238.9,533694012000000,2700,1200,0
58,23,35,7891,4201,3690,4707,2927,1780,1112098.4,533604254000000,5700,3500,0
107,52,55,12489,7043,5446,6551,4083,2468,1111788.4,533396317000000,10600,5300,0
91,36,55,11581,6083,5498,6603,4083,2520,1111423.2,533253711000000,9000,5300,0
26,12,14,3292,1320,1972,1560,520,1040,1111227.8,533208916000000,2500,1200,0
24,11,13,3044,1178,1866,1440,436,1004,1111138.5,533168180000000,2100,1000,200
22,10,12,2896,1104,1792,1440,436,1004,1111057.6,533131539000000,2000,1000,200
38,18,20,5581,3225,2356,3483,2215,1268,1110947.2,533062350000000,3700,2200,0
24,11,13,4125,2371,1754,2787,1747,1040,1110832.5,533021648000000,2300,1100,0
26,12,14,3308,1336,1972,1576,536,1040,1110743.2,532976887000000,2500,1200,0
26,12,14,3292,1320,1972,1560,520,1040,1110649.8,532932125000000,2500,1200,0
23,11,12,3541,1701,1840,2007,967,1040,1110560.6,532891423000000,2200,1000,0
23,11,12,4077,2377,1700,2787,1747,1040,1110475.6,532850756000000,2200,1100,0
90,36,54,12121,6265,5856,7191,4259,2932,1110284.8,532708451000000,8900,5200,0
26,12,14,3308,1336,1972,1576,536,1040,1110089.6,532663723000000,2500,1200,0
85,31,54,11351,5959,5392,6727,4259,2468,1109915.8,532541820000000,8400,5200,0
94,34,60,12051,6231,5820,6899,4363,2536,1109648.6,532407803000000,9300,5500,0
26,12,14,3308,1336,1972,1576,536,1040,1109462.2,532363142000000,2500,1200,0
32,14,18,5169,2877,2292,3407,2095,1312,1109360.5,532310361000000,3000,1800,200
26,12,14,3292,1320,1972,1560,520,1040,1109258.9,532265734000000,2500,1200,0
24,11,13,4117,2367,1750,2787,1747,1040,1109169.9,532225133000000,2300,1100,0
86,33,53,11201,5839,5362,6511,4019,2492,1108992.1,532095345000000,8500,5400,0
3,2,1,184,122,62,0,0,0,1108852.5,532091284000000,100,0,100
91,36,55,11529,6083,5446,6551,4083,2468,1108700.1,531949383000000,9000,5300,0
86,32,54,11415,6011,5404,6719,4251,2468,1108421,531823755000000,8500,5300,0
23,11,12,4071,2371,1700,2787,1747,1040,1108247.8,531783221000000,2200,1100,0
24,11,13,3192,1322,1870,1592,588,1004,1108163.1,531742721000000,2200,1100,200
14,5,9,1110,340,770,160,0,160,1108104,531726514000000,1100,500,100
86,31,55,11281,5767,5514,6603,4067,2536,1107960.5,531605047000000,8500,5300,0
26,12,14,3292,1320,1972,1560,520,1040,1107787.2,531560520000000,2500,1200,0
23,11,12,3541,1701,1840,2007,967,1040,1107698.5,531520054000000,2200,1000,0
88,34,54,11339,5947,5392,6535,4067,2468,1107517,531386541000000,8700,5300,0
26,12,14,3292,1320,1972,1560,520,1040,1107331.2,531342048000000,2500,1200,0
26,12,14,3308,1336,1972,1576,536,1040,1107238.4,531297554000000,2500,1200,0
26,12,14,3292,1320,1972,1560,520,1040,1107145.4,531253095000000,2500,1200,0
29,13,16,4241,2001,2240,2311,1135,1176,1107048.4,531204575000000,2800,1400,0
24,11,13,4295,2477,1818,2971,1863,1108,1106955.5,531164176000000,2300,1300,100
23,11,12,3541,1701,1840,2007,967,1040,1106871.1,531123742000000,2200,1000,0
26,12,14,3292,1320,1972,1560,520,1040,1106782.5,531079316000000,2500,1200,0
6,1,5,350,60,290,0,0,0,1106736.1,531079316000000,500,0,0
31,13,18,4012,1572,2440,1950,706,1244,1106685.8,531030830000000,3000,1700,0
104,38,66,13495,7031,6464,7755,4947,2808,1106479.5,530881412000000,10300,6400,0
23,11,12,3541,1701,1840,2007,967,1040,1106281.5,530841046000000,2200,1000,0
106,51,55,12545,7031,5514,6667,4131,2536,1106028.9,530639284000000,10500,5300,0
26,12,14,3891,1851,2040,2159,1051,1108,1105772.1,530594925000000,2500,1200,0
26,12,14,3292,1320,1972,1560,520,1040,1105679.5,530550566000000,2500,1200,0
28,13,15,4701,2707,1994,3155,1979,1176,1105582.6,530502180000000,2700,1500,100
38,17,21,5575,3165,2410,3483,2215,1268,1105464.9,530437689000000,3700,2200,0
27,13,14,3358,1386,1972,1560,520,1040,1105347,530389337000000,2600,1200,0
26,12,14,3292,1320,1972,1560,520,1040,1105250.2,530345011000000,2500,1200,0
32,15,17,3736,1570,2166,1960,724,1236,1105145.8,530288606000000,3100,1800,0
23,11,12,3541,1701,1840,2007,967,1040,1105045.4,530248307000000,2200,1000,0
24,11,13,4117,2367,1750,2787,1747,1040,1104961.2,530208042000000,2300,1100,0
20,9,11,3721,2043,1678,2607,1531,1076,1104885.6,530175830000000,1900,1000,100
104,41,63,12226,5064,7162,5262,2266,2996,1104684.1,530014836000000,10300,6100,0
23,11,12,3541,1701,1840,2007,967,1040,1104474.1,529974604000000,2200,1000,0
29,15,14,3630,1734,1896,2004,876,1128,1104373.4,529918266000000,2800,1500,0
106,37,69,14153,6459,7694,8323,4415,3908,1104163.6,529773479000000,10400,6500,0
30,14,16,3836,1572,2264,1840,640,1200,1103960,529721234000000,2900,1600,0
29,13,16,4241,2001,2240,2311,1135,1176,1103856.9,529672983000000,2800,1400,0
84,30,54,11291,5899,5392,6727,4259,2468,1103685,529556482000000,8300,5300,0
58,19,39,7266,2472,4794,3406,1210,2196,1103488.1,529484172000000,5700,3700,0
85,31,54,11175,5783,5392,6551,4083,2468,1103287,529363712000000,8400,5200,0
86,32,54,11603,6211,5392,6919,4451,2468,1103031.6,529239326000000,8500,5300,0
133,41,92,15820,5208,10612,6962,2486,4476,1102734.6,529078868000000,13100,8700,0
24,11,13,4117,2367,1750,2787,1747,1040,1102525.8,529038771000000,2300,1100,0
99,36,63,12827,6617,6210,7387,4647,2740,1102337.5,528898480000000,9800,6100,0
30,13,17,4987,2817,2170,3339,2095,1244,1102141,528850430000000,2900,1700,100
85,31,54,11287,5895,5392,6663,4195,2468,1101965.4,528730238000000,8400,5200,0
26,12,14,3308,1336,1972,1576,536,1040,1101794.1,528686214000000,2500,1200,0
85,31,54,11223,5831,5392,6599,4131,2468,1101622.8,528566123000000,8400,5300,0
27,12,15,4641,2647,1994,3155,1979,1176,1101451.6,528522100000000,2600,1500,100
26,12,14,3292,1320,1972,1560,520,1040,1101359.6,528478076000000,2500,1200,0
34,18,16,2008,1080,928,0,0,0,1106107.9,530662033000000,1600,0,900
27,14,13,3728,1886,1842,2228,1100,1128,1110846.9,530609823000000,2600,1600,0
26,12,14,3292,1320,1972,1560,520,1040,1110746,530565665000000,2500,1200,0
29,13,16,5609,2673,2936,3967,1931,2036,1110649.2,530517481000000,2700,1500,100
26,12,14,3292,1320,1972,1560,520,1040,1110552.5,530473323000000,2500,1200,0
23,11,12,3541,1701,1840,2007,967,1040,1110464.1,530433192000000,2200,1000,0
26,12,14,3308,1336,1972,1576,536,1040,1110375.8,530389035000000,2500,1200,0
26,12,14,3292,1320,1972,1560,520,1040,1110283.1,530344911000000,2500,1200,0
23,11,12,3541,1701,1840,2007,967,1040,1110194.8,530304813000000,2200,1000,0
16,8,8,3113,1749,1364,2207,1287,920,1110123.2,530276728000000,1500,700,0
26,12,14,3891,1851,2040,2159,1051,1108,1110047.5,530232604000000,2500,1200,0
27,12,15,3358,1320,2038,1560,520,1040,1109955,530188513000000,2600,1200,0
27,12,15,3358,1320,2038,1560,520,1040,1109862.5,530144389000000,2600,1200,0
87,32,55,11529,6083,5446,6791,4323,2468,1109686,530020171000000,8600,5200,0
26,12,14,3292,1320,1972,1560,520,1040,1109509.6,529976080000000,2500,1200,0
25,11,14,3722,1322,2400,2056,588,1468,1109421.4,529936016000000,2300,1200,200
39,19,20,5641,3285,2356,3483,2215,1268,1109303.8,529863941000000,3800,2200,0
25,12,13,3530,1248,2282,1864,436,1428,1109182,529819884000000,2300,1100,200
90,36,54,11619,6227,5392,6695,4227,2468,1108988.9,529679795000000,8900,5300,0
26,12,14,3308,1336,1972,1576,536,1040,1108796,529635771000000,2500,1200,0
76,29,47,10201,5323,4878,6051,3719,2332,1108632.4,529523766000000,7400,4700,200
85,31,54,11223,5831,5392,6599,4131,2468,1108389.2,529403809000000,8400,5200,0
89,34,55,11409,5963,5446,6551,4083,2468,1108125.4,529271907000000,8800,5300,0
91,37,54,11775,6383,5392,6791,4323,2468,1107836.4,529128126000000,9000,5200,0
28,13,15,3468,1398,2070,1592,520,1072,1107635.4,529080210000000,2700,1300,0
26,12,14,3308,1336,1972,1576,536,1040,1107539.1,529036288000000,2500,1200,0
88,43,45,10867,6221,4646,5979,3783,2196,1107317.6,528868683000000,8600,4500,200
23,11,12,3541,1701,1840,2007,967,1040,1107100.4,528828787000000,2200,1000,0
90,36,54,11587,6195,5392,6663,4195,2468,1106912.2,528689201000000,8900,5200,0
99,43,56,12339,6807,5532,6887,4387,2500,1106591,528521798000000,9800,5400,0
24,11,13,4117,2367,1750,2787,1747,1040,1106374.4,528481968000000,2300,1100,0
85,31,54,11159,5767,5392,6535,4067,2468,1106207.4,528362481000000,8400,5200,0
22,10,12,2896,1104,1792,1440,436,1004,1106044.5,528326645000000,2000,1000,200
26,12,14,3324,1352,1972,1592,552,1040,1105961,528282856000000,2500,1200,0
36,16,20,5461,3105,2356,3483,2215,1268,1105852.5,528223163000000,3500,2200,0
26,12,14,3308,1336,1972,1576,536,1040,1105744,528179375000000,2500,1200,0
24,11,13,4117,2367,1750,2787,1747,1040,1105656.4,528139613000000,2300,1100,0
26,12,14,3292,1320,1972,1560,520,1040,1105568.8,528095824000000,2500,1200,0
85,31,54,11159,5767,5392,6535,4067,2468,1105397.8,527976538000000,8400,5200,0
24,12,12,3686,1962,1724,2342,1278,1064,1105226.9,527932783000000,2300,1300,0
95,35,60,12309,6413,5896,7087,4483,2604,1105039.4,527797659000000,9300,5600,0
85,31,54,11415,6023,5392,6791,4323,2468,1104772.9,527678508000000,8400,5200,0
27,12,15,3358,1320,2038,1560,520,1040,1104602.1,527634820000000,2600,1200,0
14,7,7,3389,1619,1770,2599,1215,1384,1104531.5,527610996000000,1300,600,100
24,11,13,3056,1186,1870,1456,452,1004,1104464.9,527571268000000,2200,1100,200
69,24,45,11548,5478,6070,7650,4154,3496,1104328.1,527480000000000,6700,4300,100
36,16,20,5461,3105,2356,3483,2215,1268,1104170.5,527420474000000,3500,2100,0
26,12,14,3308,1336,1972,1576,536,1040,1104062.2,527376820000000,2500,1200,0
26,12,14,3292,1320,1972,1560,520,1040,1103970.8,527333199000000,2500,1200,0
26,12,14,3308,1336,1972,1576,536,1040,1103879.2,527289578000000,2500,1200,0
29,13,16,3654,1538,2116,1712,672,1040,1103783.5,527241964000000,2800,1300,0
24,11,13,4125,2371,1754,2787,1747,1040,1103692.1,527202337000000,2300,1100,0
22,10,12,2896,1104,1792,1440,436,1004,1103613.1,527166668000000,2000,1000,200
3,2,1,178,120,58,0,0,0,1103571.5,527162675000000,100,0,100
26,12,14,3292,1320,1972,1560,520,1040,1103521.6,527119088000000,2500,1200,0
24,11,13,4117,2367,1750,2787,1747,1040,1103434.4,527079460000000,2300,1100,0
84,34,50,10913,5637,5276,6267,3731,2536,1103256,526948732000000,8100,5000,200
25,12,13,3116,1246,1870,1456,452,1004,1103073.8,526905179000000,2200,1100,300
24,11,13,4117,2367,1750,2787,1747,1040,1102986.5,526865584000000,2300,1100,0
23,11,12,3541,1701,1840,2007,967,1040,1102903.4,526825990000000,2200,1000,0
48,22,26,8298,4798,3500,5638,3558,2080,1102780.9,526742842000000,4600,2200,0
27,12,15,3426,1320,2106,1628,520,1108,1102654.2,526699322000000,2600,1300,0
26,12,14,3292,1320,1972,1560,520,1040,1102562.9,526655802000000,2500,1200,0
22,10,12,2896,1104,1792,1440,436,1004,1102479.9,526620201000000,2000,1000,200
26,12,14,3308,1336,1972,1576,536,1040,1102397,526576681000000,2500,1200,0
85,31,54,11223,5831,5392,6599,4131,2468,1102227,526458066000000,8400,5300,0
85,31,54,11287,5895,5392,6663,4195,2468,1101978.4,526339484000000,8400,5200,0
45,19,26,6511,3615,2896,4035,2563,1472,1101779.6,526268383000000,4400,2700,0
24,11,13,4125,2371,1754,2787,1747,1040,1101663.6,526228889000000,2300,1100,0
32,15,17,4088,1722,2366,1960,724,1236,1101564.6,526173591000000,3100,1800,0
85,31,54,11159,5767,5392,6535,4067,2468,1101382.9,526055144000000,8400,5200,0
26,12,14,3292,1320,1972,1560,520,1040,1101213.2,526011725000000,2500,1200,0
26,12,14,3308,1336,1972,1576,536,1040,1101122.2,525968305000000,2500,1200,0
26,12,14,3308,1336,1972,1576,536,1040,1101031.1,525924919000000,2500,1200,0
29,15,14,3490,1518,1972,1560,520,1040,1100927.8,525869689000000,2800,1200,0
22,10,12,2896,1104,1792,1440,436,1004,1100832.6,525834188000000,2000,1000,200
26,12,14,3308,1336,1972,1576,536,1040,1100749.9,525790802000000,2500,1200,0
22,10,12,2896,1104,1792,1440,436,1004,1100667.1,525755335000000,2000,1000,200
24,11,13,4125,2371,1754,2787,1747,1040,1100588.6,525715909000000,2300,1100,0
22,10,12,2896,1104,1792,1440,436,1004,1100510,525680442000000,2000,1000,200
26,12,14,3308,1336,1972,1576,536,1040,1100427.4,525637089000000,2500,1200,0
85,31,54,11367,5975,5392,6743,4275,2468,1100258,525518877000000,8400,5200,0
27,12,15,3358,1320,2038,1560,520,1040,1100088.6,525475558000000,2600,1200,0
26,12,14,3308,1336,1972,1576,536,1040,1099997.8,525432240000000,2500,1200,0
27,12,15,3078,1204,1874,1560,520,1040,1099906.9,525388921000000,2600,1200,0
24,11,13,4125,2371,1754,2787,1747,1040,1099820.2,525349562000000,2300,1100,0
23,11,12,4071,2371,1700,2787,1747,1040,1099737.6,525310202000000,2200,1100,0
3,2,1,184,122,62,0,0,0,1099692.2,525306243000000,100,0,100
23,11,12,3541,1701,1840,2007,967,1040,1099646.9,525266883000000,2200,1000,0
101,47,54,12247,6855,5392,6663,4195,2468,1099415.9,525085924000000,10000,5300,0
95,38,57,12053,6407,5646,6835,4299,2536,1099073.9,524940466000000,9400,5500,0
29,13,16,4241,2001,2240,2311,1135,1176,1098872,524893288000000,2800,1400,0
11,5,6,1222,354,868,478,22,456,1098806,524877585000000,900,300,100
94,40,54,12035,6643,5392,6871,4403,2468,1098629,524724375000000,9300,5200,0
27,12,15,3374,1336,2038,1576,536,1040,1098423.1,524681191000000,2600,1200,0
26,12,14,3292,1320,1972,1560,520,1040,1098332.5,524638006000000,2500,1200,0
24,12,12,4191,2427,1764,2855,1747,1108,1098241.9,524594822000000,2300,1200,100
85,31,54,11159,5767,5392,6535,4067,2468,1098073.2,524477079000000,8400,5200,0
3,2,1,178,120,58,0,0,0,1097945.8,524473153000000,100,0,100
92,38,54,11707,6315,5392,6663,4195,2468,1097789.5,524328030000000,9100,5200,0
24,11,13,3607,1701,1906,2007,967,1040,1097596.4,524288805000000,2300,1100,0
96,36,60,12407,6507,5900,7135,4531,2604,1097411.5,524151635000000,9500,5800,0
19,10,9,3569,2103,1466,2503,1531,972,1097230.8,524116369000000,1600,800,300
99,40,59,12433,6547,5886,6983,4311,2672,1097033.6,523963596000000,9700,5600,0
26,12,14,3292,1320,1972,1560,520,1040,1096828.5,523920512000000,2500,1200,0
22,10,12,2896,1104,1792,1440,436,1004,1096746.4,523885280000000,2000,1000,200
95,33,62,13623,6583,7040,8435,4775,3660,1096578.1,523760055000000,9400,6000,0
27,13,14,3358,1386,1972,1560,520,1040,1096397.8,523713112000000,2600,1200,0
26,12,14,3308,1336,1972,1576,536,1040,1096303.4,523670062000000,2500,1200,0
26,12,14,3292,1320,1972,1560,520,1040,1096213.1,523627045000000,2500,1200,0
85,31,54,11159,5767,5392,6535,4067,2468,1096045,523509739000000,8400,5200,0
85,31,54,11223,5831,5392,6599,4131,2468,1095799.2,523392499000000,8400,5200,0
24,10,14,3484,1124,2360,1884,456,1428,1095639.5,523357334000000,2200,1200,200
26,12,14,3292,1320,1972,1560,520,1040,1095557.6,523314385000000,2500,1200,0
23,11,12,3541,1701,1840,2007,967,1040,1095471.5,523275327000000,2200,1000,0
26,12,14,3292,1320,1972,1560,520,1040,1095385.5,523232344000000,2500,1200,0
26,12,14,3292,1320,1972,1560,520,1040,1095295.4,523189394000000,2500,1200,0
103,44,59,11780,5362,6418,4918,2450,2468,1095074.5,523021555000000,10200,5700,0
26,12,14,3308,1336,1972,1576,536,1040,1094853.6,522978639000000,2500,1200,0
23,11,12,2956,1164,1792,1440,436,1004,1094767.8,522939649000000,2000,1000,300
42,17,25,6371,3497,2874,4075,2559,1516,1094661.4,522877237000000,4100,2500,100
26,12,14,3308,1336,1972,1576,536,1040,1094551,522834355000000,2500,1200,0
32,4,28,2592,240,2352,832,0,832,1094729,522851233000000,3000,2600,0
84,30,54,11483,6091,5392,6919,4451,2468,1094833.4,522738188000000,8300,5200,0
102,48,54,12841,6985,5856,7191,4259,2932,1094522.9,522555081000000,10100,5300,0
85,31,54,11159,5767,5392,6535,4067,2468,1094208.5,522438278000000,8400,5200,0
22,10,12,2896,1104,1792,1440,436,1004,1094049.4,522403248000000,2000,1000,200
26,12,14,3308,1336,1972,1576,536,1040,1093967.6,522360432000000,2500,1200,0
26,12,14,3012,1204,1808,1560,520,1040,1093877.8,522317617000000,2500,1200,0
26,12,14,3292,1320,1972,1560,520,1040,1093788,522274835000000,2500,1200,0
22,10,12,2880,1104,1776,1424,436,988,1093706.4,522239804000000,2000,1000,200
26,12,14,3292,1320,1972,1560,520,1040,1093624.8,522197022000000,2500,1200,0
23,11,12,4071,2371,1700,2787,1747,1040,1093539,522158132000000,2200,1100,0
22,10,12,2896,1104,1792,1440,436,1004,1093461.5,522123135000000,2000,1000,200
27,13,14,3358,1386,1972,1560,520,1040,1093375.9,522076494000000,2600,1200,0
90,33,57,11769,6079,5690,6863,4259,2604,1093196.5,521952108000000,8900,5400,0
26,12,14,3308,1336,1972,1576,536,1040,1093021.4,521909393000000,2500,1200,0
38,18,20,5581,3225,2356,3483,2215,1268,1092907.2,521843325000000,3700,2200,0
26,12,14,3012,1204,1808,1560,520,1040,1092793.1,521800610000000,2500,1200,0
26,12,14,3292,1320,1972,1560,520,1040,1092703.5,521757895000000,2500,1200,0
85,31,54,11159,5767,5392,6535,4067,2468,1092536.5,521641461000000,8400,5200,0
26,12,14,3292,1320,1972,1560,520,1040,1092369.6,521598780000000,2500,1200,0
87,32,55,11395,5937,5458,6651,4183,2468,1092198.8,521478487000000,8600,5300,0
26,12,14,3292,1320,1972,1560,520,1040,1092028,521435840000000,2500,1200,0
22,10,12,2896,1104,1792,1440,436,1004,1091946.6,521400943000000,2000,1000,200
24,11,13,4117,2367,1750,2787,1747,1040,1091869.2,521362154000000,2300,1100,0
26,12,14,3292,1320,1972,1560,520,1040,1091783.9,521319540000000,2500,1200,0
92,34,58,11773,6013,5760,6735,4131,2604,1091605.1,521191631000000,9000,5400,0
8,3,5,568,206,362,0,0,0,1091463.1,521183879000000,700,0,0
27,13,14,4241,1845,2396,2431,967,1464,1091406.2,521137407000000,2600,1200,0
22,10,12,2896,1104,1792,1440,436,1004,1091321,521102544000000,2000,1000,200
89,33,56,11651,6015,5636,6799,4195,2604,1091154.5,520978627000000,8800,5400,0
26,12,14,3292,1320,1972,1560,520,1040,1090979.9,520936080000000,2500,1200,0
3,2,1,184,122,62,0,0,0,1090931.1,520932188000000,100,0,100
87,32,55,11341,5827,5514,6603,4067,2536,1090801.4,520812231000000,8600,5300,0
24,11,13,4181,2431,1750,2851,1811,1040,1090635,520773542000000,2300,1100,0
26,12,14,3308,1336,1972,1576,536,1040,1090549.8,520730995000000,2500,1200,0
87,32,55,11341,5827,5514,6603,4067,2536,1090379.5,520611139000000,8600,5300,0
3,2,1,178,120,58,0,0,0,1090249.8,520607280000000,100,0,100
89,33,56,11631,6107,5524,6767,4299,2468,1090116,520483598000000,8800,5400,0
26,12,14,3292,1320,1972,1560,520,1040,1089941.8,520441119000000,2500,1200,0
26,12,14,3012,1204,1808,1560,520,1040,1089852.6,520398605000000,2500,1200,0
26,12,14,3292,1320,1972,1560,520,1040,1089763.4,520356125000000,2500,1200,0
26,12,14,3292,1320,1972,1560,520,1040,1089674.2,520313645000000,2500,1200,0
24,11,13,4125,2371,1754,2787,1747,1040,1089589.2,520275058000000,2300,1100,0
24,11,13,5009,3243,1766,3659,2619,1040,1089508.2,520236437000000,2300,1100,0
26,12,14,3308,1336,1972,1576,536,1040,1089423.2,520193990000000,2500,1200,0
26,12,14,3292,1320,1972,1560,520,1040,1089334.1,520151544000000,2500,1200,0
26,12,14,3292,1320,1972,1560,520,1040,1089245,520109097000000,2500,1200,0
26,12,14,3292,1320,1972,1560,520,1040,1089156,520066651000000,2500,1200,0
26,12,14,3292,1320,1972,1560,520,1040,1089066.9,520024238000000,2500,1200,0
23,11,12,2956,1164,1792,1440,436,1004,1088982,519985651000000,2000,1000,300
24,11,13,4117,2367,1750,2787,1747,1040,1088901,519947097000000,2300,1100,0
16,8,8,1860,860,1000,772,316,456,1088832.2,519920119000000,1400,500,0
26,12,14,3012,1204,1808,1560,520,1040,1088759.5,519877706000000,2500,1200,0
26,12,14,3292,1320,1972,1560,520,1040,1088670.5,519835293000000,2500,1200,0
26,12,14,3308,1336,1972,1576,536,1040,1088581.5,519792914000000,2500,1200,0
22,10,12,2896,1104,1792,1440,436,1004,1088500.8,519758219000000,2000,1000,200
44,18,26,6553,3557,2996,4143,2559,1584,1088395.6,519692721000000,4300,2600,100
26,12,14,3292,1320,1972,1560,520,1040,1088282.5,519650375000000,2500,1200,0
24,11,13,4117,2367,1750,2787,1747,1040,1088197.6,519611854000000,2300,1100,0
23,11,12,3541,1701,1840,2007,967,1040,1088116.9,519573334000000,2200,1000,0
24,11,13,4117,2367,1750,2787,1747,1040,1088036.1,519534847000000,2300,1100,0
26,12,14,3292,1320,1972,1560,520,1040,1087951.2,519492501000000,2500,1200,0
26,12,14,3292,1320,1972,1560,520,1040,1087862.4,519450156000000,2500,1200,0
14,7,7,2925,1619,1306,2135,1215,920,1087793.8,519427070000000,1300,500,0
29,13,16,3586,1414,2172,1644,536,1108,1087721.1,519380899000000,2800,1300,0
85,31,54,11351,5959,5392,6727,4259,2468,1087551.6,519265506000000,8400,5200,0
3,2,1,178,120,58,0,0,0,1087426.6,519261647000000,100,0,100
22,10,12,2896,1104,1792,1440,436,1004,1087386.4,519227052000000,2000,1000,200
26,12,14,3308,1336,1972,1576,536,1040,1087305.6,519184774000000,2500,1200,0
24,11,13,4117,2367,1750,2787,1747,1040,1087220.9,519146320000000,2300,1100,0
24,11,13,3192,1322,1870,1592,588,1004,1087140.2,519107867000000,2200,1100,200
23,11,12,3541,1701,1840,2007,967,1040,1087059.6,519069447000000,2200,1000,0
26,12,14,3292,1320,1972,1560,520,1040,1086975,519027168000000,2500,1200,0
35,17,18,3968,1696,2272,2012,724,1288,1086866.6,518965730000000,3400,1900,0
23,11,12,3541,1701,1840,2007,967,1040,1086762.2,518927310000000,2200,1000,0
3,2,1,184,122,62,0,0,0,1086717.9,518923452000000,100,0,100
100,42,58,12495,6683,5812,6995,4323,2672,1086548.9,518766048000000,9900,5600,0
23,10,13,2994,1104,1890,1472,436,1036,1086347.8,518731487000000,2100,1100,200
48,22,26,8234,4734,3500,5574,3494,2080,1086229.9,518650923000000,4600,2200,0
24,11,13,4117,2367,1750,2787,1747,1040,1086107.9,518612536000000,2300,1100,0
26,12,14,3292,1320,1972,1560,520,1040,1086023.4,518570358000000,2500,1200,0
24,11,13,4133,2383,1750,2803,1763,1040,1085938.9,518532006000000,2300,1100,0
26,12,14,3292,1320,1972,1560,520,1040,1085854.4,518489828000000,2500,1200,0
27,12,15,3358,1320,2038,1560,520,1040,1085765.9,518447650000000,2600,1200,0
26,12,14,3292,1320,1972,1560,520,1040,1085677.4,518405472000000,2500,1200,0
26,12,14,3292,1320,1972,1560,520,1040,1085589,518363327000000,2500,1200,0
24,11,13,4117,2367,1750,2787,1747,1040,1085504.5,518325008000000,2300,1100,0
26,12,14,3292,1320,1972,1560,520,1040,1085420.1,518282864000000,2500,1200,0
26,12,14,3292,1320,1972,1560,520,1040,1085331.6,518240720000000,2500,1200,0
94,56,38,5564,3360,2204,0,0,0,1092651.6,520322000000000,3800,0,2800
26,12,14,3324,1352,1972,1592,552,1040,1099968.1,520279722000000,2500,1200,0
85,31,54,11159,5767,5392,6535,4067,2468,1099801.2,520164429000000,8400,5300,0
37,17,20,5521,3165,2356,3483,2215,1268,1099614.1,520102991000000,3600,2200,0
20,10,10,2692,1020,1672,1368,364,1004,1099512.5,520068396000000,1700,900,200
23,11,12,3557,1717,1840,2023,983,1040,1099435.1,520030010000000,2200,1000,0
37,16,21,5551,3105,2446,3519,2215,1304,1099333.5,519972430000000,3600,2200,0
85,31,54,11159,5767,5392,6535,4067,2468,1099150.6,519857271000000,8400,5200,0
22,10,12,2896,1104,1792,1440,436,1004,1098992.2,519822744000000,2000,1000,200
29,14,15,3966,1464,2502,2024,520,1504,1098902.8,519772882000000,2800,1300,0
6,1,5,350,60,290,0,0,0,1098850,519772882000000,500,0,0
23,11,12,3541,1701,1840,2007,967,1040,1098809.4,519734496000000,2200,1000,0
88,33,55,11797,5887,5910,6999,4067,2932,1098638.9,519611787000000,8700,5400,0
26,12,14,3292,1320,1972,1560,520,1040,1098464.4,519569643000000,2500,1200,0
88,44,44,10687,6107,4580,5799,3603,2196,1098245.6,519404857000000,8700,4500,100
95,40,55,11753,6307,5446,6535,4067,2468,1097913.5,519255506000000,9400,5300,0
26,12,14,3292,1320,1972,1560,520,1040,1097710.9,519213395000000,2500,1200,0
25,11,14,4627,2367,2260,3243,1747,1496,1097625.8,519175110000000,2400,1200,0
23,11,12,3541,1701,1840,2007,967,1040,1097544.6,519136858000000,2200,1000,0
85,31,54,11287,5895,5392,6663,4195,2468,1097382.6,519022068000000,8400,5200,0
24,11,13,4117,2367,1750,2787,1747,1040,1097220.6,518983850000000,2300,1100,0
26,12,14,3012,1204,1808,1560,520,1040,1097135.6,518941772000000,2500,1200,0
26,12,14,3292,1320,1972,1560,520,1040,1097046.5,518899695000000,2500,1200,0
26,12,14,3292,1320,1972,1560,520,1040,1096957.4,518857651000000,2500,1200,0
22,10,12,2896,1104,1792,1440,436,1004,1096876.4,518823258000000,2000,1000,200
36,16,20,5467,3111,2356,3483,2215,1268,1096779.2,518765947000000,3500,2100,0
85,31,54,11287,5895,5392,6663,4195,2468,1096597.2,518651325000000,8400,5200,0
26,12,14,3292,1320,1972,1560,520,1040,1096431.5,518609315000000,2500,1200,0
26,12,14,3292,1320,1972,1560,520,1040,1096342.5,518567305000000,2500,1200,0
24,11,13,4117,2367,1750,2787,1747,1040,1096257.5,518529120000000,2300,1100,0
24,11,13,4141,2387,1754,2803,1763,1040,1096176.6,518490969000000,2300,1100,0
27,12,15,3374,1336,2038,1576,536,1040,1096091.8,518448958000000,2600,1200,0
87,32,55,11651,6193,5458,6907,4439,2468,1095922.1,518330679000000,8600,5300,0
13,7,6,2871,1619,1252,2135,1215,920,1095772.8,518307795000000,1200,500,100
26,12,14,3292,1320,1972,1560,520,1040,1095704.2,518265852000000,2500,1200,0
77,29,48,11021,5625,5396,6823,4027,2796,1095546.8,518159082000000,7500,4800,200
26,12,14,3292,1320,1972,1560,520,1040,1095389.4,518117139000000,2500,1200,0
26,12,14,3292,1320,1972,1560,520,1040,1095300.5,518075229000000,2500,1200,0
26,12,14,3292,1320,1972,1560,520,1040,1095211.8,518033286000000,2500,1200,0
45,19,26,6499,3615,2884,4035,2563,1472,1095094.8,517964701000000,4400,2700,0
26,12,14,3292,1320,1972,1560,520,1040,1094977.8,517922825000000,2500,1200,0
28,13,15,3440,1394,2046,1560,520,1040,1094885,517877124000000,2600,1200,0
20,10,10,2496,940,1556,1368,364,1004,1094800.2,517842831000000,1700,900,200
26,12,14,3308,1336,1972,1576,536,1040,1094719.6,517800955000000,2500,1200,0
26,12,14,3308,1336,1972,1576,536,1040,1094630.9,517759079000000,2500,1200,0
8,3,5,568,206,362,0,0,0,1094578.5,517751462000000,700,0,0
24,11,13,4125,2371,1754,2787,1747,1040,1094530.2,517713412000000,2300,1200,0
101,47,54,12247,6855,5392,6663,4195,2468,1094304.9,517538425000000,10000,5200,0
94,38,56,12075,6507,5568,6923,4387,2536,1093971.2,517397732000000,9300,5400,0
85,31,54,11159,5767,5392,6535,4067,2468,1093702.1,517283714000000,8400,5200,0
27,12,15,3822,1320,2502,2024,520,1504,1093537.2,517241938000000,2600,1300,0
26,12,14,3292,1320,1972,1560,520,1040,1093448.8,517200163000000,2500,1200,0
26,12,14,3292,1320,1972,1560,520,1040,1093360.2,517158388000000,2500,1200,0
23,10,13,3386,1104,2282,1864,436,1428,1093279.9,517124196000000,2100,1100,200
24,11,13,4181,2431,1750,2851,1811,1040,1093203.4,517086246000000,2300,1100,0
29,13,16,4633,2681,1952,2971,1931,1040,1093115,517040679000000,2700,1200,0
11,6,5,1212,418,794,476,20,456,1093046.6,517021687000000,900,300,100
89,32,57,12269,5827,6442,7423,4067,3356,1092902.1,516904045000000,8800,5500,0
88,33,55,11349,5903,5446,6551,4083,2468,1092649.1,516782679000000,8700,5300,0
26,12,14,3292,1320,1972,1560,520,1040,1092476.5,516740971000000,2500,1200,0
89,34,55,12113,6203,5910,7255,4323,2932,1092300,516615880000000,8800,5300,0
90,34,56,11531,5963,5568,6619,4083,2536,1092035.5,516490856000000,8900,5400,0
26,12,14,3308,1336,1972,1576,536,1040,1091859,516449215000000,2500,1200,0
86,32,54,11235,5843,5392,6551,4083,2468,1091690.6,516331842000000,8500,5200,0
22,10,12,2896,1104,1792,1440,436,1004,1091530.4,516297750000000,2000,1000,200
24,11,13,4125,2371,1754,2787,1747,1040,1091454.2,516259901000000,2300,1100,0
24,11,13,4125,2371,1754,2787,1747,1040,1091374,516222085000000,2300,1100,0
22,10,12,2896,1104,1792,1440,436,1004,1091297.9,516188027000000,2000,1000,200
61,22,39,8697,4123,4574,5315,2915,2400,1091178.5,516108570000000,6000,4000,100
82,29,53,9742,3928,5814,4262,1998,2264,1090983.6,516002706000000,8000,4700,0
24,11,13,4189,2435,1754,2851,1811,1040,1090832.1,515964890000000,2300,1100,0
53,21,32,7783,4259,3524,4887,3099,1788,1090712,515889292000000,5200,3200,100
23,11,12,3541,1701,1840,2007,967,1040,1090592,515851510000000,2200,1000,0
23,11,12,3557,1717,1840,2023,983,1040,1090512,515813728000000,2200,1000,0
25,12,13,4185,2431,1754,2787,1747,1040,1090427.9,515772187000000,2200,1100,300
26,12,14,3292,1320,1972,1560,520,1040,1090339.9,515730647000000,2500,1200,0
26,12,14,3292,1320,1972,1560,520,1040,1090251.9,515689106000000,2500,1200,0
27,12,15,3358,1320,2038,1560,520,1040,1090163.9,515647566000000,2600,1200,0
22,10,12,2880,1104,1776,1424,436,988,1090083.9,515613575000000,2000,1000,200
26,12,14,3292,1320,1972,1560,520,1040,1090004,515572069000000,2500,1200,0
24,11,13,4117,2367,1750,2787,1747,1040,1089920,515534320000000,2300,1100,0
18,9,9,2456,934,1522,1252,332,920,1089848.1,515504121000000,1700,700,0
8,3,5,568,206,362,0,0,0,1089808.2,515496605000000,700,0,0
86,31,55,11281,5767,5514,6603,4067,2536,1089680.5,515383425000000,8500,5300,0
26,12,14,3292,1320,1972,1560,520,1040,1089516.9,515341919000000,2500,1200,0
23,11,12,3541,1701,1840,2007,967,1040,1089433,515304237000000,2200,1000,0
23,10,13,3426,1104,2322,1904,436,1468,1089357.1,515270314000000,2100,1100,200
26,12,14,3292,1320,1972,1560,520,1040,1089277.2,515228840000000,2500,1200,0
26,12,14,3292,1320,1972,1560,520,1040,1089189.5,515187367000000,2500,1200,0
3,2,1,184,122,62,0,0,0,1089141.5,515183609000000,100,0,100
26,12,14,3292,1320,1972,1560,520,1040,1089093.6,515142169000000,2500,1200,0
23,11,12,3541,1701,1840,2007,967,1040,1089009.9,515104488000000,2200,1000,0
26,12,14,3292,1320,1972,1560,520,1040,1088926,515063048000000,2500,1200,0
26,12,14,3292,1320,1972,1560,520,1040,1088838.2,515021608000000,2500,1200,0
80,30,50,10833,5725,5108,6479,4079,2400,1088678.9,514912422000000,7800,5000,200
36,16,20,5461,3105,2356,3483,2215,1268,1088503.5,514855950000000,3500,2100,0
22,10,12,2896,1104,1792,1440,436,1004,1088407.8,514822060000000,2000,1000,200
90,36,54,11587,6195,5392,6663,4195,2468,1088232.5,514690392000000,8900,5200,0
26,12,14,3292,1320,1972,1560,520,1040,1088049.4,514649020000000,2500,1200,0
26,12,14,3308,1336,1972,1576,536,1040,1087961.8,514607647000000,2500,1200,0
26,12,14,3292,1320,1972,1560,520,1040,1087874.1,514566274000000,2500,1200,0
102,37,65,12538,4736,7802,5754,2250,3504,1087687.2,514430983000000,10100,6300,0
26,12,14,3292,1320,1972,1560,520,1040,1087500.4,514389644000000,2500,1200,0
26,12,14,3292,1320,1972,1560,520,1040,1087412.9,514348338000000,2500,1200,0
26,12,14,3292,1320,1972,1560,520,1040,1087325.2,514306999000000,2500,1200,0
82,35,47,9618,4300,5318,4178,1982,2196,1087146.4,514179358000000,8100,4600,0
91,33,58,12275,6507,5768,7303,4699,2604,1086884.1,514059233000000,9000,5600,0
98,44,54,12003,6611,5392,6599,4131,2468,1086586.4,513897937000000,9700,5200,0
29,13,16,4241,2001,2240,2311,1135,1176,1086368.1,513852941000000,2800,1400,0
26,12,14,3292,1320,1972,1560,520,1040,1086276.9,513811702000000,2500,1200,0
26,12,14,3292,1320,1972,1560,520,1040,1086189.5,513770498000000,2500,1200,0
6,1,5,444,74,370,0,0,0,1086145.9,513770498000000,500,0,0
26,12,14,3292,1320,1972,1560,520,1040,1086102.1,513729259000000,2500,1200,0
85,31,54,11175,5783,5392,6551,4083,2468,1085939.5,513616852000000,8400,5200,0
24,11,13,4117,2367,1750,2787,1747,1040,1085780.9,513579405000000,2300,1100,0
22,10,12,2896,1104,1792,1440,436,1004,1085705.5,513545716000000,2000,1000,200
26,12,14,3292,1320,1972,1560,520,1040,1085626.2,513504512000000,2500,1200,0
27,18,9,1602,1080,522,0,0,0,1092142.5,518762323000000,900,0,900
26,12,14,3308,1336,1972,1576,536,1040,1098657.4,518720716000000,2500,1200,0
26,12,14,3308,1336,1972,1576,536,1040,1098569.1,518679142000000,2500,1200,0
47,18,29,8127,4365,3762,5543,3367,2176,1098456.9,518614885000000,4600,2900,100
14,7,7,2925,1619,1306,2135,1215,920,1098364.6,518592202000000,1300,500,0
2,1,1,118,60,58,0,0,0,1098340.6,518592202000000,100,0,0
31,14,17,5047,2877,2170,3339,2095,1244,1098288.5,518543079000000,2900,1700,200
85,31,54,11159,5767,5392,6535,4067,2468,1098116.2,518429732000000,8400,5200,0
23,11,12,3557,1717,1840,2023,983,1040,1097956,518391983000000,2200,1000,0
23,10,13,2994,1104,1890,1472,436,1036,1097879.8,518357992000000,2100,1100,200
23,11,12,3541,1701,1840,2007,967,1040,1097803.6,518320210000000,2200,1000,0
26,12,14,3308,1336,1972,1576,536,1040,1097719.5,518278703000000,2500,1200,0
24,11,13,4125,2371,1754,2787,1747,1040,1097635.5,518240954000000,2300,1100,0
95,37,58,12349,6237,6112,7143,4183,2960,1097451.5,518105126000000,9400,5600,0
23,11,12,3541,1701,1840,2007,967,1040,1097267.5,518067411000000,2200,1000,0
3,2,1,184,122,62,0,0,0,1097223.5,518063619000000,100,0,100
2,1,1,118,60,58,0,0,0,1097219.5,518063619000000,100,0,0
26,12,14,3292,1320,1972,1560,520,1040,1097175.5,518022146000000,2500,1200,0
26,12,14,3292,1320,1972,1560,520,1040,1097087.4,517980673000000,2500,1200,0
26,12,14,3308,1336,1972,1576,536,1040,1096999.4,517939199000000,2500,1200,0
3,2,1,184,122,62,0,0,0,1096951.4,517935408000000,100,0,100
85,31,54,11495,6103,5392,6871,4403,2468,1096827.5,517822363000000,8400,5200,0
24,11,13,4125,2371,1754,2787,1747,1040,1096667.6,517784681000000,2300,1100,0
88,34,54,11611,6219,5392,6807,4339,2468,1096495.9,517660362000000,8700,5300,0
26,12,14,3292,1320,1972,1560,520,1040,1096320.1,517618956000000,2500,1200,0
27,12,15,3370,1320,2050,1560,520,1040,1096232.2,517577550000000,2600,1200,0
26,12,14,3292,1320,1972,1560,520,1040,1096144.2,517536144000000,2500,1200,0
26,12,14,3292,1320,1972,1560,520,1040,1096056.4,517494737000000,2500,1200,0
22,10,12,2896,1104,1792,1440,436,1004,1095976.6,517460847000000,2000,1000,200
24,11,13,4589,2371,2218,3251,1747,1504,1095900.8,517423233000000,2300,1200,0
24,11,13,4321,2555,1766,2971,1931,1040,1095820.9,517385618000000,2300,1100,0
26,12,14,3292,1320,1972,1560,520,1040,1095737.1,517344246000000,2500,1200,0
30,13,17,5423,2521,2902,3745,1793,1952,1095645.4,517299115000000,2900,1500,0
26,12,14,3308,1336,1972,1576,536,1040,1095553.6,517257743000000,2500,1200,0
26,12,14,3292,1320,1972,1560,520,1040,1095465.9,517216403000000,2500,1200,0
26,12,14,3292,1320,1972,1560,520,1040,1095378,517175031000000,2500,1200,0
26,12,14,3292,1320,1972,1560,520,1040,1095290.2,517133692000000,2500,1200,0
26,12,14,3292,1320,1972,1560,520,1040,1095202.5,517092353000000,2500,1200,0
26,12,14,3292,1320,1972,1560,520,1040,1095114.9,517051047000000,2500,1200,0
96,42,54,11883,6491,5392,6599,4131,2468,1094907.8,516897032000000,9500,5300,0
24,11,13,3192,1322,1870,1592,588,1004,1094704.6,516859485000000,2200,1100,200
26,12,14,3308,1336,1972,1576,536,1040,1094621,516818213000000,2500,1200,0
26,12,14,3028,1220,1808,1576,536,1040,1094533.4,516776908000000,2500,1200,0
87,29,58,11785,5665,6120,7023,4079,2944,1094378.5,516671849000000,8600,5800,100
95,36,59,12325,6323,6002,7131,4323,2808,1094128.2,516540584000000,9400,5800,0
26,12,14,3292,1320,1972,1560,520,1040,1093945.5,516499345000000,2500,1200,0
22,10,12,2896,1104,1792,1440,436,1004,1093866,516465623000000,2000,1000,200
26,12,14,3292,1320,1972,1560,520,1040,1093786.5,516424385000000,2500,1200,0
6,4,2,368,244,124,0,0,0,1093768,516413748000000,200,0,200
87,32,55,11763,6309,5454,7015,4547,2468,1093670.1,516297582000000,8500,5200,0
26,12,14,3292,1320,1972,1560,520,1040,1093503.4,516256378000000,2500,1200,0
94,37,57,12201,6499,5702,7043,4439,2604,1093316.6,516121589000000,9300,5500,0
26,12,14,3292,1320,1972,1560,520,1040,1093130.1,516080418000000,2500,1200,0
104,35,69,14789,7383,7406,9079,5467,3612,1092951.5,515953180000000,10300,6700,0
88,32,56,11645,6065,5580,6847,4311,2536,1092693.8,515837249000000,8700,5400,0
24,11,13,4125,2371,1754,2787,1747,1040,1092531.2,515799836000000,2300,1200,0
49,21,28,7019,3847,3172,4327,2675,1652,1092412.2,515725077000000,4800,2800,100
17,8,9,3449,1983,1466,2503,1531,972,1092305.1,515698938000000,1600,800,100
85,31,54,11159,5767,5392,6535,4067,2468,1092158.5,515586832000000,8400,5200,0
100,46,54,12283,6891,5392,6759,4291,2468,1091862,515418758000000,9900,5200,0
94,35,59,12369,6547,5822,7223,4619,2604,1091549.8,515291889000000,9300,5700,0
22,10,12,2896,1104,1792,1440,436,1004,1091379.5,515258301000000,2000,1000,200
26,12,14,5077,3245,1832,3595,2555,1040,1091300.4,515217264000000,2400,1100,0
26,12,14,3308,1336,1972,1576,536,1040,1091213.4,515176227000000,2500,1200,0
26,12,14,3292,1320,1972,1560,520,1040,1091126.2,515135190000000,2500,1200,0
26,12,14,3308,1336,1972,1576,536,1040,1091039.2,515094186000000,2500,1200,0
26,12,14,3292,1320,1972,1560,520,1040,1090952.1,515053183000000,2500,1200,0
26,12,14,3907,1867,2040,2175,1067,1108,1090865.1,515012179000000,2500,1200,0
26,12,14,3292,1320,1972,1560,520,1040,1090778.1,514971176000000,2500,1200,0
87,32,55,11341,5827,5514,6603,4067,2536,1090612.1,514855681000000,8600,5300,0
22,10,12,2896,1104,1792,1440,436,1004,1090454,514822161000000,2000,1000,200
27,12,15,3410,1320,2090,1612,520,1092,1090375,514781191000000,2600,1300,0
26,12,14,3292,1320,1972,1560,520,1040,1090288.1,514740221000000,2500,1200,0
26,12,14,3292,1320,1972,1560,520,1040,1090201.1,514699251000000,2500,1200,0
85,31,54,11159,5767,5392,6535,4067,2468,1090039.2,514587615000000,8400,5200,0
26,12,14,3292,1320,1972,1560,520,1040,1089877.5,514546679000000,2500,1200,0
26,12,14,3292,1320,1972,1560,520,1040,1089790.6,514505742000000,2500,1200,0
28,14,14,3424,1452,1972,1560,520,1040,1089695.9,514457390000000,2700,1200,0
23,11,12,3541,1701,1840,2007,967,1040,1089605.1,514420212000000,2200,1000,0
22,10,12,2896,1104,1792,1440,436,1004,1089530.1,514386725000000,2000,1000,200
24,11,13,3040,1186,1854,1440,452,988,1089455.1,514349546000000,2200,1100,200
24,11,13,4125,2371,1754,2787,1747,1040,1089376.2,514312368000000,2300,1100,0
23,11,12,3541,1701,1840,2007,967,1040,1089297.4,514275223000000,2200,1000,0
68,28,40,8152,3512,4640,3654,1662,1992,1089151.5,514174862000000,6600,3900,100
23,11,12,3541,1701,1840,2007,967,1040,1089005.6,514137717000000,2200,1000,0
85,31,54,11159,5767,5392,6535,4067,2468,1088848.1,514026316000000,8400,5200,0
26,12,14,3292,1320,1972,1560,520,1040,1088686.6,513985481000000,2500,1200,0
26,12,14,3292,1320,1972,1560,520,1040,1088600,513944645000000,2500,1200,0
26,12,14,3308,1336,1972,1576,536,1040,1088513.2,513903809000000,2500,1200,0
26,12,14,4010,1234,2776,2242,434,1808,1088426.9,513862974000000,2500,1300,0
37,17,20,5521,3165,2356,3483,2215,1268,1088320.6,513803616000000,3600,2200,0
85,31,54,11159,5767,5392,6535,4067,2468,1088139.8,513692349000000,8400,5200,0
88,34,54,11403,6011,5392,6599,4131,2468,1087892,513570010000000,8700,5200,0
3,2,1,184,122,62,0,0,0,1087758.2,513566285000000,100,0,100
58,24,34,8121,4421,3700,4943,3087,1856,1087664,513481057000000,5600,3400,200
25,12,13,3226,1320,1906,1560,520,1040,1087530.4,513440322000000,2400,1200,0
85,31,54,11159,5767,5392,6535,4067,2468,1087369.2,513329190000000,8400,5200,0
24,12,12,4191,2427,1764,2855,1747,1108,1087208.2,513288455000000,2300,1200,100
83,32,51,10829,5779,5050,6307,4019,2288,1087043.4,513173698000000,8200,5200,0
25,12,13,3226,1320,1906,1560,520,1040,1086878.5,513132997000000,2400,1200,0
26,12,14,3292,1320,1972,1560,520,1040,1086792.1,513092295000000,2500,1200,0
22,10,12,2896,1104,1792,1440,436,1004,1086713.6,513059009000000,2000,1000,200
26,12,14,3308,1336,1972,1576,536,1040,1086635.1,513018341000000,2500,1200,0
22,10,12,2880,1104,1776,1424,436,988,1086556.6,512985055000000,2000,1000,200
27,12,15,3358,1320,2038,1560,520,1040,1086478.1,512944354000000,2600,1200,0
3,2,1,178,120,58,0,0,0,1086431,512940663000000,100,0,100
40,18,22,5757,3225,2532,3551,2215,1336,1086360.4,512877815000000,3900,2300,0
23,10,13,3426,1104,2322,1904,436,1468,1086258.5,512844563000000,2100,1100,200
9,6,3,534,360,174,0,0,0,1091385,521788832000000,300,0,300
96,41,55,12009,6495,5514,6731,4195,2536,1096388.4,521638475000000,9500,5300,0
94,40,54,11699,6307,5392,6535,4067,2468,1096076,521491943000000,9300,5200,0
2,1,1,118,60,58,0,0,0,1095921.9,521491943000000,100,0,0
26,12,14,3292,1320,1972,1560,520,1040,1095878.4,521450637000000,2500,1200,0
26,12,14,3012,1204,1808,1560,520,1040,1095791.4,521409332000000,2500,1200,0
26,12,14,3292,1320,1972,1560,520,1040,1095704.4,521368026000000,2500,1200,0
29,13,16,4241,2001,2240,2311,1135,1176,1095613.5,521322963000000,2800,1400,0
85,31,54,11175,5783,5392,6551,4083,2468,1095447.6,521210387000000,8400,5200,0
26,12,14,3292,1320,1972,1560,520,1040,1095285.8,521169116000000,2500,1200,0
24,11,13,4117,2367,1750,2787,1747,1040,1095202.8,521131602000000,2300,1100,0
100,40,60,12805,6737,6068,7311,4503,2808,1095009.9,520985371000000,9900,5800,0
68,26,42,9385,4981,4404,5679,3551,2128,1094757.9,520891654000000,6600,4200,200
26,12,14,3292,1320,1972,1560,520,1040,1094615.9,520850449000000,2500,1200,0
24,11,13,4117,2367,1750,2787,1747,1040,1094533.1,520812969000000,2300,1100,0
35,15,20,5515,3047,2468,3591,2211,1380,1094438.4,520760523000000,3300,2000,200
26,12,14,3292,1320,1972,1560,520,1040,1094339.9,520719318000000,2500,1200,0
35,15,20,4720,1684,3036,2382,674,1708,1094241.4,520666906000000,3400,1800,0
85,31,54,11159,5767,5392,6535,4067,2468,1094068.1,520554600000000,8400,5200,0
25,11,14,4707,2435,2272,3315,1811,1504,1093910.6,520517186000000,2400,1200,0
26,12,14,3308,1336,1972,1576,536,1040,1093827.9,520476015000000,2500,1200,0
26,12,14,3292,1320,1972,1560,520,1040,1093741.2,520434877000000,2500,1200,0
119,50,69,13892,5610,8282,6010,2302,3708,1093505.1,520251637000000,11800,6700,0
26,12,14,3308,1336,1972,1576,536,1040,1093269.1,520210499000000,2500,1200,0
23,11,12,3541,1701,1840,2007,967,1040,1093186.4,520173153000000,2200,1000,0
87,33,54,12099,6695,5404,7343,4875,2468,1093021.2,520053565000000,8600,5200,0
26,12,14,3308,1336,1972,1576,536,1040,1092852.2,520012494000000,2500,1200,0
24,11,13,3607,1701,1906,2007,967,1040,1092769.6,519975148000000,2300,1100,0
39,16,23,6403,3113,3290,4251,2211,2040,1092671.8,519919146000000,3800,2300,100
85,31,54,11159,5767,5392,6535,4067,2468,1092495.4,519807141000000,8400,5200,0
40,19,21,5695,3285,2410,3483,2215,1268,1092306.9,519739999000000,3900,2200,0
25,11,14,4211,2371,1840,2819,1747,1072,1092196.9,519702686000000,2400,1300,0
85,31,54,11159,5767,5392,6535,4067,2468,1092040,519590816000000,8400,5200,0
24,11,13,4125,2371,1754,2787,1747,1040,1091883,519553503000000,2300,1100,0
95,37,58,12061,6237,5824,6855,4183,2672,1091702.6,519419319000000,9400,5700,0
22,10,12,2896,1104,1792,1440,436,1004,1091526.1,519385798000000,2000,1000,200
92,35,57,11767,6133,5634,6735,4199,2536,1091357.6,519259164000000,9100,5500,0
26,12,14,3292,1320,1972,1560,520,1040,1091181.2,519218194000000,2500,1200,0
22,10,12,2896,1104,1792,1440,436,1004,1091102.9,519184673000000,2000,1000,200
88,33,55,11657,6143,5514,6859,4323,2536,1090942.2,519065588000000,8700,5300,0
26,12,14,3012,1204,1808,1560,520,1040,1090773.9,519024652000000,2500,1200,0
23,11,12,3541,1701,1840,2007,967,1040,1090691.6,518987440000000,2200,1000,0
88,32,56,11719,6083,5636,6927,4323,2604,1090531.1,518872147000000,8700,5400,0
85,31,54,11175,5783,5392,6551,4083,2468,1090292.5,518760612000000,8400,5200,0
22,10,12,2896,1104,1792,1440,436,1004,1090139.9,518727158000000,2000,1000,200
28,13,15,3440,1394,2046,1560,520,1040,1090057.8,518682564000000,2600,1200,0
19,12,7,1126,720,406,0,0,0,1093941.1,521525162000000,700,0,600
26,12,14,3292,1320,1972,1560,520,1040,1097827.9,521484057000000,2500,1200,0
22,10,12,2896,1104,1792,1440,436,1004,1097749.1,521450436000000,2000,1000,200
64,25,39,8859,4701,4158,5363,3319,2044,1097619.2,521360846000000,6200,3900,200
88,34,54,11339,5947,5392,6535,4067,2468,1097395.1,521237667000000,8700,5200,0
85,31,54,11415,6023,5392,6791,4323,2468,1097147.5,521125730000000,8400,5200,0
36,15,21,4306,1724,2582,1902,726,1176,1096974.5,521073519000000,3500,1700,0
26,12,14,3292,1320,1972,1560,520,1040,1096876.2,521032515000000,2500,1200,0
3,2,1,178,120,58,0,0,0,1096829,521028757000000,100,0,100
26,12,14,3292,1320,1972,1560,520,1040,1096781.9,520987754000000,2500,1200,0
92,34,58,12325,6557,5768,7287,4683,2604,1096608.9,520864777000000,9100,5600,0
23,12,11,3288,1554,1734,2004,876,1128,1096436.1,520823773000000,2200,1400,0
26,12,14,3292,1320,1972,1560,520,1040,1096349.6,520782803000000,2500,1200,0
27,13,14,3358,1386,1972,1560,520,1040,1096259.2,520738109000000,2600,1200,0
53,21,32,7655,4131,3524,4759,2971,1788,1096133.6,520663618000000,5200,3200,100
86,31,55,11281,5767,5514,6603,4067,2536,1095937.4,520551949000000,8500,5300,0
102,36,66,15129,7321,7808,9515,5339,4176,1095682.6,520421724000000,10100,6400,0
85,31,54,11159,5767,5392,6535,4067,2468,1095427.9,520310156000000,8400,5200,0
26,12,14,3308,1336,1972,1576,536,1040,1095267.1,520269253000000,2500,1200,0
102,36,66,12953,6309,6644,7363,4315,3048,1095087,520139162000000,10100,6400,0
94,36,58,12307,6607,5700,7155,4619,2536,1094812.9,520009139000000,9300,5500,0
85,31,54,11223,5831,5392,6599,4131,2468,1094558.5,519897738000000,8400,5200,0
26,12,14,3292,1320,1972,1560,520,1040,1094398,519856902000000,2500,1200,0
38,17,21,5575,3165,2410,3483,2215,1268,1094292.2,519797511000000,3700,2200,0
26,12,14,3292,1320,1972,1560,520,1040,1094186.6,519756709000000,2500,1200,0
89,33,56,11587,5951,5636,6735,4131,2604,1094018.5,519637993000000,8800,5400,0
26,12,14,3308,1336,1972,1576,536,1040,1093850.4,519597191000000,2500,1200,0
26,12,14,3292,1320,1972,1560,520,1040,1093764.4,519556422000000,2500,1200,0
85,31,54,11287,5895,5392,6663,4195,2468,1093604.1,519445223000000,8400,5200,0
85,31,54,11223,5831,5392,6599,4131,2468,1093369.8,519334057000000,8400,5200,0
26,12,14,3292,1320,1972,1560,520,1040,1093209.6,519293322000000,2500,1200,0
26,12,14,3292,1320,1972,1560,520,1040,1093123.8,519252587000000,2500,1200,0
23,11,12,3557,1717,1840,2023,983,1040,1093041.8,519215543000000,2200,1000,0
10,4,6,726,282,444,0,0,0,1092991,519204436000000,600,0,100
23,11,12,3541,1701,1840,2007,967,1040,1092940.4,519167426000000,2200,1000,0
24,11,13,4117,2367,1750,2787,1747,1040,1092862.2,519130382000000,2300,1100,0
26,12,14,3308,1336,1972,1576,536,1040,1092780.2,519089680000000,2500,1200,0
24,11,13,4117,2367,1750,2787,1747,1040,1092698.2,519052670000000,2300,1100,0
92,34,58,12255,6487,5768,7223,4619,2604,1092530.6,518930599000000,9100,5600,0
88,32,56,11463,5827,5636,6671,4067,2604,1092281.1,518815977000000,8700,5400,0
26,12,14,3292,1320,1972,1560,520,1040,1092117.5,518775309000000,2500,1200,0
26,12,14,3308,1336,1972,1576,536,1040,1092031.8,518734641000000,2500,1200,0
26,12,14,3308,1336,1972,1576,536,1040,1091946,518693973000000,2500,1200,0
9,6,3,534,360,174,0,0,0,1094797.6,522524010000000,300,0,300
24,11,13,4181,2431,1750,2851,1811,1040,1097653,522486798000000,2300,1100,0
26,12,14,3292,1320,1972,1560,520,1040,1097570.8,522445862000000,2500,1200,0
98,42,56,12079,6443,5636,6687,4083,2604,1097367.1,522293323000000,9700,5400,0
85,31,54,11159,5767,5392,6535,4067,2468,1097089.5,522181788000000,8400,5200,0
26,12,14,3292,1320,1972,1560,520,1040,1096929.1,522140885000000,2500,1200,0
85,31,54,11223,5831,5392,6599,4131,2468,1096768.8,522029418000000,8400,5200,0
26,12,14,3012,1204,1808,1560,520,1040,1096608.5,521988548000000,2500,1200,0
20,10,10,2692,1020,1672,1368,364,1004,1096530.4,521955095000000,1700,900,200
23,11,12,3541,1701,1840,2007,967,1040,1096456.1,521917950000000,2200,1000,0
86,31,55,11281,5767,5514,6603,4067,2536,1096299.9,521806583000000,8500,5400,0
85,31,54,11415,6023,5392,6791,4323,2468,1096065.6,521695249000000,8400,5200,0
26,12,14,3292,1320,1972,1560,520,1040,1095905.5,521654413000000,2500,1200,0
26,12,14,3292,1320,1972,1560,520,1040,1095819.6,521613611000000,2500,1200,0
26,12,14,3292,1320,1972,1560,520,1040,1095733.8,521572809000000,2500,1200,0
30,20,10,1780,1200,580,0,0,0,1101942.5,525728760000000,1000,0,1000
90,33,57,11763,6061,5702,6851,4247,2604,1108067.2,525609172000000,8900,5500,0
38,16,22,5673,3105,2568,3587,2215,1372,1107881.9,525553136000000,3700,2300,0
26,12,14,3292,1320,1972,1560,520,1040,1107779.4,525512066000000,2500,1200,0
21,11,10,4147,2163,1984,2967,1531,1436,1107696.5,525474720000000,1800,900,300
23,11,12,4071,2371,1700,2787,1747,1040,1107617.6,525437374000000,2200,1100,0
26,12,14,3292,1320,1972,1560,520,1040,1107534.9,525396303000000,2500,1200,0
23,11,12,3541,1701,1840,2007,967,1040,1107452.1,525358990000000,2200,1000,0
26,12,14,3292,1320,1972,1560,520,1040,1107369.2,525317920000000,2500,1200,0
77,29,48,10359,5427,4932,6167,3835,2332,1107215.6,525213465000000,7500,4800,200
26,12,14,3292,1320,1972,1560,520,1040,1107062.1,525172428000000,2500,1200,0
31,14,17,5005,2767,2238,3291,1979,1312,1106967.5,525123942000000,2900,1700,200
26,12,14,3308,1336,1972,1576,536,1040,1106873,525082938000000,2500,1200,0
9,5,4,999,319,680,479,23,456,1106814,525068006000000,800,300,0
95,41,54,11759,6367,5392,6535,4067,2468,1106640.9,524918924000000,9400,5200,0
26,12,14,3292,1320,1972,1560,520,1040,1106440.2,524877920000000,2500,1200,0
92,37,55,12119,6149,5970,7075,4083,2992,1106255.4,524743837000000,9100,5300,0
83,36,47,9738,4408,5330,4226,2030,2196,1105976.4,524613545000000,8100,4600,100
24,11,13,4181,2431,1750,2851,1811,1040,1105799.5,524576333000000,2300,1100,0
6,4,2,412,272,140,0,0,0,1105748.5,524565160000000,500,0,0
23,11,12,3541,1701,1840,2007,967,1040,1105697.4,524527948000000,2200,1000,0
24,11,13,4125,2371,1754,2787,1747,1040,1105618.8,524490736000000,2300,1100,0
25,13,12,4251,2487,1764,2855,1747,1108,1105532.4,524446108000000,2300,1200,200
19,10,9,3569,2103,1466,2503,1531,972,1105449.9,524412655000000,1600,800,300
26,12,14,3292,1320,1972,1560,520,1040,1105371.2,524371718000000,2500,1200,0
6,4,2,356,240,116,0,0,0,1105573.5,524396683000000,200,0,200
138,54,84,16254,6358,9896,7046,2786,4260,1105611,524199651000000,13700,8100,0
24,11,13,4117,2367,1750,2787,1747,1040,1105363.9,524162506000000,2300,1100,0
26,12,14,3012,1204,1808,1560,520,1040,1105281.5,524121637000000,2500,1200,0
27,14,13,3728,1886,1842,2228,1100,1128,1105187.5,524073352000000,2600,1600,0
26,12,14,3292,1320,1972,1560,520,1040,1105093.5,524032517000000,2500,1200,0
85,31,54,11159,5767,5392,6535,4067,2468,1104932.8,523921116000000,8400,5200,0
3,2,1,184,122,62,0,0,0,1104811.2,523917425000000,100,0,100
22,10,12,2896,1104,1792,1440,436,1004,1104772,523884005000000,2000,1000,200
24,11,13,4125,2371,1754,2787,1747,1040,1104697.5,523846893000000,2300,1100,0
26,12,14,3292,1320,1972,1560,520,1040,1104615.2,523806091000000,2500,1200,0
32,15,17,4088,1722,2366,1960,724,1236,1104517.2,523754149000000,3100,1800,0
85,31,54,11223,5831,5392,6599,4131,2468,1104344.9,523642882000000,8400,5200,0
23,11,12,3541,1701,1840,2007,967,1040,1104188.2,523605805000000,2200,1000,0
23,11,12,3541,1701,1840,2007,967,1040,1104110,523568727000000,2200,1000,0
26,12,14,3308,1336,1972,1576,536,1040,1104027.8,523527959000000,2500,1200,0
93,34,59,12117,6283,5834,7019,4415,2604,1103855.5,523405686000000,9200,5700,0
24,11,13,3056,1186,1870,1456,452,1004,1103687.4,523368642000000,2200,1100,200
22,10,12,2896,1104,1792,1440,436,1004,1103613,523335323000000,2000,1000,200
26,12,14,3292,1320,1972,1560,520,1040,1103534.8,523294587000000,2500,1200,0
26,12,14,3308,1336,1972,1576,536,1040,1103448.6,523253852000000,2500,1200,0
22,10,12,2896,1104,1792,1440,436,1004,1103370.4,523220533000000,2000,1000,200
35,15,20,5515,3047,2468,3591,2211,1380,1103280.5,523168691000000,3300,2000,200
26,12,14,3292,1320,1972,1560,520,1040,1103182.8,523127990000000,2500,1200,0
23,11,12,3541,1701,1840,2007,967,1040,1103100.6,523090979000000,2200,1000,0
104,40,64,14655,7295,7360,8927,5055,3872,1102909.2,522946729000000,10300,6200,0
109,53,56,13051,7087,5964,6999,4067,2932,1102554.2,522754495000000,10800,5400,0
3,2,1,178,120,58,0,0,0,1102347.8,522750804000000,100,0,100
24,11,13,3607,1701,1906,2007,967,1040,1102304.9,522713861000000,2300,1100,0
87,32,55,11803,5833,5970,7059,4067,2992,1102144.9,522599340000000,8600,5300,0
90,31,59,12165,5767,6398,7271,4067,3204,1101907.1,522488576000000,8900,5700,0
27,12,15,3374,1336,2038,1576,536,1040,1101747.2,522447976000000,2600,1200,0
26,12,14,3292,1320,1972,1560,520,1040,1101661.5,522407375000000,2500,1200,0
23,11,12,3541,1701,1840,2007,967,1040,1101579.6,522370465000000,2200,1000,0
26,12,14,3292,1320,1972,1560,520,1040,1101497.8,522329864000000,2500,1200,0
26,12,14,3292,1320,1972,1560,520,1040,1101412,522289297000000,2500,1200,0
47,18,29,6919,3557,3362,4347,2559,1788,1101303,522226583000000,4500,2900,200
26,12,14,3292,1320,1972,1560,520,1040,1101193.9,522186016000000,2500,1200,0
26,12,14,3012,1204,1808,1560,520,1040,1101108.2,522145482000000,2500,1200,0
52,21,31,7487,4133,3354,4623,2971,1652,1100987.5,522071763000000,5000,3000,100
26,12,14,3292,1320,1972,1560,520,1040,1100866.9,522031196000000,2500,1200,0
88,34,54,11339,5947,5392,6535,4067,2468,1100695.6,521909628000000,8700,5200,0
23,11,12,3541,1701,1840,2007,967,1040,1100528.4,521872786000000,2200,1000,0
24,11,13,4125,2371,1754,2787,1747,1040,1100450.5,521835976000000,2300,1100,0
85,31,54,11319,5927,5392,6695,4227,2468,1100295,521725515000000,8400,5200,0
23,11,12,4071,2371,1700,2787,1747,1040,1100139.5,521688706000000,2200,1100,0
91,34,57,12295,6081,6214,7323,4195,3128,1099972.5,521567306000000,9000,5500,0
92,34,58,12711,6819,5892,7679,4939,2740,1099716.2,521445940000000,9100,5600,0
24,11,13,4117,2367,1750,2787,1747,1040,1099549.4,521409164000000,2300,1100,0
22,10,12,2896,1104,1792,1440,436,1004,1099475.6,521376079000000,2000,1000,200
22,10,12,2896,1104,1792,1440,436,1004,1099405.6,521342995000000,2000,1000,200
23,11,12,3541,1701,1840,2007,967,1040,1099331.9,521306253000000,2200,1000,0
41,17,24,6677,3165,3512,4411,2215,2196,1099231,521247465000000,4000,2300,0
7,4,3,444,242,202,32,0,32,1099157.2,521236426000000,600,100,100
26,12,14,3292,1320,1972,1560,520,1040,1099102.9,521196026000000,2500,1200,0
77,32,45,10153,5451,4702,5931,3667,2264,1098940,521082176000000,7600,4500,100
23,11,12,3541,1701,1840,2007,967,1040,1098781,521045467000000,2200,1000,0
26,12,14,3292,1320,1972,1560,520,1040,1098699.6,521005068000000,2500,1200,0
26,12,14,3292,1320,1972,1560,520,1040,1098614.2,520964702000000,2500,1200,0
26,12,14,3292,1320,1972,1560,520,1040,1098529,520924336000000,2500,1200,0
23,14,9,1362,840,522,0,0,0,1103327,524439230000000,900,0,700
26,12,14,3292,1320,1972,1560,520,1040,1108124.2,524398595000000,2500,1200,0
26,12,14,4477,2537,1940,3039,1863,1176,1108038.2,524357961000000,2400,1400,200
26,12,14,3292,1320,1972,1560,520,1040,1107952.2,524317360000000,2500,1200,0
26,12,14,3891,1851,2040,2159,1051,1108,1107866.2,524276759000000,2500,1200,0
27,12,15,4705,2711,1994,3219,2043,1176,1107780.2,524236158000000,2600,1500,100
85,31,54,11175,5783,5392,6551,4083,2468,1107620.2,524125429000000,8400,5200,0
100,36,64,13607,7095,6512,8119,5107,3012,1107366.6,523996345000000,9900,6300,0
29,13,16,4241,2001,2240,2311,1135,1176,1107183.4,523952087000000,2800,1400,0
26,12,14,3482,1210,2272,2024,520,1504,1107093.6,523911553000000,2500,1200,0
29,13,16,3606,1438,2168,1664,572,1092,1107003.9,523867295000000,2800,1400,0
26,12,14,3308,1336,1972,1576,536,1040,1106914.1,523826761000000,2500,1200,0
26,12,14,3012,1204,1808,1560,520,1040,1106828.2,523786227000000,2500,1200,0
85,31,54,11159,5767,5392,6535,4067,2468,1106668.4,523675732000000,8400,5200,0
22,10,12,2896,1104,1792,1440,436,1004,1106516.4,523642581000000,2000,1000,200
26,12,14,3308,1336,1972,1576,536,1040,1106438.5,523602080000000,2500,1200,0
26,12,14,3292,1320,1972,1560,520,1040,1106352.8,523561580000000,2500,1200,0
87,32,55,11341,5827,5514,6603,4067,2536,1106189.1,523447461000000,8600,5300,0
101,46,55,12565,7051,5514,6987,4451,2536,1105893.2,523281937000000,10000,5300,0
88,33,55,11465,5951,5514,6667,4131,2536,1105593.6,523164262000000,8700,5400,0
90,32,58,13333,7089,6244,8403,5335,3068,1105348.6,523050345000000,8900,5600,0
85,31,54,11159,5767,5392,6535,4067,2468,1105111.5,522940118000000,8400,5200,0
26,12,14,3292,1320,1972,1560,520,1040,1104952.2,522899752000000,2500,1200,0
71,27,44,9731,5151,4580,5863,3667,2196,1104808.4,522804290000000,6900,4400,200
104,34,70,14739,6415,8324,9047,4547,4500,1104579.4,522683159000000,10300,6700,0
85,31,54,11287,5895,5392,6663,4195,2468,1104335,522573134000000,8400,5200,0
26,12,14,3292,1320,1972,1560,520,1040,1104175.9,522532768000000,2500,1200,0
106,37,69,13008,4458,8550,5942,2014,3928,1103993.8,522400798000000,10400,6700,100
26,12,14,3292,1320,1972,1560,520,1040,1103811.8,522360499000000,2500,1200,0
23,11,12,3541,1701,1840,2007,967,1040,1103730.2,522323824000000,2200,1000,0
26,12,14,3292,1320,1972,1560,520,1040,1103648.9,522283525000000,2500,1200,0
26,12,14,3308,1336,1972,1576,536,1040,1103563.5,522243226000000,2500,1200,0
84,30,54,11099,5707,5392,6535,4067,2468,1103408.5,522137027000000,8300,5300,0
93,35,58,11887,6007,5880,6807,4067,2740,1103164.8,522012573000000,9200,5700,0
26,12,14,3891,1851,2040,2159,1051,1108,1102990.9,521972308000000,2500,1200,0
23,11,12,3541,1701,1840,2007,967,1040,1102909.5,521935734000000,2200,1000,0
22,10,12,2896,1104,1792,1440,436,1004,1102836,521902817000000,2000,1000,200
3,2,1,178,120,58,0,0,0,1102797.2,521899159000000,100,0,100
26,12,14,3292,1320,1972,1560,520,1040,1102750.8,521858928000000,2500,1200,0
26,12,14,3308,1336,1972,1576,536,1040,1102665.6,521818696000000,2500,1200,0
22,10,12,2896,1104,1792,1440,436,1004,1102588.1,521785779000000,2000,1000,200
26,12,14,3292,1320,1972,1560,520,1040,1102510.8,521745547000000,2500,1200,0
97,42,55,12197,6683,5514,6859,4323,2536,1102309.6,521595693000000,9600,5300,0
24,11,13,4117,2367,1750,2787,1747,1040,1102112.5,521559152000000,2300,1100,0
43,15,28,5396,1820,3576,2490,806,1684,1102020,521508015000000,4000,2400,0
8,5,3,504,302,202,32,0,32,1101950.6,521493419000000,600,100,200
106,50,56,12543,6907,5636,6671,4067,2604,1101746.2,521314507000000,10500,5400,0
23,10,13,2994,1104,1890,1472,436,1036,1101522.5,521281657000000,2100,1100,200
26,12,14,3292,1320,1972,1560,520,1040,1101445.2,521241526000000,2500,1200,0
26,12,14,3891,1851,2040,2159,1051,1108,1101360.2,521201361000000,2500,1200,0
76,36,40,9699,5471,4228,5495,3435,2060,1101183,521073720000000,7500,4000,100
26,12,14,3292,1320,1972,1560,520,1040,1101005.6,521033589000000,2500,1200,0
92,37,55,11573,6127,5446,6535,4067,2468,1100824.4,520902391000000,9100,5300,0
26,12,14,3292,1320,1972,1560,520,1040,1100643.1,520862294000000,2500,1200,0
26,12,14,3292,1320,1972,1560,520,1040,1100558.2,520822230000000,2500,1200,0
26,12,14,3292,1320,1972,1560,520,1040,1100473.4,520782166000000,2500,1200,0
26,12,14,3292,1320,1972,1560,520,1040,1100388.5,520742102000000,2500,1200,0
27,13,14,3374,1402,1972,1576,536,1040,1100299.9,520698380000000,2600,1200,0
26,12,14,3308,1336,1972,1576,536,1040,1100211.2,520658350000000,2500,1200,0
24,11,13,4125,2371,1754,2787,1747,1040,1100130.2,520621943000000,2300,1100,0
24,11,13,4125,2371,1754,2787,1747,1040,1100053.1,520585537000000,2300,1100,0
108,49,59,13021,7131,5890,7035,4363,2672,1099830,520410886000000,10700,5700,0
34,15,19,5393,3047,2346,3523,2211,1312,1099591.6,520359950000000,3200,1900,200
23,10,13,3426,1104,2322,1904,436,1468,1099503,520327235000000,2100,1100,200
36,16,20,5461,3105,2356,3483,2215,1268,1099410.6,520272709000000,3500,2200,0
26,12,14,3292,1320,1972,1560,520,1040,1099310.6,520232712000000,2500,1200,0
26,12,14,3292,1320,1972,1560,520,1040,1099226,520192749000000,2500,1200,0
3,2,1,184,122,62,0,0,0,1099179.8,520189091000000,100,0,100
26,12,14,3292,1320,1972,1560,520,1040,1099133.6,520149128000000,2500,1200,0
26,12,14,3292,1320,1972,1560,520,1040,1099049,520109165000000,2500,1200,0
24,11,13,4295,2477,1818,2971,1863,1108,1098968.2,520072825000000,2300,1300,100
24,11,13,4125,2371,1754,2787,1747,1040,1098891.4,520036519000000,2300,1100,0
26,12,14,3292,1320,1972,1560,520,1040,1098810.6,519996556000000,2500,1200,0
26,12,14,3308,1336,1972,1576,536,1040,1098726,519956626000000,2500,1200,0
79,31,48,10335,5435,4900,6011,3723,2288,1098568.5,519847708000000,7800,5000,0
101,45,56,12415,6891,5524,6831,4363,2468,1098284.4,519688056000000,10000,5400,0
90,36,54,11715,6323,5392,6791,4323,2468,1097981.8,519561154000000,8900,5200,0
22,10,12,2896,1104,1792,1440,436,1004,1097813.4,519528505000000,2000,1000,200
88,34,54,11403,6011,5392,6599,4131,2468,1097652.2,519408917000000,8700,5200,0
88,32,56,11463,5827,5636,6671,4067,2604,1097407.1,519296610000000,8700,5500,0
26,12,14,3012,1204,1808,1560,520,1040,1097246.4,519256781000000,2500,1200,0
23,11,12,3352,1124,2228,1812,384,1428,1097165.9,519220576000000,2100,1000,100
26,12,14,3292,1320,1972,1560,520,1040,1097085.4,519180747000000,2500,1200,0
26,12,14,3012,1204,1808,1560,520,1040,1097001.1,519140918000000,2500,1200,0
24,11,13,4117,2367,1750,2787,1747,1040,1096920.6,519104746000000,2300,1100,0
26,12,14,3012,1204,1808,1560,520,1040,1096840.1,519064917000000,2500,1200,0
26,12,14,3292,1320,1972,1560,520,1040,1096755.9,519025122000000,2500,1200,0
26,12,14,3292,1320,1972,1560,520,1040,1096671.6,518985326000000,2500,1200,0
64,25,39,8811,4637,4174,5315,3255,2060,1096537.6,518898521000000,6200,3900,200
90,35,55,11521,6007,5514,6603,4067,2536,1096315.8,518775611000000,8900,5300,0
24,11,13,4185,2367,1818,2855,1747,1108,1096147.5,518739473000000,2300,1200,0
88,33,55,11333,5887,5446,6535,4067,2468,1095986.9,518623844000000,8700,5300,0
15,6,9,2524,590,1934,1470,166,1304,1095845.6,518605792000000,1300,600,0
88,34,54,11339,5947,5392,6535,4067,2468,1095700.5,518486606000000,8700,5200,0
53,17,36,6776,2256,4520,3254,1126,2128,1095513.4,518428859000000,5200,3500,0
24,11,13,4117,2367,1750,2787,1747,1040,1095414.1,518392755000000,2300,1100,0
26,12,14,3292,1320,1972,1560,520,1040,1095333.9,518353060000000,2500,1200,0
90,33,57,11635,5893,5742,6723,4067,2656,1095169.8,518237599000000,8900,5500,0
26,12,14,3292,1320,1972,1560,520,1040,1095005.6,518197938000000,2500,1200,0
87,32,55,11341,5827,5514,6603,4067,2536,1094845.4,518086168000000,8600,5300,0
26,12,14,3292,1320,1972,1560,520,1040,1094685.1,518046507000000,2500,1200,0
31,13,18,5109,2817,2292,3407,2095,1312,1094597.4,518003255000000,2900,1900,100
23,11,12,2956,1164,1792,1440,436,1004,1094513.5,517967217000000,2000,1000,300
99,38,61,12108,4802,7306,5522,2250,3272,1094334.4,517833939000000,9800,5900,0
26,12,14,3308,1336,1972,1576,536,1040,1094151.5,517794311000000,2500,1200,0
28,14,14,3900,1464,2436,2024,520,1504,1094060,517747537000000,2700,1300,0
106,52,54,12419,7027,5392,6535,4067,2468,1093816.2,517563960000000,10500,5300,0
6,4,2,358,242,116,0,0,0,1093610.8,517553189000000,500,0,0
23,11,12,3541,1701,1840,2007,967,1040,1093561.2,517517219000000,2200,1000,0
26,12,14,3665,1625,2040,1933,825,1108,1093481.2,517477658000000,2500,1300,0
85,31,54,11159,5767,5392,6535,4067,2468,1093325.2,517369781000000,8400,5300,0
26,12,14,3308,1336,1972,1576,536,1040,1093169.2,517330254000000,2500,1200,0
24,11,13,4125,2371,1754,2787,1747,1040,1093089.4,517294283000000,2300,1100,0
63,24,39,9151,4317,4834,5691,2971,2720,1092964.1,517211639000000,6200,3900,100
26,12,14,3292,1320,1972,1560,520,1040,1092835,517172145000000,2500,1200,0
22,10,12,2896,1104,1792,1440,436,1004,1092759,517139799000000,2000,1000,200
87,32,55,11273,5827,5446,6535,4067,2468,1092607,517028499000000,8600,5300,0
27,12,15,3902,1332,2570,2092,520,1572,1092447.4,516989005000000,2600,1400,0
26,12,14,3308,1336,1972,1576,536,1040,1092363.9,516949512000000,2500,1200,0
26,12,14,3292,1320,1972,1560,520,1040,1092280.2,516910051000000,2500,1200,0
91,35,56,11575,6007,5568,6603,4067,2536,1092109.4,516788048000000,9000,5400,0
3,2,1,178,120,58,0,0,0,1091976.6,516784457000000,100,0,100
26,12,14,3292,1320,1972,1560,520,1040,1091931,516745031000000,2500,1200,0
24,11,13,4125,2371,1754,2787,1747,1040,1091851.2,516709161000000,2300,1100,0
25,11,14,4711,2371,2340,3319,1747,1572,1091775.4,516673291000000,2400,1300,0
91,34,57,11649,6027,5622,6683,4147,2536,1091612.4,516555012000000,9000,5400,0
23,11,12,3541,1701,1840,2007,967,1040,1091449.2,516519176000000,2200,1000,0
85,31,54,11415,6023,5392,6791,4323,2468,1091297.6,516411701000000,8400,5200,0
36,16,20,5461,3105,2356,3483,2215,1268,1091127.1,516357980000000,3500,2100,0
29,13,16,4241,2001,2240,2311,1135,1176,1091024.8,516315031000000,2800,1400,0
23,11,12,3541,1701,1840,2007,967,1040,1090941.4,516279228000000,2200,1000,0
26,12,14,3292,1320,1972,1560,520,1040,1090861.8,516239835000000,2500,1200,0
26,12,14,3292,1320,1972,1560,520,1040,1090778.4,516200476000000,2500,1200,0
87,31,56,11531,5895,5636,6799,4195,2604,1090623.2,516093135000000,8600,5400,0
24,11,13,5401,3179,2222,4051,2555,1496,1090471.9,516057366000000,2300,1200,0
26,12,14,3292,1320,1972,1560,520,1040,1090392.4,516018040000000,2500,1200,0
24,11,13,4125,2371,1754,2787,1747,1040,1090312.9,515982271000000,2300,1100,0
85,31,54,11175,5783,5392,6551,4083,2468,1090161.5,515875031000000,8400,5200,0
23,11,12,3541,1701,1840,2007,967,1040,1090010.2,515839296000000,2200,1000,0
32,13,19,5017,2599,2418,3227,1863,1364,1089927.1,515796413000000,3000,1700,0
85,31,54,11415,6023,5392,6791,4323,2468,1089768.4,515689241000000,8400,5200,0
26,12,14,3308,1336,1972,1576,536,1040,1089613.5,515649948000000,2500,1200,0
85,31,54,11159,5767,5392,6535,4067,2468,1089458.5,515542843000000,8400,5200,0
26,12,14,3308,1336,1972,1576,536,1040,1089303.8,515503584000000,2500,1200,0
23,11,12,3541,1701,1840,2007,967,1040,1089224.4,515467882000000,2200,1000,0
22,10,12,2896,1104,1792,1440,436,1004,1089152.6,515435770000000,2000,1000,200
96,33,63,13315,6217,7098,8067,4415,3652,1088997.9,515321618000000,9500,6100,0
22,10,12,2896,1104,1792,1440,436,1004,1088843.2,515289540000000,2000,1000,200
23,11,12,3541,1701,1840,2007,967,1040,1088771.5,515253872000000,2200,1000,0
85,31,54,11287,5895,5392,6663,4195,2468,1088620.6,515146934000000,8400,5200,0
85,31,54,11159,5767,5392,6535,4067,2468,1088394.4,515040029000000,8400,5200,0
60,26,34,8177,4477,3700,4879,3023,1856,1088187.1,514950976000000,5800,3500,200
26,12,14,3907,1867,2040,2175,1067,1108,1088051.4,514911784000000,2500,1200,0
22,10,12,2896,1104,1792,1440,436,1004,1087976,514879740000000,2000,1000,200
23,11,12,3541,1701,1840,2007,967,1040,1087904.4,514844139000000,2200,1000,0
26,12,14,3292,1320,1972,1560,520,1040,1087825.2,514805014000000,2500,1200,0
26,12,14,3308,1336,1972,1576,536,1040,1087742.4,514765856000000,2500,1200,0
48,23,25,6689,3747,2942,4027,2443,1584,1087618.6,514687574000000,4700,2500,100
88,33,55,11657,6143,5514,6859,4323,2536,1087416,514573757000000,8700,5300,0
22,10,12,2896,1104,1792,1440,436,1004,1087261.8,514541746000000,2000,1000,200
23,11,12,3541,1701,1840,2007,967,1040,1087190.1,514506178000000,2200,1000,0
23,11,12,2974,1202,1772,1440,468,972,1087114.9,514470644000000,2200,1000,0
26,12,14,3292,1320,1972,1560,520,1040,1087035.9,514431520000000,2500,1200,0
85,31,54,11159,5767,5392,6535,4067,2468,1086881.6,514324917000000,8400,5200,0
22,10,12,2896,1104,1792,1440,436,1004,1086735.1,514292974000000,2000,1000,200
23,11,12,3541,1701,1840,2007,967,1040,1086663.6,514257439000000,2200,1000,0
24,11,13,4117,2367,1750,2787,1747,1040,1086588.4,514221905000000,2300,1100,0
22,10,12,3475,1635,1840,2007,967,1040,1086517,514189961000000,2100,1000,0
23,11,12,3541,1701,1840,2007,967,1040,1086445.6,514154461000000,2200,1000,0
24,11,13,4125,2371,1754,2787,1747,1040,1086370.4,514118960000000,2300,1100,0
26,12,14,3308,1336,1972,1576,536,1040,1086291.5,514079903000000,2500,1200,0
24,11,13,4125,2371,1754,2787,1747,1040,1086212.6,514044402000000,2300,1100,0
30,18,12,1776,1080,696,0,0,0,1092645.1,520298680000000,1200,0,900
95,33,62,12585,6397,6188,7391,4583,2808,1098993,520183790000000,9400,5800,0
98,44,54,11939,6547,5392,6535,4067,2468,1098708.2,520029473000000,9700,5300,0
26,12,14,3292,1320,1972,1560,520,1040,1098503.2,519990013000000,2500,1200,0
3,2,1,184,122,62,0,0,0,1098457.8,519986422000000,100,0,100
22,10,12,2896,1104,1792,1440,436,1004,1098419.8,519954143000000,2000,1000,200
85,31,54,11159,5767,5392,6535,4067,2468,1098271.8,519846568000000,8400,5200,0
36,21,15,2130,1260,870,0,0,0,1104945.5,523333746000000,1500,0,1000
85,31,54,11159,5767,5392,6535,4067,2468,1111617,523225499000000,8400,5200,0
18,7,11,2460,782,1678,1238,318,920,1111479,523203856000000,1600,600,100
26,12,14,3292,1320,1972,1560,520,1040,1111413.9,523164161000000,2500,1200,0
36,16,20,5461,3105,2356,3483,2215,1268,1111314.1,523110072000000,3500,2100,0
24,13,11,1418,780,638,0,0,0,1117318.4,529589164000000,1100,0,600
86,32,54,11475,6083,5392,6791,4323,2468,1123259.6,529476052000000,8500,5200,0
10,3,7,620,186,434,0,0,0,1123131.8,529468737000000,700,0,0
22,10,12,2896,1104,1792,1440,436,1004,1123089.1,529435921000000,2000,1000,200
87,32,55,11395,5937,5458,6651,4183,2468,1122934.1,529322843000000,8600,5300,0
99,44,55,12061,6547,5514,6603,4067,2536,1122648,529166110000000,9800,5400,0
26,12,14,3292,1320,1972,1560,520,1040,1122439.4,529126046000000,2500,1200,0
26,12,14,3891,1851,2040,2159,1051,1108,1122354.1,529085948000000,2500,1200,0
26,12,14,3308,1336,1972,1576,536,1040,1122268.9,529045884000000,2500,1200,0
23,11,12,3541,1701,1840,2007,967,1040,1122187.6,529009478000000,2200,1000,0
93,33,60,11963,6019,5944,6867,4195,2672,1122025.2,528892943000000,9000,5500,0
26,12,14,3292,1320,1972,1560,520,1040,1121859,528852913000000,2500,1200,0
26,12,14,3292,1320,1972,1560,520,1040,1121773.9,528812882000000,2500,1200,0
96,42,54,11883,6491,5392,6599,4131,2468,1121573.5,528663699000000,9500,5200,0
23,11,12,3541,1701,1840,2007,967,1040,1121377,528627326000000,2200,1000,0
87,33,54,11279,5887,5392,6535,4067,2468,1121214.8,528510993000000,8600,5200,0
26,12,14,3292,1320,1972,1560,520,1040,1121048.8,528471030000000,2500,1200,0
26,12,14,3292,1320,1972,1560,520,1040,1120963.8,528431033000000,2500,1200,0
26,12,14,3292,1320,1972,1560,520,1040,1120878.8,528391069000000,2500,1200,0
26,12,14,3292,1320,1972,1560,520,1040,1120793.9,528351106000000,2500,1200,0
3,2,1,178,120,58,0,0,0,1120747.5,528347482000000,100,0,100
22,10,12,2896,1104,1792,1440,436,1004,1120708.9,528314767000000,2000,1000,200
94,40,54,11699,6307,5392,6535,4067,2468,1120523.8,528173167000000,9300,5200,0
90,32,58,11761,5937,5824,6855,4183,2672,1120254,528060625000000,8900,5600,0
85,31,54,11159,5767,5392,6535,4067,2468,1120018.9,527951808000000,8400,5200,0
23,11,12,3541,1701,1840,2007,967,1040,1119864.8,527915536000000,2200,1000,0
23,11,12,3541,1701,1840,2007,967,1040,1119787.6,527879264000000,2200,1000,0
26,12,14,3292,1320,1972,1560,520,1040,1119706.8,527839368000000,2500,1200,0
36,16,20,5461,3105,2356,3483,2215,1268,1119606.5,527784976000000,3500,2100,0
27,12,15,3370,1320,2050,1560,520,1040,1119506.4,527745113000000,2600,1200,0
26,12,14,3292,1320,1972,1560,520,1040,1119421.6,527705250000000,2500,1200,0
70,25,45,11054,5032,6022,7174,3662,3512,1119287.2,527618277000000,6900,4500,100
55,22,33,7891,4301,3590,4875,3087,1788,1119114.5,527542209000000,5300,3300,200
14,7,7,2925,1619,1306,2135,1215,920,1119010.6,527520500000000,1300,500,0
26,12,14,3292,1320,1972,1560,520,1040,1118945.2,527480671000000,2500,1200,0
26,12,14,3292,1320,1972,1560,520,1040,1118860.5,527440842000000,2500,1200,0
26,12,14,4703,2431,2272,3251,1747,1504,1118775.9,527401012000000,2300,1200,300
26,12,14,3012,1204,1808,1560,520,1040,1118691.2,527361183000000,2500,1200,0
24,11,13,3607,1701,1906,2007,967,1040,1118610.5,527325012000000,2300,1100,0
85,31,54,11159,5767,5392,6535,4067,2468,1118456.8,527216463000000,8400,5200,0
73,34,39,12475,7225,5250,8425,5305,3120,1118220,527097110000000,6800,3300,300
91,38,53,11478,4480,6998,5390,1898,3492,1117956.5,526963362000000,8900,5300,100
26,12,14,3292,1320,1972,1560,520,1040,1117772.2,526923634000000,2500,1200,0
85,31,54,11159,5767,5392,6535,4067,2468,1117614.9,526815253000000,8400,5200,0
26,12,14,3907,1867,2040,2175,1067,1108,1117457.6,526775524000000,2500,1200,0
7,4,3,444,242,202,32,0,32,1117403.9,526764686000000,500,100,100
23,11,12,3541,1701,1840,2007,967,1040,1117354,526728582000000,2200,1000,0
24,11,13,4181,2431,1750,2851,1811,1040,1117277.2,526692477000000,2300,1100,0
26,12,14,3923,1883,2040,2191,1083,1108,1117196.6,526652782000000,2500,1200,0
33,18,15,3856,1906,1950,2004,872,1132,1117089.9,526591411000000,3200,1600,0
24,11,13,3607,1701,1906,2007,967,1040,1116986.9,526555340000000,2300,1100,0
24,11,13,4125,2371,1754,2787,1747,1040,1116910.2,526519269000000,2300,1100,0
26,12,14,3012,1204,1808,1560,520,1040,1116829.6,526479574000000,2500,1200,0
25,12,13,3530,1248,2282,1864,436,1428,1116745.4,526439913000000,2300,1100,200
27,12,15,3370,1320,2050,1560,520,1040,1116661,526400218000000,2600,1200,0
76,35,41,8674,3820,4854,3606,1478,2128,1116488.6,526277644000000,7500,3900,0
26,12,14,3292,1320,1972,1560,520,1040,1116316.4,526238016000000,2500,1200,0
23,11,12,2956,1164,1792,1440,436,1004,1116235.9,526201978000000,2000,1000,300
24,11,13,3607,1701,1906,2007,967,1040,1116159.2,526165941000000,2300,1100,0
93,33,60,12263,6267,5996,7183,4459,2724,1115998.6,526050681000000,9200,5800,0
88,34,54,11339,5947,5392,6535,4067,2468,1115750,525931865000000,8700,5200,0
90,35,55,11453,6007,5446,6535,4067,2468,1115493.8,525809492000000,8900,5300,0
90,34,56,11531,5963,5568,6619,4083,2536,1115237.8,525690777000000,8900,5300,0
27,12,15,3358,1320,2038,1560,520,1040,1115069.6,525651249000000,2600,1200,0
98,44,54,11939,6547,5392,6535,4067,2468,1114863.4,525496664000000,9700,5300,0
23,11,12,4071,2371,1700,2787,1747,1040,1114661.1,525460727000000,2200,1100,0
3,2,1,178,120,58,0,0,0,1114619.1,525457137000000,100,0,100
22,10,12,2896,1104,1792,1440,436,1004,1114580.9,525424791000000,2000,1000,200
3,2,1,178,120,58,0,0,0,1114542.8,525421200000000,100,0,100
28,14,14,3504,1480,2024,1628,536,1092,1114489.2,525374493000000,2700,1300,0
90,33,57,11913,6287,5626,6991,4471,2520,1114317.6,525259602000000,8800,5400,0
14,8,6,2931,1679,1252,2135,1215,920,1114168.9,525234470000000,1100,500,300
48,22,26,8314,4814,3500,5654,3574,2080,1114069.9,525159073000000,4600,2200,0
26,12,14,3292,1320,1972,1560,520,1040,1113955.8,525119613000000,2500,1200,0
36,18,18,4887,2403,2484,2495,1207,1288,1113849,525058611000000,3500,1800,0
26,12,14,3308,1336,1972,1576,536,1040,1113742.2,525019151000000,2500,1200,0
23,11,12,2956,1164,1792,1440,436,1004,1113662.1,524983281000000,2000,1000,300
23,10,13,3426,1104,2322,1904,436,1468,1113589.8,524951002000000,2100,1100,200
24,10,14,3460,1104,2356,1864,436,1428,1113521.1,524918723000000,2200,1100,200
26,12,14,3308,1336,1972,1576,536,1040,1113445,524879263000000,2500,1200,0
26,12,14,3308,1336,1972,1576,536,1040,1113361.1,524839836000000,2500,1200,0
27,12,15,3358,1320,2038,1560,520,1040,1113277.4,524800410000000,2600,1200,0
27,12,15,3410,1320,2090,1612,520,1092,1113193.5,524760983000000,2600,1300,0
7,4,3,412,242,170,0,0,0,1113140.2,524750246000000,600,0,0
88,34,54,11339,5947,5392,6535,4067,2468,1113003.2,524632000000000,8700,5300,0
26,12,14,3292,1320,1972,1560,520,1040,1112835.9,524592607000000,2500,1200,0
21,11,10,1240,660,580,0,0,0,1119624.1,532230401000000,1000,0,500
26,12,14,3292,1320,1972,1560,520,1040,1126411.5,532190438000000,2500,1200,0
24,11,13,4117,2367,1750,2787,1747,1040,1126330.6,532154098000000,2300,1100,0
87,32,55,11555,6097,5458,6811,4343,2468,1126172.9,532041523000000,8600,5300,0
26,12,14,3292,1320,1972,1560,520,1040,1126011.2,532001593000000,2500,1200,0
26,12,14,3292,1320,1972,1560,520,1040,1125926.5,531961664000000,2500,1200,0
23,11,12,3541,1701,1840,2007,967,1040,1125845.6,531925391000000,2200,1000,0
26,12,14,3292,1320,1972,1560,520,1040,1125764.9,531885462000000,2500,1200,0
22,10,12,2896,1104,1792,1440,436,1004,1125687.9,531852813000000,2000,1000,200
85,31,54,11159,5767,5392,6535,4067,2468,1125538,531743996000000,8400,5200,0
23,11,12,3557,1717,1840,2023,983,1040,1125384.2,531707724000000,2200,1000,0
24,11,13,4117,2367,1750,2787,1747,1040,1125307.2,531671485000000,2300,1100,0
85,31,54,11159,5767,5392,6535,4067,2468,1125153.6,531562735000000,8400,5200,0
32,14,18,5169,2877,2292,3407,2095,1312,1124988.5,531515625000000,3000,1800,200
85,31,54,11223,5831,5392,6599,4131,2468,1124823.4,531406942000000,8400,5200,0
105,40,65,13405,6783,6622,7635,4555,3080,1124559.1,531265745000000,10400,6300,0
87,32,55,11597,6083,5514,6859,4323,2536,1124291.1,531153539000000,8600,5300,0
26,12,14,3292,1320,1972,1560,520,1040,1124130.1,531113743000000,2500,1200,0
23,11,12,3541,1701,1840,2007,967,1040,1124049.5,531077572000000,2200,1000,0
26,12,14,3012,1204,1808,1560,520,1040,1123969,531037776000000,2500,1200,0
26,12,14,3292,1320,1972,1560,520,1040,1123884.5,530997980000000,2500,1200,0
26,12,14,3308,1336,1972,1576,536,1040,1123800.2,530958218000000,2500,1200,0
27,12,15,3358,1320,2038,1560,520,1040,1123715.9,530918456000000,2600,1200,0
89,34,55,10460,4238,6222,4522,1950,2572,1123547.2,530799170000000,8800,5200,0
26,12,14,3308,1336,1972,1576,536,1040,1123378.8,530759408000000,2500,1200,0
26,12,14,3292,1320,1972,1560,520,1040,1123294.5,530719680000000,2500,1200,0
26,12,14,3292,1320,1972,1560,520,1040,1123210.1,530679952000000,2500,1200,0
26,12,14,3292,1320,1972,1560,520,1040,1123125.9,530640223000000,2500,1200,0
26,12,14,3012,1204,1808,1560,520,1040,1123041.6,530600495000000,2500,1200,0
24,11,13,4117,2367,1750,2787,1747,1040,1122961.2,530564390000000,2300,1100,0
97,34,63,13814,6704,7110,8494,4842,3652,1122796.8,530445272000000,9600,6100,0
26,12,14,3292,1320,1972,1560,520,1040,1122628.5,530405577000000,2500,1200,0
26,12,14,3292,1320,1972,1560,520,1040,1122544.4,530365882000000,2500,1200,0
109,38,71,15873,7227,8646,9875,5123,4752,1122361.1,530232436000000,10700,6800,0
26,12,14,3292,1320,1972,1560,520,1040,1122178.1,530192775000000,2500,1200,0
16,8,8,2292,864,1428,1196,316,880,1122109.2,530167542000000,1500,600,0
90,32,58,12405,6193,6212,7499,4439,3060,1121964.1,530055806000000,8900,5600,0
87,32,55,11273,5827,5446,6535,4067,2468,1121727.4,529944103000000,8600,5300,0
26,12,14,3292,1320,1972,1560,520,1040,1121567,529904509000000,2500,1200,0
41,17,24,6271,3451,2820,4023,2507,1516,1121464,529846896000000,4000,2400,100
26,12,14,3292,1320,1972,1560,520,1040,1121360.9,529807268000000,2500,1200,0
26,12,14,3292,1320,1972,1560,520,1040,1121276.9,529767674000000,2500,1200,0
26,12,14,3324,1352,1972,1592,552,1040,1121193,529728079000000,2500,1200,0
96,36,60,11378,4654,6724,4990,2234,2756,1121017.6,529602150000000,9500,5800,0
26,12,14,3488,1540,1948,1744,740,1004,1120842.2,529562589000000,2400,1200,200
24,11,13,4125,2371,1754,2787,1747,1040,1120762.2,529526619000000,2300,1100,0
23,11,12,2956,1164,1792,1440,436,1004,1120685.9,529490648000000,2000,1000,300
29,14,15,3570,1480,2090,1628,536,1092,1120598.2,529443907000000,2800,1300,0
27,12,15,4483,2541,1942,2971,1863,1108,1120506.8,529404380000000,2600,1300,0
24,11,13,3056,1186,1870,1456,452,1004,1120426.8,529368443000000,2200,1100,200
99,32,67,13201,5959,7242,7803,4199,3604,1120270.6,529257042000000,9800,6300,0
26,12,14,3292,1320,1972,1560,520,1040,1120110.9,529217515000000,2500,1200,0
21,9,12,2830,1038,1792,1440,436,1004,1120038.5,529188793000000,1900,1000,200
2,1,1,118,60,58,0,0,0,1120008,529188793000000,100,0,0
85,31,54,11159,5767,5392,6535,4067,2468,1119893.9,529081049000000,8400,5200,0
29,13,16,4241,2001,2240,2311,1135,1176,1119734,529037965000000,2800,1400,0
26,12,14,3308,1336,1972,1576,536,1040,1119646.5,528998472000000,2500,1200,0
22,10,12,2896,1104,1792,1440,436,1004,1119570.4,528966192000000,2000,1000,200
23,11,12,3541,1701,1840,2007,967,1040,1119498,528930289000000,2200,1000,0
26,12,14,3340,1396,1944,1592,588,1004,1119418.1,528890829000000,2300,1100,200
26,12,14,3292,1320,1972,1560,520,1040,1119334.5,528851369000000,2500,1200,0
26,12,14,3292,1320,1972,1560,520,1040,1119250.8,528811909000000,2500,1200,0
3,2,1,178,120,58,0,0,0,1119205.1,528808319000000,100,0,100
23,11,12,4131,2367,1764,2855,1747,1108,1119163.5,528772483000000,2200,1200,100
26,12,14,3292,1320,1972,1560,520,1040,1119084,528733023000000,2500,1200,0
26,12,14,3292,1320,1972,1560,520,1040,1119000.2,528693596000000,2500,1200,0
3,2,1,178,120,58,0,0,0,1118954.6,528690006000000,100,0,100
22,10,12,2896,1104,1792,1440,436,1004,1118916.6,528657727000000,2000,1000,200
74,36,38,9349,5297,4052,5247,3255,1992,1118749.5,528532300000000,7300,3800,100
25,12,13,3226,1320,1906,1560,520,1040,1118574.9,528492907000000,2400,1200,0
23,11,12,3541,1701,1840,2007,967,1040,1118495,528457071000000,2200,1000,0
104,50,54,12427,7035,5392,6663,4195,2468,1118271.1,528281615000000,10300,5300,0
26,12,14,3292,1320,1972,1560,520,1040,1118043.5,528242256000000,2500,1200,0
26,12,14,3292,1320,1972,1560,520,1040,1117960,528202896000000,2500,1200,0
23,11,12,3541,1701,1840,2007,967,1040,1117880.2,528167127000000,2200,1000,0
26,12,14,3292,1320,1972,1560,520,1040,1117800.6,528127768000000,2500,1200,0
26,12,14,3292,1320,1972,1560,520,1040,1117717.1,528088409000000,2500,1200,0
26,12,14,3292,1320,1972,1560,520,1040,1117633.6,528049083000000,2500,1200,0
26,12,14,3292,1320,1972,1560,520,1040,1117550.2,528009723000000,2500,1200,0
39,18,21,5635,3225,2410,3483,2215,1268,1117444.1,527948956000000,3800,2200,0
84,30,54,11099,5707,5392,6535,4067,2468,1117269.8,527845307000000,8300,5200,0
23,11,12,3541,1701,1840,2007,967,1040,1117122.1,527809571000000,2200,1000,0
23,11,12,3541,1701,1840,2007,967,1040,1117046.2,527773836000000,2200,1000,0
41,20,21,5755,3345,2410,3483,2215,1268,1116936.6,527705989000000,4000,2200,0
26,12,14,3292,1320,1972,1560,520,1040,1116823.2,527666696000000,2500,1200,0
24,11,13,4117,2367,1750,2787,1747,1040,1116743.6,527630995000000,2300,1100,0
85,31,54,11159,5767,5392,6535,4067,2468,1116592.2,527523889000000,8400,5200,0
25,12,13,4185,2431,1754,2787,1747,1040,1116437.2,527484630000000,2200,1100,300
26,12,14,3308,1336,1972,1576,536,1040,1116354,527445371000000,2500,1200,0
26,12,14,3292,1320,1972,1560,520,1040,1116270.8,527406113000000,2500,1200,0
26,12,14,3292,1320,1972,1560,520,1040,1116187.5,527366888000000,2500,1200,0
23,11,12,3541,1701,1840,2007,967,1040,1116108,527331219000000,2200,1000,0
113,51,62,13699,7487,6212,7407,4599,2808,1115881.4,527152945000000,11200,6000,0
29,13,16,4257,2017,2240,2327,1151,1176,1115647.2,527110196000000,2800,1400,0
16,8,8,2807,1351,1456,1735,815,920,1115575.4,527085232000000,1500,600,0
27,12,15,3358,1320,2038,1560,520,1040,1115507.4,527046040000000,2600,1200,0
22,10,12,2896,1104,1792,1440,436,1004,1115431.9,527013996000000,2000,1000,200
24,11,13,4197,2447,1750,2867,1827,1040,1115360.1,526978361000000,2300,1100,0
29,13,16,4273,2033,2240,2343,1167,1176,1115277,526935646000000,2800,1400,0
23,11,12,3541,1701,1840,2007,967,1040,1115193.9,526900011000000,2200,1000,0
24,11,13,4117,2367,1750,2787,1747,1040,1115118.4,526864410000000,2300,1100,0
23,11,12,2956,1164,1792,1440,436,1004,1115042.9,526828809000000,2000,1000,300
26,12,14,3012,1204,1808,1560,520,1040,1114963.6,526789651000000,2500,1200,0
28,12,16,5179,3239,1940,3595,2555,1040,1114880.6,526750526000000,2700,1100,0
23,11,12,3541,1701,1840,2007,967,1040,1114801.4,526714925000000,2200,1000,0
93,36,57,11825,6067,5758,6739,4067,2672,1114632.1,526590404000000,9200,5500,0
29,13,16,5054,2602,2452,3434,1870,1564,1114455.4,526547757000000,2800,1500,0
92,37,55,11573,6127,5446,6535,4067,2468,1114274.5,526419747000000,9100,5300,0
27,12,15,3358,1320,2038,1560,520,1040,1114097.5,526380656000000,2600,1200,0
26,12,14,3308,1336,1972,1576,536,1040,1114014.5,526341565000000,2500,1200,0
26,12,14,3308,1336,1972,1576,536,1040,1113931.6,526302507000000,2500,1200,0
26,12,14,3292,1320,1972,1560,520,1040,1113848.8,526263417000000,2500,1200,0
22,10,12,2896,1104,1792,1440,436,1004,1113773.5,526231439000000,2000,1000,200
10,6,4,1020,716,304,344,312,32,1113720.8,526213689000000,900,200,0
49,19,30,7249,3901,3348,4575,2855,1720,1113634.1,526149768000000,4800,3000,100
91,36,55,12417,6891,5526,7427,4891,2536,1113434.9,526025549000000,9000,5300,0
85,31,54,11159,5767,5392,6535,4067,2468,1113190.4,525919081000000,8400,5200,0
26,12,14,3292,1320,1972,1560,520,1040,1113036.2,525880057000000,2500,1200,0
26,12,14,3308,1336,1972,1576,536,1040,1112953.5,525841067000000,2500,1200,0
87,33,54,11279,5887,5392,6535,4067,2468,1112791.9,525727586000000,8600,5200,0
87,32,55,11597,6083,5514,6859,4323,2536,1112555.2,525617729000000,8600,5300,0
27,12,15,3358,1320,2038,1560,520,1040,1112397.5,525578738000000,2600,1200,0
24,11,13,4125,2371,1754,2787,1747,1040,1112318.6,525543338000000,2300,1100,0
85,31,54,11159,5767,5392,6535,4067,2468,1112168.5,525437072000000,8400,5200,0
26,12,14,3324,1352,1972,1592,552,1040,1112014.6,525398115000000,2500,1200,0
26,12,14,3322,1338,1984,1578,538,1040,1111932.1,525359192000000,2500,1200,0
24,11,13,4125,2371,1754,2787,1747,1040,1111853.4,525323792000000,2300,1100,0
30,14,16,3620,1464,2156,1612,520,1092,1111767.1,525277789000000,2900,1300,0
23,11,12,3541,1701,1840,2007,967,1040,1111680.8,525242389000000,2200,1000,0
24,11,13,4945,3179,1766,3595,2555,1040,1111605.8,525207022000000,2300,1100,0
39,26,13,2314,1560,754,0,0,0,1116637,527304946000000,1300,0,1300
26,12,14,3308,1336,1972,1576,536,1040,1121663.1,527265889000000,2500,1200,0
22,10,12,2896,1104,1792,1440,436,1004,1121587.4,527233945000000,2000,1000,200
26,12,14,4239,2431,1808,2787,1747,1040,1121511.8,527194888000000,2400,1100,100
90,32,58,12293,6081,6212,7387,4327,3060,1121353,527084863000000,8900,5600,0
94,33,61,12133,5887,6246,7011,4067,2944,1121114.9,526971348000000,9300,5900,0
22,10,12,2896,1104,1792,1440,436,1004,1120960,526939404000000,2000,1000,200
26,12,14,3292,1320,1972,1560,520,1040,1120884.4,526900414000000,2500,1200,0
26,12,14,3308,1336,1972,1576,536,1040,1120801.2,526861424000000,2500,1200,0
89,33,56,11523,5887,5636,6671,4067,2604,1120638.9,526747976000000,8800,5400,0
27,13,14,3358,1386,1972,1560,520,1040,1120472.8,526705463000000,2600,1200,0
20,10,10,2692,1020,1672,1368,364,1004,1120393.5,526673586000000,1700,900,200
95,41,54,11759,6367,5392,6535,4067,2468,1120208.6,526531886000000,9400,5200,0
94,36,58,12131,6539,5592,6955,4563,2392,1119925.8,526408003000000,9300,5800,0
25,11,14,3242,1270,1972,1576,536,1040,1119756.1,526372603000000,2400,1200,0
85,31,54,11159,5767,5392,6535,4067,2468,1119605.4,526266470000000,8400,5200,0
43,18,25,7197,4071,3126,4783,3059,1724,1119428.2,526206340000000,4100,2200,0
26,12,14,3012,1204,1808,1560,520,1040,1119322.8,526167451000000,2500,1200,0
48,24,24,6687,3935,2752,4019,2571,1448,1119195,526086115000000,4700,2400,100
23,11,12,3541,1701,1840,2007,967,1040,1119071,526050782000000,2200,1000,0
60,23,37,7030,2772,4258,2994,1210,1784,1118950.8,525973036000000,5900,3200,0
89,32,57,11831,6129,5702,6979,4375,2604,1118751.5,525863515000000,8800,5500,0
34,15,19,3896,1478,2418,1562,454,1108,1118582.2,525814089000000,2800,1200,100
6,4,2,356,240,116,0,0,0,1120187.2,527450841000000,200,0,200
10,3,7,656,194,462,0,0,0,1121837.1,527443761000000,700,0,0
29,13,16,3586,1470,2116,1644,604,1040,1121784.4,527401281000000,2800,1300,0
25,11,14,4179,2371,1808,2787,1747,1040,1121701.4,527365847000000,2400,1100,0
6,4,2,366,246,120,0,0,0,1121652.2,527355244000000,500,0,0
85,31,54,11175,5783,5392,6551,4083,2468,1121527.9,527249044000000,8400,5200,0
26,12,14,3292,1320,1972,1560,520,1040,1121373.2,527210088000000,2500,1200,0
26,12,14,3308,1336,1972,1576,536,1040,1121290.4,527171165000000,2500,1200,0
31,14,17,5047,2877,2170,3339,2095,1244,1121199.9,527125195000000,2900,1700,200
57,22,35,8585,4307,4278,5467,3087,2380,1121071.8,527050905000000,5500,3500,200
24,11,13,4181,2431,1750,2851,1811,1040,1120955,527015539000000,2300,1100,0
4,2,2,236,120,116,0,0,0,1120913.5,527011982000000,200,0,100
26,12,14,3292,1320,1972,1560,520,1040,1120868.2,526973093000000,2500,1200,0
89,33,56,11587,5951,5636,6735,4131,2604,1120706.4,526859981000000,8800,5400,0
36,16,20,5461,3105,2356,3483,2215,1268,1120529.5,526806965000000,3500,2100,0
26,12,14,3292,1320,1972,1560,520,1040,1120431.5,526768109000000,2500,1200,0
26,12,14,3292,1320,1972,1560,520,1040,1120348.8,526729253000000,2500,1200,0
26,12,14,3292,1320,1972,1560,520,1040,1120265.9,526690397000000,2500,1200,0
26,12,14,3308,1336,1972,1576,536,1040,1120183.1,526651541000000,2500,1200,0
46,21,25,8160,4406,3754,5582,3222,2360,1120066.5,526580942000000,4500,2500,100
87,32,55,11341,5827,5514,6603,4067,2536,1119874.9,526471521000000,8600,5300,0
23,11,12,3541,1701,1840,2007,967,1040,1119720.8,526436222000000,2200,1000,0
23,11,12,3541,1701,1840,2007,967,1040,1119645.5,526400923000000,2200,1000,0
24,11,13,4117,2367,1750,2787,1747,1040,1119570.4,526365657000000,2300,1100,0
41,18,23,5366,2092,3274,2608,896,1712,1119468.9,526305695000000,4000,2300,0
113,52,61,15230,7880,7350,8938,4914,4024,1119213.5,526125910000000,11200,5900,0
27,13,14,3358,1386,1972,1560,520,1040,1118977,526083598000000,2600,1200,0
85,31,54,11223,5831,5392,6599,4131,2468,1118819.4,525977902000000,8400,5200,0
3,2,1,184,122,62,0,0,0,1118703.1,525974379000000,100,0,100
85,31,54,11159,5767,5392,6535,4067,2468,1118586.9,525868749000000,8400,5200,0
22,10,12,2896,1104,1792,1440,436,1004,1118440.6,525837040000000,2000,1000,200
26,12,14,3308,1336,1972,1576,536,1040,1118365.5,525798319000000,2500,1200,0
85,31,54,11479,6087,5392,6855,4387,2468,1118211.9,525692756000000,8400,5200,0
85,31,54,12235,6831,5404,7599,5131,2468,1117987,525587228000000,8400,5200,0
26,12,14,3292,1320,1972,1560,520,1040,1117833.5,525548539000000,2500,1200,0
24,11,13,4117,2367,1750,2787,1747,1040,1117754.8,525513374000000,2300,1100,0
24,11,13,4133,2383,1750,2803,1763,1040,1117679.8,525478209000000,2300,1100,0
27,12,15,3358,1320,2038,1560,520,1040,1117601.1,525439555000000,2600,1200,0
96,39,57,12123,6421,5702,6851,4247,2604,1117417.9,525306008000000,9500,5500,0
85,31,54,11351,5959,5392,6727,4259,2468,1117163.6,525200613000000,8400,5200,0
26,12,14,3292,1320,1972,1560,520,1040,1117010.2,525161992000000,2500,1200,0
86,32,54,11475,6083,5392,6791,4323,2468,1116853.1,525053142000000,8500,5200,0
51,21,30,7255,4019,3236,4467,2859,1608,1116662.5,524982979000000,5000,3100,0
26,12,14,3292,1320,1972,1560,520,1040,1116546.6,524944358000000,2500,1200,0
24,11,13,4117,2367,1750,2787,1747,1040,1116468,524909294000000,2300,1100,0
7,4,3,510,272,238,32,0,32,1116419.5,524898758000000,600,100,0
23,11,12,2956,1164,1792,1440,436,1004,1116370.9,524863693000000,2000,1000,300
68,32,36,8887,5011,3876,5127,3203,1924,1116217.6,524754977000000,6700,3600,100
110,54,56,12699,7147,5552,6587,4067,2520,1115904.2,524569220000000,10900,5400,0
25,11,14,3632,1196,2436,1972,468,1504,1115669.4,524534189000000,2300,1200,100
28,12,16,3436,1320,2116,1560,520,1040,1115591,524495668000000,2700,1200,0
89,32,57,11639,5937,5702,6787,4183,2604,1115434.2,524387086000000,8800,5500,0
23,11,12,3541,1701,1840,2007,967,1040,1115281.4,524352089000000,2200,1000,0
93,36,57,11757,6067,5690,6671,4067,2604,1115113.6,524229582000000,9200,5500,0
29,13,16,5015,2899,2116,3415,2171,1244,1114938.5,524187605000000,2700,1600,200
28,13,15,3468,1398,2070,1592,520,1072,1114849,524145629000000,2700,1300,0
87,31,56,11595,5959,5636,6863,4259,2604,1114692.5,524040704000000,8600,5400,0
85,31,54,11159,5767,5392,6535,4067,2468,1114469.1,523935846000000,8400,5200,0
22,10,12,2896,1104,1792,1440,436,1004,1114324,523904406000000,2000,1000,200
56,22,34,8001,4301,3700,4943,3087,1856,1114212.4,523831022000000,5500,3400,100
24,11,13,4117,2367,1750,2787,1747,1040,1114097.1,523796092000000,2300,1100,0
98,43,55,11933,6487,5446,6535,4067,2468,1113903.8,523649392000000,9700,5300,0
7,4,3,452,246,206,32,0,32,1113736.6,523638923000000,600,100,100
26,12,14,3292,1320,1972,1560,520,1040,1113684.5,523600537000000,2500,1200,0
23,11,12,3541,1701,1840,2007,967,1040,1113606.4,523565640000000,2200,1000,0
26,12,14,3292,1320,1972,1560,520,1040,1113528.2,523527254000000,2500,1200,0
26,12,14,3292,1320,1972,1560,520,1040,1113446.4,523488868000000,2500,1200,0
3,2,1,178,120,58,0,0,0,1113401.8,523485378000000,100,0,100
66,24,42,9171,4687,4484,5567,3371,2196,1113312.6,523405116000000,6500,4200,100
26,12,14,3292,1320,1972,1560,520,1040,1113186.4,523366763000000,2500,1200,0
22,10,12,2896,1104,1792,1440,436,1004,1113112,523335390000000,2000,1000,200
101,36,65,14071,7609,6462,8499,5639,2860,1112948.6,523213352000000,10000,6300,0
26,12,14,3012,1204,1808,1560,520,1040,1112777.9,523175033000000,2500,1200,0
26,12,14,3292,1320,1972,1560,520,1040,1112696.2,523136680000000,2500,1200,0
26,12,14,3292,1320,1972,1560,520,1040,1112614.5,523098361000000,2500,1200,0
26,12,14,3292,1320,1972,1560,520,1040,1112532.9,523060042000000,2500,1200,0
29,13,16,4241,2001,2240,2311,1135,1176,1112447.5,523018267000000,2800,1400,0
91,37,54,11519,6127,5392,6535,4067,2468,1112269.5,522892907000000,9000,5300,0
25,11,14,3714,1314,2400,2048,580,1468,1112098.9,522858078000000,2300,1200,200
26,12,14,3292,1320,1972,1560,520,1040,1112021,522819792000000,2500,1200,0
26,12,14,3308,1336,1972,1576,536,1040,1111939.4,522781540000000,2500,1200,0
23,11,12,3541,1701,1840,2007,967,1040,1111861.5,522746744000000,2200,1000,0
88,32,56,11463,5827,5636,6671,4067,2604,1111709.6,522638900000000,8700,5400,0
24,11,13,4117,2367,1750,2787,1747,1040,1111557.8,522604104000000,2300,1100,0
26,12,14,3292,1320,1972,1560,520,1040,1111479.9,522565886000000,2500,1200,0
24,11,13,4117,2367,1750,2787,1747,1040,1111402.1,522531090000000,2300,1100,0
24,11,13,4125,2371,1754,2787,1747,1040,1111328,522496361000000,2300,1100,0
26,12,14,3292,1320,1972,1560,520,1040,1111250.2,522458109000000,2500,1200,0
26,12,14,3012,1204,1808,1560,520,1040,1111168.8,522419891000000,2500,1200,0
24,11,13,4125,2371,1754,2787,1747,1040,1111091,522385128000000,2300,1100,0
28,12,16,3560,1320,2240,1696,520,1176,1111013.2,522346910000000,2700,1400,0
26,12,14,3308,1336,1972,1576,536,1040,1110931.9,522308725000000,2500,1200,0
26,12,14,3292,1320,1972,1560,520,1040,1110850.4,522270506000000,2500,1200,0
89,35,54,11527,6135,5392,6663,4195,2468,1110684,522152462000000,8800,5200,0
54,21,33,8015,4425,3590,5059,3271,1788,1110484.4,522083038000000,5300,3300,100
26,12,14,3292,1320,1972,1560,520,1040,1110369.8,522044853000000,2500,1200,0
26,12,14,3292,1320,1972,1560,520,1040,1110288.5,522006701000000,2500,1200,0
29,13,16,3686,1538,2148,1744,672,1072,1110203.4,521965060000000,2800,1400,0
36,16,20,5461,3105,2356,3483,2215,1268,1110103.6,521913051000000,3500,2100,0
24,11,13,4125,2371,1754,2787,1747,1040,1110011.2,521878356000000,2300,1100,0
83,26,57,6054,1560,4494,1376,0,1376,1110777.1,521923486000000,7600,4300,0
27,12,15,3838,1336,2502,2040,536,1504,1111539.1,521885368000000,2600,1300,0
34,17,17,4795,2421,2374,2535,1291,1244,1111439.2,521829903000000,3300,1800,0
15,8,7,2741,1351,1390,1735,815,920,1111354.1,521805643000000,1400,500,0
24,12,12,4191,2427,1764,2855,1747,1108,1111287.6,521767525000000,2300,1300,100
26,12,14,3292,1320,1972,1560,520,1040,1111206.2,521729407000000,2500,1200,0
26,12,14,3292,1320,1972,1560,520,1040,1111124.9,521691290000000,2500,1200,0
29,18,11,1718,1080,638,0,0,0,1116816,527381215000000,1100,0,900
29,13,16,4273,2033,2240,2343,1167,1176,1122502.2,527339205000000,2800,1400,0
3,2,1,178,120,58,0,0,0,1122453.8,527335716000000,100,0,100
27,12,15,3358,1320,2038,1560,520,1040,1122408.9,527297195000000,2600,1200,0
26,12,14,3292,1320,1972,1560,520,1040,1122326.8,527258708000000,2500,1200,0
24,11,13,4133,2383,1750,2803,1763,1040,1122248.4,527223711000000,2300,1100,0
28,11,17,6907,3529,3378,5315,2907,2408,1122174.4,527188714000000,2600,1600,100
17,9,8,3099,1739,1360,2135,1215,920,1122107.9,527160729000000,1600,600,0
26,12,14,3843,1871,1972,2111,1071,1040,1122037,527122242000000,2500,1200,0
24,11,13,4117,2367,1750,2787,1747,1040,1121958.8,527087245000000,2300,1100,0
96,43,53,11204,4854,6350,4822,2014,2808,1121764.9,526940411000000,9400,5100,100
39,16,23,6041,3343,2698,3907,2459,1448,1121552.6,526887965000000,3800,2300,100
26,12,14,3308,1336,1972,1576,536,1040,1121455.6,526849512000000,2500,1200,0
26,12,14,3292,1320,1972,1560,520,1040,1121373.6,526811092000000,2500,1200,0
23,11,12,2956,1164,1792,1440,436,1004,1121295.4,526776162000000,2000,1000,300
29,14,15,4148,2262,1886,2534,1470,1064,1121209.9,526730729000000,2800,1500,0
28,13,15,3726,1296,2430,1832,436,1396,1121116.8,526688820000000,2600,1300,100
85,31,54,11757,5901,5856,7127,4195,2932,1120960.5,526584063000000,8400,5200,0
26,12,14,3292,1320,1972,1560,520,1040,1120807.9,526545676000000,2500,1200,0
27,12,15,3374,1336,2038,1576,536,1040,1120726,526507290000000,2600,1200,0
28,13,15,3456,1410,2046,1576,536,1040,1120640.4,526465414000000,2600,1200,0
24,11,13,4133,2383,1750,2803,1763,1040,1120558.6,526430518000000,2300,1100,0
23,11,12,3541,1701,1840,2007,967,1040,1120484.1,526395621000000,2200,1000,0
85,31,54,11223,5831,5392,6599,4131,2468,1120335.4,526290998000000,8400,5200,0
26,12,14,3292,1320,1972,1560,520,1040,1120183,526252646000000,2500,1200,0
26,12,14,3292,1320,1972,1560,520,1040,1120101.2,526214293000000,2500,1200,0
93,33,60,12183,6171,6012,7103,4363,2740,1119941.5,526102758000000,9200,5800,0
26,12,14,3292,1320,1972,1560,520,1040,1119781.8,526064405000000,2500,1200,0
26,12,14,3292,1320,1972,1560,520,1040,1119700,526026086000000,2500,1200,0
22,10,12,2896,1104,1792,1440,436,1004,1119625.6,525994746000000,2000,1000,200
29,13,16,4241,2001,2240,2311,1135,1176,1119547.6,525952937000000,2800,1400,0
3,2,1,184,122,62,0,0,0,1119499.4,525949481000000,100,0,100
23,11,12,3557,1717,1840,2023,983,1040,1119458.5,525914652000000,2200,1000,0
85,31,54,11159,5767,5392,6535,4067,2468,1119310.1,525810197000000,8400,5200,0
26,12,14,3308,1336,1972,1576,536,1040,1119158,525771911000000,2500,1200,0
60,23,37,8533,4535,3998,5259,3267,1992,1119035.5,525695374000000,5800,3700,200
26,12,14,3292,1320,1972,1560,520,1040,1118913.1,525657088000000,2500,1200,0
22,10,12,2896,1104,1792,1440,436,1004,1118839,525625782000000,2000,1000,200
85,31,54,11159,5767,5392,6535,4067,2468,1118694.4,525521461000000,8400,5200,0
26,12,14,3308,1336,1972,1576,536,1040,1118542.4,525483209000000,2500,1200,0
26,12,14,3292,1320,1972,1560,520,1040,1118460.9,525444990000000,2500,1200,0
21,9,12,2830,1038,1792,1440,436,1004,1118390.4,525417174000000,1900,1000,200
23,11,12,3541,1701,1840,2007,967,1040,1118323.8,525382411000000,2200,1000,0
84,30,54,11355,5963,5392,6791,4323,2468,1118179.2,525281647000000,8300,5200,0
24,10,14,3524,1104,2420,1936,436,1500,1118038.5,525250408000000,2200,1200,200
26,12,14,3292,1320,1972,1560,520,1040,1117964.5,525212190000000,2500,1200,0
26,12,14,3292,1320,1972,1560,520,1040,1117883,525174005000000,2500,1200,0
23,11,12,2956,1164,1792,1440,436,1004,1117805.2,525139276000000,2000,1000,300
84,30,54,11227,5835,5392,6663,4195,2468,1117660.9,525038613000000,8300,5200,0
27,12,15,3390,1320,2070,1592,520,1072,1117512.9,525000428000000,2600,1300,0
87,31,56,11791,5767,6024,7059,4067,2992,1117361.2,524896342000000,8600,5400,0
22,10,12,2896,1104,1792,1440,436,1004,1117217.1,524865136000000,2000,1000,200
28,13,15,3440,1394,2046,1560,520,1040,1117139.5,524823529000000,2600,1200,0
26,12,14,3292,1320,1972,1560,520,1040,1117054.4,524785377000000,2500,1200,0
23,11,12,3541,1701,1840,2007,967,1040,1116976.8,524750716000000,2200,1000,0
98,42,56,12191,6555,5636,6799,4195,2604,1116788.4,524608613000000,9700,5400,0
94,33,61,12383,6181,6202,7243,4367,2876,1116518.9,524497749000000,9300,5900,0
29,13,16,4241,2001,2240,2311,1135,1176,1116356.5,524456208000000,2800,1400,0
85,31,54,11303,5911,5392,6679,4211,2468,1116201.5,524352324000000,8400,5200,0
26,12,14,3292,1320,1972,1560,520,1040,1116050.2,524314240000000,2500,1200,0
87,37,50,11075,6079,4996,6307,4019,2288,1115876.9,524189686000000,8600,5100,0
26,12,14,3292,1320,1972,1560,520,1040,1115703.6,524151635000000,2500,1200,0
26,12,14,3324,1352,1972,1592,552,1040,1115622.5,524113584000000,2500,1200,0
23,11,12,3541,1701,1840,2007,967,1040,1115545.1,524079023000000,2200,1000,0
90,34,56,11701,6121,5580,6783,4247,2536,1115386.6,523964938000000,8900,5400,0
63,27,36,7508,3268,4240,3334,1478,1856,1115169.2,523875079000000,6200,3500,0
74,29,45,9685,5095,4590,5643,3491,2152,1114970.4,523778342000000,7300,4500,0
90,34,56,11531,5963,5568,6619,4083,2536,1114745.9,523664391000000,8900,5400,0
26,12,14,3012,1204,1808,1560,520,1040,1114583.9,523626407000000,2500,1200,0
48,19,29,7021,3727,3294,4395,2675,1720,1114477.1,523564298000000,4600,2900,200
89,34,55,11525,6011,5514,6667,4131,2536,1114289.6,523450448000000,8800,5300,0
26,12,14,3292,1320,1972,1560,520,1040,1114127.8,523412498000000,2500,1200,0
26,12,14,3292,1320,1972,1560,520,1040,1114046.9,523374548000000,2500,1200,0
24,11,13,4185,2367,1818,2855,1747,1108,1113969.6,523340054000000,2300,1200,0
85,31,54,11495,6103,5392,6871,4403,2468,1113822.6,523236639000000,8400,5200,0
26,12,14,3292,1320,1972,1560,520,1040,1113672,523198722000000,2500,1200,0
74,28,46,10013,5257,4756,5983,3719,2264,1113532.4,523105710000000,7300,4600,100
54,21,33,7819,4241,3578,4875,3087,1788,1113359.9,523036822000000,5300,3300,100
30,13,17,4987,2817,2170,3339,2095,1244,1113242.4,522995483000000,2900,1700,100
26,12,14,3292,1320,1972,1560,520,1040,1113157.9,522957600000000,2500,1200,0
22,10,12,2896,1104,1792,1440,436,1004,1113084.5,522926630000000,2000,1000,200
85,31,54,11159,5767,5392,6535,4067,2468,1112941.4,522823349000000,8400,5200,0
26,12,14,3292,1320,1972,1560,520,1040,1112791,522785500000000,2500,1200,0
90,35,55,11777,6263,5514,6859,4323,2536,1112626,522668529000000,8900,5300,0
13,7,6,2871,1619,1252,2135,1215,920,1112479.9,522647893000000,1200,500,100
26,12,14,3292,1320,1972,1560,520,1040,1112418,522610077000000,2500,1200,0
22,10,12,2896,1104,1792,1440,436,1004,1112344.6,522579140000000,2000,1000,200
51,22,29,7119,3969,3150,4319,2743,1576,1112234.8,522506931000000,5000,3000,0
27,12,15,3822,1320,2502,2024,520,1504,1112117.4,522469148000000,2600,1300,0
23,11,12,3541,1701,1840,2007,967,1040,1112040.5,522434789000000,2200,1000,0
24,11,13,3192,1322,1870,1592,588,1004,1111967.1,522400395000000,2200,1100,200
28,13,15,3440,1394,2046,1560,520,1040,1111886.6,522359191000000,2600,1200,0
17,8,9,2834,848,1986,1702,318,1384,1111817.1,522335132000000,1500,700,100
86,32,54,11283,5891,5392,6599,4131,2468,1111678.2,522228664000000,8500,5200,0
88,32,56,11629,6049,5580,6831,4295,2536,1111451.4,522122263000000,8700,5400,0
26,12,14,3292,1320,1972,1560,520,1040,1111297.8,522084514000000,2500,1200,0
26,12,14,3292,1320,1972,1560,520,1040,1111217.2,522046765000000,2500,1200,0
87,41,46,10757,6037,4720,5947,3719,2228,1111030.9,521909561000000,8600,4700,100
3,2,1,178,120,58,0,0,0,1110881.2,521906139000000,100,0,100
26,12,14,3308,1336,1972,1576,536,1040,1110837.4,521868423000000,2500,1200,0
88,32,56,11459,5891,5568,6667,4131,2536,1110683.9,521762123000000,8700,5300,0
24,11,13,4125,2371,1754,2787,1747,1040,1110534.1,521727864000000,2300,1100,0
23,10,13,2994,1104,1890,1472,436,1036,1110464.6,521697027000000,2100,1100,200
4,2,2,246,122,124,0,0,0,1110428.1,521693605000000,200,0,100
23,11,12,3541,1701,1840,2007,967,1040,1110388,521659346000000,2200,1000,0
25,11,14,4179,2371,1808,2787,1747,1040,1110314.9,521625087000000,2400,1100,0
38,18,20,5581,3225,2356,3483,2215,1268,1110216.4,521566836000000,3700,2100,0
78,34,44,9276,3972,5304,4052,1720,2332,1110033.9,521453858000000,7700,4200,0
85,31,54,11287,5895,5392,6663,4195,2468,1109804,521351182000000,8400,5300,0
28,13,15,4383,2497,1886,2787,1747,1040,1109650.9,521310111000000,2600,1100,0
26,12,14,3292,1320,1972,1560,520,1040,1109566.9,521272497000000,2500,1200,0
24,11,13,4117,2367,1750,2787,1747,1040,1109490.2,521238271000000,2300,1100,0
36,16,20,5461,3105,2356,3483,2215,1268,1109399.1,521186967000000,3500,2100,0
98,41,57,12125,6367,5758,6739,4067,2672,1109198.8,521050199000000,9700,5500,0
49,19,30,7249,3901,3348,4575,2855,1720,1108987.6,520988693000000,4800,3000,100
28,13,15,3440,1394,2046,1560,520,1040,1108878.4,520947690000000,2600,1200,0
29,13,16,4273,2033,2240,2343,1167,1176,1108790.9,520906686000000,2800,1400,0
26,12,14,3292,1320,1972,1560,520,1040,1108707.1,520869105000000,2500,1200,0
97,35,62,11648,4620,7028,5194,2266,2928,1108543.2,520753007000000,9600,6000,0
22,10,12,2896,1104,1792,1440,436,1004,1108386.9,520722271000000,2000,1000,200
86,31,55,11601,6087,5514,6923,4387,2536,1108245,520619897000000,8500,5300,0
3,2,1,184,122,62,0,0,0,1108132.2,520616474000000,100,0,100
26,12,14,3012,1204,1808,1560,520,1040,1108088.5,520578960000000,2500,1200,0
26,12,14,3292,1320,1972,1560,520,1040,1108008.5,520541413000000,2500,1200,0
26,12,14,3308,1336,1972,1576,536,1040,1107928.4,520503899000000,2500,1200,0
97,37,60,12233,6237,5996,6919,4183,2736,1107757.8,520381123000000,9600,5900,0
26,12,14,3292,1320,1972,1560,520,1040,1107587.2,520343643000000,2500,1200,0
85,31,54,11351,5959,5392,6727,4259,2468,1107438.2,520241403000000,8400,5200,0
26,12,14,3292,1320,1972,1560,520,1040,1107289.4,520203922000000,2500,1200,0
90,33,57,12121,6475,5646,7203,4667,2536,1107133.2,520094904000000,8900,5500,0
55,22,33,7773,4127,3646,4763,2907,1856,1106940.9,520023399000000,5300,3300,200
26,12,14,3308,1336,1972,1576,536,1040,1106824.8,519985953000000,2500,1200,0
26,12,14,3308,1336,1972,1576,536,1040,1106744.9,519948506000000,2500,1200,0
22,10,12,2896,1104,1792,1440,436,1004,1106672.2,519917904000000,2000,1000,200
93,39,54,11895,6503,5392,6791,4323,2468,1106501.8,519788586000000,9200,5200,0
3,2,1,178,120,58,0,0,0,1106360.4,519785197000000,100,0,100
23,11,12,3541,1701,1840,2007,967,1040,1106320.5,519751172000000,2200,1000,0
94,34,60,12781,6469,6312,7635,4607,3028,1106164.6,519638966000000,9300,5900,0
84,30,54,11163,5771,5392,6599,4131,2468,1105940,519540417000000,8300,5200,0
66,29,37,8110,3384,4726,3714,1462,2252,1105733.6,519445290000000,6500,3500,0
20,10,10,2692,1020,1672,1368,364,1004,1105599.6,519414689000000,1700,900,200
26,12,14,3292,1320,1972,1560,520,1040,1105527.1,519377342000000,2500,1200,0
24,11,13,4595,2377,2218,3251,1747,1504,1105451.1,519343385000000,2300,1100,0
24,11,13,4125,2371,1754,2787,1747,1040,1105378.8,519309428000000,2300,1100,0
92,34,58,11989,6277,5712,6951,4415,2536,1105223.1,519197424000000,9100,5600,0
23,10,13,3046,1104,1942,1524,436,1088,1105071.1,519166855000000,2100,1100,200
103,36,67,13118,6524,6594,7462,4554,2908,1104912.1,519048140000000,10200,6500,0
22,10,12,2896,1104,1792,1440,436,1004,1104753.1,519017605000000,2000,1000,200
87,32,55,11341,5827,5514,6603,4067,2536,1104608.5,518912479000000,8600,5400,0
36,16,20,5461,3105,2356,3483,2215,1268,1104442.2,518861644000000,3500,2100,0
24,11,13,4117,2367,1750,2787,1747,1040,1104351.9,518827754000000,2300,1100,0
104,50,54,12427,7035,5392,6663,4195,2468,1104138.9,518661761000000,10300,5200,0
26,12,14,3292,1320,1972,1560,520,1040,1103922.2,518624482000000,2500,1200,0
28,13,15,3520,1470,2050,1644,604,1040,1103839.2,518583847000000,2700,1300,0
6,4,2,356,240,116,0,0,0,1104846.5,519257721000000,200,0,200
50,22,28,6500,2476,4024,3142,974,2168,1105821.4,519186552000000,4800,2800,100
90,32,58,12961,6745,6216,8043,4991,3052,1105633.6,519081493000000,8900,5600,0
25,12,13,3242,1336,1906,1576,536,1040,1105481.9,519044248000000,2400,1200,0
24,11,13,4125,2371,1754,2787,1747,1040,1105406,519010358000000,2300,1100,0
85,31,54,11287,5895,5392,6663,4195,2468,1105261.5,518908788000000,8400,5200,0
24,11,13,3056,1186,1870,1456,452,1004,1105117.1,518874932000000,2200,1100,200
29,14,15,3926,1464,2462,1984,520,1464,1105034,518830909000000,2800,1300,0
87,31,56,11563,5927,5636,6831,4227,2604,1104878.9,518729406000000,8600,5400,0
88,32,56,11757,6177,5580,6959,4423,2536,1104658.8,518624549000000,8700,5400,0
26,12,14,3292,1320,1972,1560,520,1040,1104507.4,518587337000000,2500,1200,0
31,14,17,3872,1490,2382,1782,538,1244,1104420.9,518543414000000,2900,1500,0
25,12,13,3116,1246,1870,1456,452,1004,1104334.4,518506202000000,2200,1100,300
85,31,54,11287,5895,5392,6663,4195,2468,1104186.6,518404834000000,8400,5200,0
42,14,28,5450,1730,3720,2646,790,1856,1104031.8,518360912000000,4000,2700,0
8,5,3,576,338,238,32,0,32,1103970.6,518347389000000,700,100,0
24,11,13,4185,2367,1818,2855,1747,1108,1103920.1,518313600000000,2300,1200,0
26,12,14,3292,1320,1972,1560,520,1040,1103844.5,518276455000000,2500,1200,0
26,12,14,3292,1320,1972,1560,520,1040,1103765.1,518239310000000,2500,1200,0
26,12,14,3292,1320,1972,1560,520,1040,1103685.9,518202166000000,2500,1200,0
26,12,14,4361,2489,1872,2923,1815,1108,1103606.6,518165021000000,2500,1400,0
26,12,14,3292,1320,1972,1560,520,1040,1103527.4,518127910000000,2500,1200,0
26,12,14,3012,1204,1808,1560,520,1040,1103448.1,518090765000000,2500,1200,0
23,11,12,3541,1701,1840,2007,967,1040,1103372.5,518057043000000,2200,1000,0
44,22,22,6221,3577,2644,3775,2327,1448,1103261.6,517986176000000,4300,2200,100
26,12,14,3292,1320,1972,1560,520,1040,1103147,517949064000000,2500,1200,0
26,12,14,3308,1336,1972,1576,536,1040,1103067.9,517911953000000,2500,1200,0
92,33,59,11997,6107,5890,6971,4299,2672,1102913.2,517804076000000,9100,5700,0
24,11,13,3054,1164,1890,1472,436,1036,1102762.2,517770354000000,2100,1100,300
24,11,13,4125,2371,1754,2787,1747,1040,1102690.4,517736665000000,2300,1100,0
98,35,63,13406,4736,8670,6910,2418,4492,1102532.4,517622077000000,9700,6100,0
93,37,56,11763,6127,5636,6671,4067,2604,1102281,517500844000000,9200,5400,0
115,52,63,15111,8061,7050,8711,5119,3592,1101968.8,517329180000000,11400,6100,0
20,10,10,2668,1068,1600,1320,400,920,1101753.4,517298880000000,1900,900,0
24,11,13,4117,2367,1750,2787,1747,1040,1101685.2,517265259000000,2300,1100,0
23,11,12,3541,1701,1840,2007,967,1040,1101613.5,517231604000000,2200,1000,0
26,12,14,3292,1320,1972,1560,520,1040,1101538,517194627000000,2500,1200,0
89,34,55,11461,5947,5514,6603,4067,2536,1101380.2,517083662000000,8800,5300,0
26,12,14,3292,1320,1972,1560,520,1040,1101222.5,517046685000000,2500,1200,0
22,10,12,2896,1104,1792,1440,436,1004,1101150.8,517016419000000,2000,1000,200
50,19,31,7331,3837,3494,4579,2791,1788,1101054,516955954000000,4900,3100,100
23,11,12,3541,1701,1840,2007,967,1040,1100953.6,516922332000000,2200,1000,0
26,12,14,3292,1320,1972,1560,520,1040,1100878.4,516885389000000,2500,1200,0
26,12,14,3292,1320,1972,1560,520,1040,1100799.5,516848446000000,2500,1200,0
24,11,13,4125,2371,1754,2787,1747,1040,1100724.2,516814858000000,2300,1100,0
24,11,13,4133,2383,1750,2803,1763,1040,1100652.6,516781270000000,2300,1100,0
86,32,54,11411,6019,5392,6727,4259,2468,1100505.8,516677217000000,8500,5300,0
22,10,12,2896,1104,1792,1440,436,1004,1100362.6,516646985000000,2000,1000,200
89,34,55,11649,6203,5446,6791,4323,2468,1100212.2,516536255000000,8800,5200,0
85,31,54,11159,5767,5392,6535,4067,2468,1099986.9,516435659000000,8400,5200,0
85,31,54,11287,5895,5392,6663,4195,2468,1099772.4,516335063000000,8400,5200,0
22,10,12,2896,1104,1792,1440,436,1004,1099633,516304897000000,2000,1000,200
26,12,14,3292,1320,1972,1560,520,1040,1099561.5,516268021000000,2500,1200,0
23,11,12,3541,1701,1840,2007,967,1040,1099486.4,516234534000000,2200,1000,0
64,30,34,9591,6103,3488,6087,4447,1640,1099346.9,516137360000000,6300,4300,0
82,31,51,10805,5719,5086,6343,4019,2324,1099136.1,516036898000000,8100,5200,0
26,12,14,3308,1336,1972,1576,536,1040,1098989.8,516000089000000,2500,1200,0
26,12,14,3292,1320,1972,1560,520,1040,1098911.1,515963280000000,2500,1200,0
28,13,15,3452,1402,2050,1576,536,1040,1098829,515923115000000,2700,1300,0
26,12,14,3292,1320,1972,1560,520,1040,1098746.9,515886306000000,2500,1200,0
23,11,12,3541,1701,1840,2007,967,1040,1098671.9,515852818000000,2200,1000,0
53,21,32,7847,4323,3524,4951,3163,1788,1098564.9,515785911000000,5100,3200,200
26,12,14,3292,1320,1972,1560,520,1040,1098454.2,515749135000000,2500,1200,0
26,12,14,3292,1320,1972,1560,520,1040,1098375.8,515712360000000,2500,1200,0
26,12,14,3324,1352,1972,1592,552,1040,1098297.2,515675550000000,2500,1200,0
26,12,14,3308,1336,1972,1576,536,1040,1098218.8,515638775000000,2500,1200,0
26,12,14,3292,1320,1972,1560,520,1040,1098140.2,515602033000000,2500,1200,0
27,13,14,3358,1386,1972,1560,520,1040,1098058.2,515561902000000,2600,1200,0
26,12,14,3292,1320,1972,1560,520,1040,1097976.1,515525159000000,2500,1200,0
16,7,9,2846,504,2342,1768,40,1728,1097915.6,515505094000000,1400,700,100
24,11,13,3446,1164,2282,1864,436,1428,1097858.6,515471707000000,2100,1100,300
26,12,14,3012,1204,1808,1560,520,1040,1097783.8,515434965000000,2500,1200,0
27,12,15,3390,1320,2070,1592,520,1072,1097705.2,515398223000000,2600,1300,0
27,13,14,3358,1386,1972,1560,520,1040,1097623.4,515358125000000,2600,1200,0
18,9,9,2456,934,1522,1252,332,920,1097552.1,515331416000000,1700,700,0
26,12,14,3292,1320,1972,1560,520,1040,1097484.4,515294708000000,2500,1200,0
91,33,58,11821,5997,5824,6855,4183,2672,1097331.4,515187870000000,9000,5600,0
23,11,12,3541,1701,1840,2007,967,1040,1097181.9,515154517000000,2200,1000,0
24,11,13,4181,2431,1750,2851,1811,1040,1097110.6,515121164000000,2300,1100,0
70,26,44,9671,5091,4580,5863,3667,2196,1096986.1,515037748000000,6900,4400,100
85,31,54,11159,5767,5392,6535,4067,2468,1096790.6,514937722000000,8400,5200,0
26,12,14,3292,1320,1972,1560,520,1040,1096644.8,514901047000000,2500,1200,0
22,10,12,2896,1104,1792,1440,436,1004,1096573.6,514871049000000,2000,1000,200
92,33,59,12317,6427,5890,7291,4619,2672,1096427.9,514764413000000,9100,5700,0
26,12,14,3292,1320,1972,1560,520,1040,1096275.1,514727772000000,2500,1200,0
24,11,13,4117,2367,1750,2787,1747,1040,1096200.5,514694452000000,2300,1100,0
23,10,13,3426,1104,2322,1904,436,1468,1096133,514664488000000,2100,1100,200
26,12,14,3292,1320,1972,1560,520,1040,1096061.9,514627847000000,2500,1200,0
27,18,9,1602,1080,522,0,0,0,1101710.4,517741530000000,900,0,900
26,12,14,3308,1336,1972,1576,536,1040,1107357.9,517704688000000,2500,1200,0
85,31,54,11303,5911,5392,6679,4211,2468,1107210.9,517604226000000,8400,5200,0
87,32,55,11357,5843,5514,6619,4083,2536,1106992.1,517500475000000,8600,5300,0
23,11,12,2956,1164,1792,1440,436,1004,1106845.1,517467022000000,2000,1000,300
26,12,14,3308,1336,1972,1576,536,1040,1106769.9,517430212000000,2500,1200,0
85,31,54,11159,5767,5392,6535,4067,2468,1106622.9,517329851000000,8400,5200,0
91,34,57,12237,6079,6158,7259,4199,3060,1106397.2,517219524000000,9000,5500,0
48,22,26,8234,4734,3500,5574,3494,2080,1106208.1,517149328000000,4600,2200,0
83,30,53,11317,5775,5542,6795,4123,2672,1106033.2,517052423000000,8100,5300,200
25,13,12,3673,1833,1840,2007,967,1040,1105886.6,517012359000000,2400,1000,0
26,12,14,3292,1320,1972,1560,520,1040,1105804.2,516975617000000,2500,1200,0
24,11,13,4125,2371,1754,2787,1747,1040,1105729.1,516942230000000,2300,1100,0
24,11,13,4125,2371,1754,2787,1747,1040,1105657.5,516908844000000,2300,1100,0
99,42,57,12153,6575,5578,6679,4211,2468,1105475.1,516771975000000,9600,5200,0
23,11,12,3541,1701,1840,2007,967,1040,1105292.9,516738622000000,2200,1000,0
26,13,13,3633,1691,1942,1901,825,1076,1105214.2,516698558000000,2500,1300,0
85,31,54,11159,5767,5392,6535,4067,2468,1105064.1,516598499000000,8400,5200,0
92,38,54,11835,6443,5392,6791,4323,2468,1104824.9,516475152000000,9100,5200,0
26,12,14,3292,1320,1972,1560,520,1040,1104653.5,516438478000000,2500,1200,0
4,2,2,246,122,124,0,0,0,1104610.6,516435156000000,200,0,100
24,11,13,4181,2431,1750,2851,1811,1040,1104571.4,516401836000000,2300,1100,0
85,31,54,11415,6023,5392,6791,4323,2468,1104428.6,516301877000000,8400,5200,0
32,13,19,3994,1540,2454,1850,674,1176,1104278.8,516261914000000,3100,1600,0
24,11,13,4125,2371,1754,2787,1747,1040,1104200.4,516228628000000,2300,1100,0
26,12,14,3372,1332,2040,1628,520,1108,1104125.4,516191987000000,2500,1300,0
3,2,1,178,120,58,0,0,0,1104082.6,516188665000000,100,0,100
24,11,13,2904,1150,1754,1560,520,1040,1104043.4,516155379000000,2300,1100,0
26,12,14,3308,1336,1972,1576,536,1040,1103968.5,516118737000000,2500,1200,0
26,12,14,3292,1320,1972,1560,520,1040,1103890,516082129000000,2500,1200,0
26,12,14,3012,1204,1808,1560,520,1040,1103811.5,516045522000000,2500,1200,0
101,37,64,12985,6533,6452,7427,4483,2944,1103644.1,515925766000000,9900,6100,0
22,10,12,2896,1104,1792,1440,436,1004,1103483.8,515895835000000,2000,1000,200
23,11,12,3541,1701,1840,2007,967,1040,1103416.1,515862583000000,2200,1000,0
71,26,45,10543,4981,5562,6675,3551,3124,1103291.5,515779468000000,7000,4500,100
21,14,7,1246,840,406,0,0,0,1107481.1,518311855000000,700,0,700
88,31,57,11457,5767,5690,6671,4067,2604,1111651.9,518211661000000,8700,5400,0
22,10,12,2896,1104,1792,1440,436,1004,1111512,518181630000000,2000,1000,200
26,12,14,3292,1320,1972,1560,520,1040,1111440.2,518144888000000,2500,1200,0
25,12,13,3242,1336,1906,1576,536,1040,1111361.4,518108180000000,2400,1200,0
24,10,14,3068,1104,1964,1472,436,1036,1111289.6,518078148000000,2200,1100,200
97,43,54,12007,6615,5392,6663,4195,2468,1111107,517938025000000,9600,5200,0
24,11,13,4945,3179,1766,3595,2555,1040,1110920.8,517904672000000,2300,1100,0
7,4,3,420,246,174,0,0,0,1110874.1,517894673000000,600,0,0
38,16,22,5861,3217,2644,3775,2327,1448,1110809.6,517844643000000,3600,2300,200
96,35,61,12307,6117,6190,7059,4183,2876,1110634.2,517731330000000,9500,5900,0
26,12,14,3292,1320,1972,1560,520,1040,1110473.1,517694655000000,2500,1200,0
38,17,21,6039,3165,2874,3947,2215,1732,1110376.5,517641337000000,3700,2200,0
26,12,14,3292,1320,1972,1560,520,1040,1110279.9,517604695000000,2500,1200,0
3,2,1,184,122,62,0,0,0,1110236.9,517601373000000,100,0,100
57,23,34,8251,4295,3956,5127,3027,2100,1110154.5,517528091000000,5600,3600,0
92,32,60,12217,6169,6048,7191,4415,2776,1109965.1,517424877000000,9100,5800,0
42,18,24,6153,3445,2708,3851,2447,1404,1109793.5,517368304000000,4100,2500,0
24,11,13,4117,2367,1750,2787,1747,1040,1109697,517335018000000,2300,1100,0
108,39,69,14253,6971,7282,8291,4815,3476,1109525.5,517208619000000,10700,6700,0
96,42,54,11883,6491,5392,6599,4131,2468,1109243.4,517072287000000,9500,5200,0
22,10,12,2896,1104,1792,1440,436,1004,1109064.8,517042357000000,2000,1000,200
66,23,43,8182,3072,5110,3810,1546,2264,1108954.1,516969242000000,6500,4200,0
26,12,14,3292,1320,1972,1560,520,1040,1108836.4,516932701000000,2500,1200,0
27,12,15,3426,1320,2106,1628,520,1108,1108757.8,516896160000000,2600,1300,0
26,12,14,3292,1320,1972,1560,520,1040,1108679.2,516859619000000,2500,1200,0
86,31,55,11281,5767,5514,6603,4067,2536,1108533,516759996000000,8500,5300,0
49,20,29,7419,3849,3570,4739,2743,1996,1108358.2,516696914000000,4800,3000,0
14,7,7,2925,1619,1306,2135,1215,920,1108269.1,516677016000000,1300,500,0
23,11,12,3541,1701,1840,2007,967,1040,1108212,516643831000000,2200,1000,0
96,34,62,12455,6231,6224,7207,4363,2844,1108058.9,516534309000000,9500,6100,0
94,42,52,11238,4990,6248,4970,2210,2760,1107795.2,516398346000000,9300,5100,0
85,31,54,11159,5767,5392,6535,4067,2468,1107542.4,516298891000000,8400,5200,0
90,31,59,13287,6941,6346,8375,5247,3128,1107328.9,516199503000000,8900,5700,0
106,52,54,12675,7283,5392,6791,4323,2468,1107040.8,516030590000000,10500,5200,0
26,12,14,3308,1336,1972,1576,536,1040,1106820.2,515994183000000,2500,1200,0
24,11,13,4181,2431,1750,2851,1811,1040,1106745.6,515961065000000,2300,1100,0
87,31,56,11707,6087,5620,6975,4387,2588,1106603.4,515861777000000,8600,5400,0
27,12,15,4499,2537,1962,3007,1863,1144,1106457.6,515825404000000,2600,1400,0
94,38,56,11771,6203,5568,6619,4083,2536,1106287.1,515703031000000,9300,5400,0
33,14,19,5333,2987,2346,3523,2211,1312,1106109.5,515660048000000,3200,1900,100
99,44,55,11993,6547,5446,6535,4067,2468,1105910.8,515517912000000,9800,5300,0
85,31,54,11223,5831,5392,6599,4131,2468,1105651.8,515418792000000,8400,5300,0
91,33,58,11699,5887,5812,6739,4067,2672,1105431.8,515313129000000,9000,5600,0
26,12,14,3891,1851,2040,2159,1051,1108,1105279.4,515276823000000,2500,1200,0
86,32,54,11283,5891,5392,6599,4131,2468,1105130.4,515174516000000,8500,5200,0
24,11,13,4117,2367,1750,2787,1747,1040,1104985.1,515141498000000,2300,1100,0
26,12,14,3292,1320,1972,1560,520,1040,1104910.6,515105226000000,2500,1200,0
22,10,12,2896,1104,1792,1440,436,1004,1104839.8,515075530000000,2000,1000,200
26,12,14,3292,1320,1972,1560,520,1040,1104768.8,515039258000000,2500,1200,0
3,2,1,178,120,58,0,0,0,1104726.2,515035936000000,100,0,100
90,34,56,11515,5947,5568,6603,4067,2536,1104605.9,514927119000000,8900,5400,0
26,12,14,3308,1336,1972,1576,536,1040,1104450.2,514890880000000,2500,1200,0
26,12,14,3308,1336,1972,1576,536,1040,1104372.2,514854608000000,2500,1200,0
26,12,14,3292,1320,1972,1560,520,1040,1104294.4,514818369000000,2500,1200,0
8,5,3,576,338,238,32,0,32,1104241.2,514805182000000,700,100,0
23,11,12,3541,1701,1840,2007,967,1040,1104191.6,514772232000000,2200,1000,0
39,19,20,5641,3285,2356,3483,2215,1268,1104092.6,514712941000000,3800,2200,0
24,11,13,4125,2371,1754,2787,1747,1040,1103993.5,514679990000000,2300,1100,0
68,26,42,9503,5155,4348,5791,3731,2060,1103869.8,514597681000000,6700,4200,100
21,9,12,2868,980,1888,1472,384,1088,1103753,514571341000000,1900,1000,100
26,12,14,3292,1320,1972,1560,520,1040,1103685.8,514535136000000,2500,1200,0
91,34,57,11272,4502,6770,5250,2250,3000,1103530.2,514426520000000,9000,5500,0
34,14,20,8102,4594,3508,6166,3818,2348,1103368.1,514383738000000,3300,2000,100
85,31,54,11159,5767,5392,6535,4067,2468,1103216.6,514285088000000,8400,5200,0
89,34,55,11589,6075,5514,6731,4195,2536,1102994.1,514176573000000,8800,5300,0
24,11,13,4117,2367,1750,2787,1747,1040,1102842.2,514143723000000,2300,1100,0
26,12,14,3292,1320,1972,1560,520,1040,1102768.1,514107552000000,2500,1200,0
86,31,55,11281,5767,5514,6603,4067,2536,1102623.4,514009002000000,8500,5300,0
26,12,14,3012,1204,1808,1560,520,1040,1102478.8,513972864000000,2500,1200,0
26,12,14,3308,1336,1972,1576,536,1040,1102401.1,513936726000000,2500,1200,0
24,11,13,4117,2367,1750,2787,1747,1040,1102327,513903910000000,2300,1100,0
26,12,14,3292,1320,1972,1560,520,1040,1102252.9,513867772000000,2500,1200,0
84,30,54,11577,5729,5848,7007,4083,2924,1102111.9,513772578000000,8300,5200,0
88,32,56,11533,5957,5576,6731,4195,2536,1101900.4,513670874000000,8600,5300,0
26,12,14,3292,1320,1972,1560,520,1040,1101752.4,513634770000000,2500,1200,0
26,12,14,3028,1220,1808,1576,536,1040,1101674.9,513598699000000,2500,1200,0
26,12,14,3292,1320,1972,1560,520,1040,1101597.4,513562628000000,2500,1200,0
94,34,60,13309,7301,6008,8151,5427,2724,1101442.4,513454448000000,9300,5800,0
26,12,14,3292,1320,1972,1560,520,1040,1101287.5,513418377000000,2500,1200,0
38,18,20,5581,3225,2356,3483,2215,1268,1101188.9,513362677000000,3700,2200,0
28,12,16,3588,1340,2248,1712,540,1172,1101090.4,513326639000000,2600,1400,200
26,12,14,3012,1204,1808,1560,520,1040,1101013,513290602000000,2500,1200,0
36,16,20,5461,3105,2356,3483,2215,1268,1100921.4,513241478000000,3500,2100,0
26,12,14,3292,1320,1972,1560,520,1040,1100829.9,513205441000000,2500,1200,0
26,12,14,3308,1336,1972,1576,536,1040,1100752.5,513169437000000,2500,1200,0
26,12,14,3292,1320,1972,1560,520,1040,1100675.1,513133400000000,2500,1200,0
88,33,55,11333,5887,5446,6535,4067,2468,1100523.9,513028676000000,8700,5300,0
26,12,14,3292,1320,1972,1560,520,1040,1100372.8,512992672000000,2500,1200,0
25,11,14,4243,2435,1808,2851,1811,1040,1100298.9,512959957000000,2400,1100,0
25,12,13,3226,1320,1906,1560,520,1040,1100225.1,512923986000000,2400,1200,0
24,11,13,4117,2367,1750,2787,1747,1040,1100151.2,512891271000000,2300,1100,0
3,2,1,184,122,62,0,0,0,1100112.6,512887982000000,100,0,100
26,12,14,3292,1320,1972,1560,520,1040,1100070.5,512852012000000,2500,1200,0
23,11,12,3541,1701,1840,2007,967,1040,1099996.6,512819330000000,2200,1000,0
26,12,14,3292,1320,1972,1560,520,1040,1099922.9,512783360000000,2500,1200,0
23,11,12,3541,1701,1840,2007,967,1040,1099849,512750678000000,2200,1000,0
37,16,21,6791,3913,2878,4747,3023,1724,1099761.2,512701621000000,3600,2200,0
3,2,1,184,122,62,0,0,0,1099705.1,512698366000000,100,0,100
26,12,14,3292,1320,1972,1560,520,1040,1099662.9,512662429000000,2500,1200,0
26,12,14,3308,1336,1972,1576,536,1040,1099585.6,512626493000000,2500,1200,0
91,32,59,11947,6001,5946,6987,4247,2740,1099438.2,512525225000000,9000,5700,0
28,13,15,3588,1538,2050,1712,672,1040,1099287.5,512486034000000,2700,1300,0
87,33,54,11279,5887,5392,6535,4067,2468,1099133.1,512381545000000,8600,5300,0
26,12,14,3292,1320,1972,1560,520,1040,1098982.4,512345642000000,2500,1200,0
26,12,14,3292,1320,1972,1560,520,1040,1098905.2,512309739000000,2500,1200,0
28,18,10,1660,1080,580,0,0,0,1102658.8,514479167000000,1000,0,900
78,29,49,10651,5665,4986,6411,4079,2332,1106351.6,514387429000000,7700,4900,100
87,33,54,11279,5887,5392,6535,4067,2468,1106140.1,514282639000000,8600,5300,0
27,12,15,3378,1332,2046,1560,520,1040,1105988.5,514246635000000,2600,1200,0
90,31,59,13247,6761,6486,8263,5059,3204,1105844.2,514148421000000,8800,5700,100
23,11,12,2956,1164,1792,1440,436,1004,1105703.6,514115706000000,2000,1000,300
23,11,12,3557,1717,1840,2023,983,1040,1105633.1,514082990000000,2200,1000,0
3,2,1,184,122,62,0,0,0,1105594.4,514079735000000,100,0,100
26,12,14,3012,1204,1808,1560,520,1040,1105552,514043731000000,2500,1200,0
32,14,18,5169,2877,2292,3407,2095,1312,1105467.4,514001218000000,3000,1800,200
22,10,12,2896,1104,1792,1440,436,1004,1105389.9,513971791000000,2000,1000,200
24,11,13,4117,2367,1750,2787,1747,1040,1105323,513939075000000,2300,1100,0
32,15,17,4088,1722,2366,1960,724,1236,1105238.4,513893307000000,3100,1800,0
26,12,14,3292,1320,1972,1560,520,1040,1105150.4,513857336000000,2500,1200,0
25,12,13,3190,1248,1942,1524,436,1088,1105072.9,513821400000000,2300,1100,200
29,13,16,4241,2001,2240,2311,1135,1176,1104991.9,513782174000000,2800,1400,0
26,12,14,3891,1851,2040,2159,1051,1108,1104910.9,513746238000000,2500,1200,0
36,16,20,5461,3105,2356,3483,2215,1268,1104819.4,513697248000000,3500,2100,0
27,14,13,3699,1757,1942,1901,825,1076,1104720.9,513654768000000,2600,1300,0
26,12,14,3292,1320,1972,1560,520,1040,1104636.4,513618831000000,2500,1200,0
26,12,14,3292,1320,1972,1560,520,1040,1104559,513582928000000,2500,1200,0
84,30,54,11297,5677,5620,6703,4031,2672,1104418.4,513488238000000,8300,5400,100
96,41,55,11813,6367,5446,6535,4067,2468,1104176,513357711000000,9500,5300,0
23,11,12,3541,1701,1840,2007,967,1040,1104000.4,513325096000000,2200,1000,0
4,2,2,246,122,124,0,0,0,1103961.8,513321841000000,200,0,100
111,46,65,13623,7113,6510,7475,4531,2944,1103800.2,513175108000000,11000,6300,0
36,16,20,5461,3105,2356,3483,2215,1268,1103589.6,513126185000000,3500,2100,0
26,12,14,3292,1320,1972,1560,520,1040,1103498.2,513090349000000,2500,1200,0
101,37,64,13098,6458,6640,7550,4422,3128,1103333.4,512973043000000,10000,6000,0
3,2,1,184,122,62,0,0,0,1103203.6,512969788000000,100,0,100
26,12,14,3308,1336,1972,1576,536,1040,1103161.5,512933952000000,2500,1200,0
104,48,56,12409,6897,5512,6651,4183,2468,1102958.1,512780944000000,10300,5400,0
26,12,14,3308,1336,1972,1576,536,1040,1102754.9,512745141000000,2500,1200,0
24,11,13,3607,1701,1906,2007,967,1040,1102681.2,512712593000000,2300,1100,0
24,11,13,4117,2367,1750,2787,1747,1040,1102611.1,512680046000000,2300,1100,0
27,12,15,3358,1320,2038,1560,520,1040,1102537.5,512644243000000,2600,1200,0
23,11,12,3541,1701,1840,2007,967,1040,1102463.9,512611729000000,2200,1000,0
94,40,54,11955,6563,5392,6791,4323,2468,1102292.2,512484893000000,9300,5300,0
24,11,13,3607,1701,1906,2007,967,1040,1102120.8,512452379000000,2300,1100,0
32,15,17,4088,1722,2366,1960,724,1236,1102036.6,512406879000000,3100,1800,0
85,31,54,11287,5895,5392,6663,4195,2468,1101882.6,512309370000000,8400,5200,0
85,31,54,11287,5895,5392,6663,4195,2468,1101672.8,512211928000000,8400,5200,0
26,12,14,3292,1320,1972,1560,520,1040,1101529.4,512176192000000,2500,1200,0
85,31,54,11287,5895,5392,6663,4195,2468,1101386,512078817000000,8400,5200,0
22,10,12,2896,1104,1792,1440,436,1004,1101249.6,512049591000000,2000,1000,200
27,12,15,3390,1320,2070,1592,520,1072,1101179.6,512013889000000,2600,1300,0
26,12,14,3012,1204,1808,1560,520,1040,1101102.8,511978188000000,2500,1200,0
85,31,54,11159,5767,5392,6535,4067,2468,1100959.5,511880880000000,8400,5200,0
26,12,14,3308,1336,1972,1576,536,1040,1100816.2,511845178000000,2500,1200,0
26,12,14,3308,1336,1972,1576,536,1040,1100739.4,511809509000000,2500,1200,0
14,7,7,3103,1797,1306,2319,1399,920,1100680,511790048000000,1300,600,100
7,4,3,478,272,206,0,0,0,1100648.5,511780317000000,600,0,0
89,37,52,10396,4700,5696,4446,2250,2196,1100512.4,511663648000000,8800,4900,0
26,12,14,3292,1320,1972,1560,520,1040,1100348.2,511627980000000,2500,1200,0
59,23,36,8283,4407,3876,5063,3139,1924,1100233.1,511556710000000,5700,3600,200
26,12,14,3012,1204,1808,1560,520,1040,1100117.9,511521075000000,2500,1200,0
26,12,14,3292,1320,1972,1560,520,1040,1100041.1,511485441000000,2500,1200,0
85,31,54,11287,5895,5392,6663,4195,2468,1099898.1,511388301000000,8400,5200,0
32,15,17,4088,1722,2366,1960,724,1236,1099745.9,511342969000000,3100,1800,0
26,12,14,3292,1320,1972,1560,520,1040,1099659.9,511307367000000,2500,1200,0
97,38,59,12371,6425,5946,7051,4311,2740,1099492.5,511187679000000,9600,5700,0
87,32,55,11395,5937,5458,6651,4183,2468,1099255.8,511087384000000,8600,5300,0
89,32,57,11697,5939,5758,6851,4179,2672,1099039.9,510987191000000,8800,5500,0
77,29,48,10487,5555,4932,6295,3963,2332,1098834.5,510896695000000,7500,4800,200
22,10,12,2896,1104,1792,1440,436,1004,1098705.8,510867603000000,2000,1000,200
26,12,14,3308,1336,1972,1576,536,1040,1098636.1,510832069000000,2500,1200,0
26,12,14,3292,1320,1972,1560,520,1040,1098559.5,510796535000000,2500,1200,0
26,12,14,3292,1320,1972,1560,520,1040,1098483,510761034000000,2500,1200,0
26,12,14,3308,1336,1972,1576,536,1040,1098406.5,510725500000000,2500,1200,0
26,12,14,3891,1851,2040,2159,1051,1108,1098329.9,510689966000000,2500,1200,0
87,33,54,11279,5887,5392,6535,4067,2468,1098180.4,510586685000000,8600,5200,0
24,11,13,4125,2371,1754,2787,1747,1040,1098034.4,510554406000000,2300,1100,0
26,12,14,3292,1320,1972,1560,520,1040,1097961.4,510518939000000,2500,1200,0
23,11,12,3541,1701,1840,2007,967,1040,1097888.4,510486659000000,2200,1000,0
26,12,14,3292,1320,1972,1560,520,1040,1097815.4,510451192000000,2500,1200,0
6,4,2,358,242,116,0,0,0,1097766.8,510441495000000,500,0,0
26,12,14,3292,1320,1972,1560,520,1040,1097718.1,510406028000000,2500,1200,0
28,13,15,3440,1394,2046,1560,520,1040,1097638.1,510367340000000,2600,1200,0
24,11,13,4125,2371,1754,2787,1747,1040,1097561.8,510335094000000,2300,1100,0
85,31,54,11159,5767,5392,6535,4067,2468,1097422.9,510238390000000,8400,5200,0
95,40,55,11875,6417,5458,6651,4183,2468,1097183.5,510112729000000,9400,5400,0
6,4,2,358,242,116,0,0,0,1097037.8,510103065000000,500,0,0
70,29,41,9733,4987,4746,5895,3371,2524,1096930.2,510012871000000,6800,4200,200
105,51,54,12487,7095,5392,6663,4195,2468,1096659.9,509851944000000,10400,5200,0
101,46,55,12337,6891,5446,6759,4291,2468,1096331,509707156000000,10000,5200,0
81,31,50,10715,5719,4996,6307,4019,2288,1096071.5,509610687000000,8000,5200,0
69,26,43,9501,5043,4458,5747,3619,2128,1095881.1,509530325000000,6800,4300,100
26,12,14,3012,1204,1808,1560,520,1040,1095756.5,509494992000000,2500,1200,0
28,14,14,3424,1452,1972,1560,520,1040,1095673.4,509453217000000,2700,1200,0
55,22,33,7773,4127,3646,4763,2907,1856,1095555.8,509385739000000,5400,3300,100
81,35,46,9756,4004,5752,4322,1614,2708,1095365.5,509276552000000,8000,4500,0
26,12,14,3308,1336,1972,1576,536,1040,1095210,509241253000000,2500,1200,0
90,34,56,11711,6075,5636,6799,4195,2604,1095058,509135322000000,8900,5400,0
20,10,10,2692,1020,1672,1368,364,1004,1094912.9,509106465000000,1700,900,200
88,34,54,11483,6091,5392,6679,4211,2468,1094767.8,509000601000000,8700,5200,0
18,9,9,3617,1739,1878,2599,1215,1384,1094626.1,508974932000000,1700,700,0
22,10,12,2896,1104,1792,1440,436,1004,1094567.4,508946075000000,2000,1000,200
26,12,14,3292,1320,1972,1560,520,1040,1094498.2,508910809000000,2500,1200,0
48,22,26,8250,4750,3500,5590,3510,2080,1094391.5,508843465000000,4600,2200,0
24,11,13,3607,1701,1906,2007,967,1040,1094288.1,508811421000000,2300,1100,0
26,12,14,3308,1336,1972,1576,536,1040,1094215.6,508776189000000,2500,1200,0
85,31,54,11175,5783,5392,6551,4083,2468,1094074.1,508680055000000,8400,5200,0
26,12,14,3292,1320,1972,1560,520,1040,1093932.8,508644823000000,2500,1200,0
109,50,59,13193,7319,5874,7147,4491,2656,1093725.8,508487956000000,10800,5800,0
84,30,54,11115,5723,5392,6551,4083,2468,1093457,508395145000000,8300,5200,0
24,11,13,4185,2367,1818,2855,1747,1108,1093322.6,508363134000000,2300,1200,0
3,2,1,178,120,58,0,0,0,1093284.6,508359946000000,100,0,100
23,11,12,3557,1717,1840,2023,983,1040,1093246.8,508327969000000,2200,1000,0
26,12,14,3308,1336,1972,1576,536,1040,1093174.4,508292770000000,2500,1200,0
85,31,54,11223,5831,5392,6599,4131,2468,1093033.1,508196838000000,8400,5200,0
23,11,12,4071,2371,1700,2787,1747,1040,1092895.4,508164861000000,2200,1100,0
26,12,14,3292,1320,1972,1560,520,1040,1092823.1,508129695000000,2500,1200,0
26,12,14,3292,1320,1972,1560,520,1040,1092747.2,508094564000000,2500,1200,0
87,31,56,11929,5837,6092,7191,4131,3060,1092606.2,507998699000000,8600,5400,0
23,11,12,2956,1164,1792,1440,436,1004,1092468.6,507966755000000,2000,1000,300
85,31,54,11175,5783,5392,6551,4083,2468,1092331,507870957000000,8400,5200,0
26,12,14,3308,1336,1972,1576,536,1040,1092190,507835826000000,2500,1200,0
3,2,1,184,122,62,0,0,0,1092148.8,507832638000000,100,0,100
39,18,21,5671,3225,2446,3519,2215,1304,1092086.9,507778381000000,3800,2300,0
27,14,13,3728,1886,1842,2228,1100,1128,1091983.9,507736874000000,2600,1600,0
23,11,12,3541,1701,1840,2007,967,1040,1091905,507704963000000,2200,1000,0
23,11,12,3541,1701,1840,2007,967,1040,1091836.2,507673053000000,2200,1000,0
23,11,12,3541,1701,1840,2007,967,1040,1091767.5,507641143000000,2200,1000,0
85,31,54,11159,5767,5392,6535,4067,2468,1091630,507545479000000,8400,5200,0
24,11,13,4133,2383,1750,2803,1763,1040,1091492.6,507513569000000,2300,1100,0
24,11,13,4181,2431,1750,2851,1811,1040,1091424,507481692000000,2300,1100,0
47,24,23,6395,3697,2698,3775,2327,1448,1091311.4,507408376000000,4600,2300,100
90,34,56,11647,6011,5636,6735,4131,2604,1091120,507303216000000,8900,5400,0
90,40,50,11369,6261,5108,6415,4015,2400,1090873,507178998000000,8800,5000,200
26,12,14,3308,1336,1972,1576,536,1040,1090701.5,507143967000000,2500,1200,0
26,12,14,3292,1320,1972,1560,520,1040,1090626,507108970000000,2500,1200,0
25,13,12,3579,1851,1728,2195,1119,1076,1090547.1,507070751000000,2400,1300,0
32,16,16,4366,2138,2228,2596,1244,1352,1090454.5,507023003000000,3100,2100,0
91,33,58,12067,6299,5768,7095,4491,2604,1090293.5,506921199000000,9000,5700,0
92,34,58,12005,6293,5712,6967,4431,2536,1090070.9,506816241000000,9100,5600,0
26,12,14,3292,1320,1972,1560,520,1040,1089920.1,506781277000000,2500,1200,0
54,21,33,7755,4177,3578,4811,3023,1788,1089814,506717691000000,5200,3300,200
91,34,57,11881,6167,5714,6903,4299,2604,1089632.6,506612834000000,8800,5600,300
39,15,24,5945,3049,2896,3795,2211,1584,1089471.9,506568341000000,3700,2300,100
29,14,15,4703,2657,2046,3091,1863,1228,1089379.5,506527069000000,2800,1500,100
26,12,14,3292,1320,1972,1560,520,1040,1089297.4,506492105000000,2500,1200,0
26,12,14,3012,1204,1808,1560,520,1040,1089222.1,506457175000000,2500,1200,0
25,12,13,3570,1248,2322,1904,436,1468,1089146.9,506422278000000,2300,1100,200
26,12,14,3292,1320,1972,1560,520,1040,1089071.6,506387348000000,2500,1200,0
24,12,12,4191,2427,1764,2855,1747,1108,1088996.5,506352418000000,2300,1200,100
86,32,54,11219,5827,5392,6535,4067,2468,1088853.1,506254070000000,8500,5200,0
26,12,14,3012,1204,1808,1560,520,1040,1088709.6,506219173000000,2500,1200,0
23,11,12,3557,1717,1840,2023,983,1040,1088637.9,506187431000000,2200,1000,0
26,12,14,3308,1336,1972,1576,536,1040,1088566.1,506152534000000,2500,1200,0
98,47,51,10974,5292,5682,4478,2182,2296,1088371.4,506006707000000,9700,5000,0
26,12,14,3292,1320,1972,1560,520,1040,1088176.8,505971844000000,2500,1200,0
26,12,14,3308,1336,1972,1576,536,1040,1088101.6,505936980000000,2500,1200,0
7,4,3,452,246,206,32,0,32,1088053.9,505927485000000,600,100,100
26,12,14,3292,1320,1972,1560,520,1040,1088006,505892622000000,2500,1200,0
27,12,15,3798,1336,2462,2000,536,1464,1087930.9,505857792000000,2600,1300,0
88,34,54,11403,6011,5392,6599,4131,2468,1087780.9,505753270000000,8700,5300,0
34,18,16,3892,1908,1984,1968,872,1096,1087610.4,505699449000000,3200,1500,0
26,12,14,3292,1320,1972,1560,520,1040,1087514.9,505664619000000,2500,1200,0
35,18,17,5006,2748,2258,2680,1552,1128,1087419.4,505610798000000,3400,1800,0
26,12,14,3292,1320,1972,1560,520,1040,1087323.9,505576002000000,2500,1200,0
26,12,14,3292,1320,1972,1560,520,1040,1087248.9,505541206000000,2500,1200,0
47,18,29,6961,3667,3294,4395,2675,1720,1087153.5,505487418000000,4600,2900,100
29,13,16,4257,2017,2240,2327,1151,1176,1087054.6,505449468000000,2800,1400,0
17,8,9,2386,856,1530,1238,318,920,1086990.4,505427322000000,1400,600,100
31,14,17,4921,2751,2170,3207,1963,1244,1086922.8,505386218000000,3000,1600,0
62,23,39,8577,4363,4214,5147,3087,2060,1086803.9,505316660000000,6000,3700,100
87,32,55,11661,6147,5514,6923,4387,2536,1086623.5,505218714000000,8600,5300,0
29,14,15,5311,2841,2470,3687,2047,1640,1086473.8,505177610000000,2800,1500,100
26,12,14,3292,1320,1972,1560,520,1040,1086392.1,505142881000000,2500,1200,0
22,10,12,2896,1104,1792,1440,436,1004,1086324.1,505114461000000,2000,1000,200
26,12,14,3308,1336,1972,1576,536,1040,1086256,505079698000000,2500,1200,0
26,12,14,3292,1320,1972,1560,520,1040,1086181.1,505044969000000,2500,1200,0
28,13,15,3604,1554,2050,1728,688,1040,1086102.9,505007087000000,2700,1300,0
23,11,12,3541,1701,1840,2007,967,1040,1086028.1,504975512000000,2200,1000,0
36,14,22,5763,3051,2712,3791,2275,1516,1085949.9,504934475000000,3500,2200,100
61,24,37,8507,4577,3930,5179,3255,1924,1085827.5,504861896000000,5900,3700,200
22,10,12,2896,1104,1792,1440,436,1004,1085718.8,504833509000000,2000,1000,200
3,2,1,184,122,62,0,0,0,1085684.8,504830355000000,100,0,100
15,8,7,2741,1351,1390,1735,815,920,1085657.6,504808276000000,1400,500,0
88,34,54,11339,5947,5392,6535,4067,2468,1085521.8,504704191000000,8700,5300,0
85,31,54,11383,5991,5392,6759,4291,2468,1085307.9,504609601000000,8400,5200,0
26,12,14,3308,1336,1972,1576,536,1040,1085168.6,504574939000000,2500,1200,0
26,12,14,3292,1320,1972,1560,520,1040,1085093.9,504540277000000,2500,1200,0
109,53,56,12777,7197,5580,6719,4183,2536,1084880.4,504376465000000,10800,5400,0
26,12,14,3292,1320,1972,1560,520,1040,1084667,504341803000000,2500,1200,0
91,33,58,11779,6015,5764,6803,4199,2604,1084521.1,504241072000000,8900,5600,0
27,12,15,3358,1320,2038,1560,520,1040,1084375.4,504206444000000,2600,1200,0
26,12,14,3292,1320,1972,1560,520,1040,1084300.8,504171850000000,2500,1200,0
24,11,13,4117,2367,1750,2787,1747,1040,1084229.6,504140376000000,2300,1100,0
22,10,12,2896,1104,1792,1440,436,1004,1084165.2,504112056000000,2000,1000,200
99,48,51,11032,5258,5774,4482,2082,2400,1083975.5,503964248000000,9800,5000,0
26,12,14,3292,1320,1972,1560,520,1040,1083779,503929654000000,2500,1200,0
22,10,12,2896,1104,1792,1440,436,1004,1083711.2,503901367000000,2000,1000,200
46,22,24,5924,2340,3584,2880,872,2008,1083617.4,503835366000000,4200,2000,400
26,12,14,3292,1320,1972,1560,520,1040,1083516.6,503800805000000,2500,1200,0
87,32,55,11311,5833,5478,6567,4067,2500,1083374.6,503703430000000,8600,5300,0
26,12,14,3292,1320,1972,1560,520,1040,1083232.5,503668869000000,2500,1200,0
26,12,14,3292,1320,1972,1560,520,1040,1083158.1,503634341000000,2500,1200,0
26,12,14,3012,1204,1808,1560,520,1040,1083083.6,503599780000000,2500,1200,0
85,40,45,10455,5865,4590,5759,3607,2152,1082914.6,503477374000000,8400,4600,0
12,8,4,712,480,232,0,0,0,1087048.8,511876685000000,400,0,400
27,12,15,3358,1320,2038,1560,520,1040,1091276.9,511841587000000,2600,1200,0
95,35,60,12411,6511,5900,7199,4595,2604,1091123.6,511733140000000,9400,5800,0
6,1,5,372,62,310,0,0,0,1091008,511733140000000,500,0,0
9,5,4,1801,1121,680,1287,831,456,1090994.4,511720389000000,800,300,100
24,11,13,4133,2383,1750,2803,1763,1040,1090946.6,511688512000000,2300,1100,0
23,11,12,3557,1717,1840,2023,983,1040,1090878.5,511656635000000,2200,1000,0
22,10,12,2896,1104,1792,1440,436,1004,1090813.9,511627946000000,2000,1000,200
3,2,1,184,122,62,0,0,0,1090779.9,511624759000000,100,0,100
26,12,14,3012,1204,1808,1560,520,1040,1090739,511589728000000,2500,1200,0
41,21,20,5875,3407,2468,3591,2211,1380,1090633.5,511525974000000,4000,2000,100
93,34,59,12294,6080,6214,7202,4206,2996,1090453.2,511420882000000,9200,5700,0
41,17,24,6207,3387,2820,3959,2443,1516,1090286.8,511369913000000,3900,2400,200
36,16,20,5461,3105,2356,3483,2215,1268,1090181.4,511322165000000,3500,2200,0
23,11,12,3541,1701,1840,2007,967,1040,1090096.4,511290355000000,2200,1000,0
90,35,55,11585,6071,5514,6667,4131,2536,1089946.9,511182142000000,8900,5400,0
26,12,14,3292,1320,1972,1560,520,1040,1089794,511147145000000,2500,1200,0
26,12,14,3292,1320,1972,1560,520,1040,1089719.2,511112148000000,2500,1200,0
85,31,54,11287,5895,5392,6663,4195,2468,1089580,511016752000000,8400,5200,0
26,12,14,3308,1336,1972,1576,536,1040,1089440.9,510981789000000,2500,1200,0
93,35,58,12059,6291,5768,6967,4363,2604,1089288.1,510873710000000,9200,5600,0
29,13,16,4823,2707,2116,3223,1979,1244,1089132.1,510835592000000,2700,1600,200
26,12,14,3292,1320,1972,1560,520,1040,1089054,510800628000000,2500,1200,0
26,12,14,3292,1320,1972,1560,520,1040,1088979.4,510765698000000,2500,1200,0
96,42,54,11947,6555,5392,6663,4195,2468,1088803.1,510635507000000,9500,5200,0
32,15,17,4088,1722,2366,1960,724,1236,1088616.6,510591047000000,3100,1800,0
26,12,14,3292,1320,1972,1560,520,1040,1088531.9,510556151000000,2500,1200,0
24,11,13,4125,2371,1754,2787,1747,1040,1088460.6,510524408000000,2300,1100,0
100,46,54,12123,6731,5392,6599,4131,2468,1088274.4,510381634000000,9900,5200,0
26,12,14,3012,1204,1808,1560,520,1040,1088084.8,510346771000000,2500,1200,0
26,12,14,3292,1320,1972,1560,520,1040,1088010.1,510311874000000,2500,1200,0
24,11,13,4117,2367,1750,2787,1747,1040,1087939,510280165000000,2300,1100,0
52,26,26,7097,4101,2996,4207,2623,1584,1087820.6,510200943000000,5100,2600,100
25,12,13,3226,1320,1906,1560,520,1040,1087698.8,510166080000000,2400,1200,0
88,33,55,11349,5903,5446,6551,4083,2468,1087553.4,510064679000000,8700,5300,0
26,12,14,3028,1220,1808,1576,536,1040,1087407.9,510029849000000,2500,1200,0
27,13,14,3358,1386,1972,1560,520,1040,1087330.1,509991832000000,2600,1200,0
35,15,20,5515,3047,2468,3591,2211,1380,1087242.1,509947507000000,3300,2000,200
87,33,54,11279,5887,5392,6535,4067,2468,1087086.6,509846206000000,8600,5200,0
53,21,32,7655,4131,3524,4759,2971,1788,1086911,509782922000000,5100,3200,200
24,11,13,3607,1701,1906,2007,967,1040,1086809.6,509751281000000,2300,1100,0
24,11,13,4117,2367,1750,2787,1747,1040,1086742,509719639000000,2300,1100,0
92,32,60,11937,5937,6000,6923,4183,2740,1086603.6,509621593000000,9100,5700,0
24,11,13,4125,2371,1754,2787,1747,1040,1086465.2,509589984000000,2300,1100,0
26,12,14,3292,1320,1972,1560,520,1040,1086394.4,509555188000000,2500,1200,0
26,12,14,3292,1320,1972,1560,520,1040,1086320,509520426000000,2500,1200,0
23,11,12,4131,2367,1764,2855,1747,1108,1086249.1,509488818000000,2100,1200,200
26,12,14,4477,2537,1940,3039,1863,1176,1086178.2,509454055000000,2400,1400,200
24,11,13,3072,1182,1890,1472,436,1036,1086107.4,509422447000000,2200,1100,200
24,11,13,3192,1322,1870,1592,588,1004,1086039.9,509390872000000,2200,1100,200
26,12,14,3292,1320,1972,1560,520,1040,1085969,509356110000000,2500,1200,0
26,12,14,3292,1320,1972,1560,520,1040,1085894.8,509321348000000,2500,1200,0
26,12,14,3308,1336,1972,1576,536,1040,1085820.6,509286619000000,2500,1200,0
26,12,14,3012,1204,1808,1560,520,1040,1085746.4,509251890000000,2500,1200,0
29,13,16,4241,2001,2240,2311,1135,1176,1085668.8,509214007000000,2800,1400,0
59,21,38,10358,4566,5792,7062,3390,3672,1085561.4,509150858000000,5600,3500,100
38,17,21,5627,3165,2462,3535,2215,1320,1085440.5,509100358000000,3700,2200,0
21,9,12,2868,980,1888,1472,384,1088,1085359.6,509075125000000,1900,1000,100
99,34,65,13193,6563,6630,7767,4687,3080,1085221.6,508971006000000,9700,6200,0
26,12,14,3292,1320,1972,1560,520,1040,1085073.5,508936310000000,2500,1200,0
29,13,16,4241,2001,2240,2311,1135,1176,1084996,508898495000000,2800,1400,0
26,12,14,3292,1320,1972,1560,520,1040,1084918.5,508863799000000,2500,1200,0
38,18,20,5581,3225,2356,3483,2215,1268,1084824.2,508810213000000,3700,2200,0
17,9,8,3099,1739,1360,2135,1215,920,1084740.2,508784980000000,1600,600,0
38,17,21,4270,1752,2518,1666,590,1076,1084659.8,508734581000000,3300,1400,0
24,11,13,4117,2367,1750,2787,1747,1040,1084572.4,508703074000000,2300,1100,0
85,31,54,11159,5767,5392,6535,4067,2468,1084437.9,508608551000000,8400,5200,0
23,11,12,3541,1701,1840,2007,967,1040,1084303.4,508577043000000,2200,1000,0
26,12,14,3292,1320,1972,1560,520,1040,1084232.6,508542415000000,2500,1200,0
39,16,23,6025,3327,2698,3891,2443,1448,1084145.2,508495204000000,3800,2300,100
23,11,12,2956,1164,1792,1440,436,1004,1084061.2,508463696000000,2000,1000,300
26,12,14,3292,1320,1972,1560,520,1040,1083990.6,508429102000000,2500,1200,0
100,36,64,13093,6717,6376,7611,4735,2876,1083836.1,508318942000000,9900,6200,0
59,22,37,9514,3924,5590,6254,2702,3552,1083648.2,508252907000000,5700,3700,0
12,8,4,712,480,232,0,0,0,1086974.4,512533178000000,400,0,400
36,16,20,5461,3105,2356,3483,2215,1268,1090320,512485631000000,3500,2100,0
86,32,54,11287,5827,5460,6603,4067,2536,1090164.6,512387350000000,8300,5300,300
24,11,13,4181,2431,1750,2851,1811,1040,1090026.1,512355641000000,2300,1100,0
86,32,54,11219,5827,5392,6535,4067,2468,1089887.8,512257428000000,8500,5200,0
87,33,54,11343,5951,5392,6599,4131,2468,1089675.1,512156060000000,8600,5200,0
93,33,60,12065,5997,6068,6991,4183,2808,1089459.4,512054725000000,9200,5800,0
26,12,14,3292,1320,1972,1560,520,1040,1089314.4,512019929000000,2500,1200,0
24,11,13,4133,2383,1750,2803,1763,1040,1089243.5,511988254000000,2300,1100,0
86,32,54,11219,5827,5392,6535,4067,2468,1089105.2,511890174000000,8500,5200,0
23,11,12,3541,1701,1840,2007,967,1040,1088967.1,511858532000000,2200,1000,0
23,11,12,4131,2367,1764,2855,1747,1108,1088899.6,511826924000000,2200,1200,100
26,12,14,3292,1320,1972,1560,520,1040,1088828.9,511792128000000,2500,1200,0
26,12,14,3292,1320,1972,1560,520,1040,1088754.8,511757332000000,2500,1200,0
24,11,13,4117,2367,1750,2787,1747,1040,1088684,511725724000000,2300,1100,0
42,17,25,6371,3497,2874,4075,2559,1516,1088596.4,511675157000000,4100,2500,100
15,10,5,890,600,290,0,0,0,1093144.2,517119163000000,500,0,500
26,12,14,3292,1320,1972,1560,520,1040,1097708.4,517084031000000,2500,1200,0
22,10,12,2896,1104,1792,1440,436,1004,1097640.4,517055275000000,2000,1000,200
6,4,2,358,242,116,0,0,0,1097599.6,517045712000000,500,0,0
29,13,16,4241,2001,2240,2311,1135,1176,1097548.6,517007393000000,2800,1400,0
85,31,54,11223,5831,5392,6599,4131,2468,1097406.1,516911629000000,8400,5200,0
26,12,14,3292,1320,1972,1560,520,1040,1097267,516876497000000,2500,1200,0
101,34,67,13344,6106,7238,7826,4238,3588,1097117.8,516771203000000,10000,6500,0
26,12,14,3292,1320,1972,1560,520,1040,1096968.6,516736139000000,2500,1200,0
26,12,14,3891,1851,2040,2159,1051,1108,1096894,516701041000000,2500,1200,0
28,13,15,4838,2508,2330,3266,1770,1496,1096816,516662789000000,2700,1300,0
3,2,1,184,122,62,0,0,0,1096772,516659601000000,100,0,100
26,12,14,3292,1320,1972,1560,520,1040,1096731.2,516624503000000,2500,1200,0
25,12,13,4245,2427,1818,2855,1747,1108,1096656.6,516589439000000,2400,1200,0
85,31,54,11287,5895,5392,6663,4195,2468,1096517.8,516493842000000,8400,5200,0
22,10,12,2896,1104,1792,1440,436,1004,1096385.6,516465153000000,2000,1000,200
26,12,14,3292,1320,1972,1560,520,1040,1096317.9,516430122000000,2500,1200,0
25,12,13,4185,2431,1754,2787,1747,1040,1096243.2,516395058000000,2400,1100,0
26,12,14,3292,1320,1972,1560,520,1040,1096168.8,516360027000000,2500,1200,0
91,36,55,11891,6433,5458,6907,4439,2468,1096013.1,516248593000000,9000,5400,0
24,11,13,4125,2371,1754,2787,1747,1040,1095860.9,516216750000000,2300,1100,0
105,50,55,12491,7033,5458,6667,4199,2468,1095661.4,516060822000000,10400,5300,0
28,16,12,3440,1724,1716,1864,804,1060,1095445.6,516013108000000,2700,1300,100
23,11,12,3541,1701,1840,2007,967,1040,1095361.4,515981298000000,2200,1000,0
90,33,57,12165,6067,6098,7247,4247,3000,1095219.5,515879528000000,8900,5500,0
23,10,13,3426,1104,2322,1904,436,1468,1095080.9,515850939000000,2100,1100,200
24,11,13,4117,2367,1750,2787,1747,1040,1095016.8,515819163000000,2300,1100,0
27,11,16,5588,2684,2904,4066,2070,1996,1094949.4,515787354000000,2600,1500,100
6,1,5,372,62,310,0,0,0,1094915.8,515787354000000,500,0,0
95,36,59,12358,4704,7654,6060,2320,3740,1094797.6,515676154000000,9400,5700,0
26,12,14,3292,1320,1972,1560,520,1040,1094642.4,515641224000000,2500,1200,0
35,18,17,4821,2403,2418,2495,1207,1288,1094547.8,515587235000000,3400,1800,0
26,12,14,3012,1204,1808,1560,520,1040,1094453.2,515552305000000,2500,1200,0
26,12,14,3292,1320,1972,1560,520,1040,1094378.9,515517375000000,2500,1200,0
36,16,20,5461,3105,2356,3483,2215,1268,1094291.1,515469761000000,3500,2100,0
24,11,13,4193,2371,1822,2855,1747,1108,1094206.8,515438052000000,2300,1200,0
26,12,14,3308,1336,1972,1576,536,1040,1094135.9,515403122000000,2500,1200,0
26,12,14,3308,1336,1972,1576,536,1040,1094061.6,515368225000000,2500,1200,0
26,12,14,3344,1320,2024,1612,520,1092,1093987.4,515333329000000,2500,1300,0
31,15,16,4989,2905,2084,3275,2063,1212,1093903.5,515288903000000,3000,1700,0
106,52,54,12435,7043,5392,6551,4083,2468,1093684.8,515127204000000,10500,5200,0
27,12,15,3358,1320,2038,1560,520,1040,1093475.9,515092341000000,2600,1200,0
29,13,16,3522,1410,2112,1576,536,1040,1093398.4,515054324000000,2700,1200,0
26,12,14,3292,1320,1972,1560,520,1040,1093320.9,515019461000000,2500,1200,0
26,12,14,3292,1320,1972,1560,520,1040,1093246.8,514984598000000,2500,1200,0
22,10,12,2896,1104,1792,1440,436,1004,1093179.2,514956110000000,2000,1000,200
85,31,54,11159,5767,5392,6535,4067,2468,1093048,514861084000000,8400,5200,0
26,12,14,3292,1320,1972,1560,520,1040,1092910,514826254000000,2500,1200,0
26,12,14,3292,1320,1972,1560,520,1040,1092835.9,514791425000000,2500,1200,0
26,12,14,3012,1204,1808,1560,520,1040,1092761.9,514756629000000,2500,1200,0
37,16,21,5979,3105,2874,3947,2215,1732,1092674.2,514709149000000,3600,2200,0
27,12,15,3358,1320,2038,1560,520,1040,1092586.9,514674320000000,2600,1200,0
24,11,13,4181,2431,1750,2851,1811,1040,1092516.1,514642678000000,2300,1100,0
9,6,3,1005,379,626,479,23,456,1092465.6,514626874000000,600,200,300
33,13,20,6235,2591,3644,4375,1847,2528,1092408.5,514588924000000,3100,1800,0
26,12,14,3292,1320,1972,1560,520,1040,1092331.2,514554128000000,2500,1200,0
26,12,14,3292,1320,1972,1560,520,1040,1092257.2,514519332000000,2500,1200,0
61,21,40,9583,3991,5592,6247,2827,3420,1092153.1,514456082000000,6000,3900,0
26,12,14,3356,1384,1972,1624,584,1040,1092049.1,514421319000000,2500,1200,0
26,12,14,3292,1320,1972,1560,520,1040,1091975.1,514386557000000,2500,1200,0
50,23,27,8510,4888,3622,5742,3594,2148,1091865.1,514317032000000,4800,2400,0
6,1,5,372,62,310,0,0,0,1091792.1,514317032000000,500,0,0
22,10,12,2896,1104,1792,1440,436,1004,1091761.9,514288578000000,2000,1000,200
88,32,56,11581,6001,5580,6783,4247,2536,1091627.5,514190666000000,8700,5500,0
26,12,14,3292,1320,1972,1560,520,1040,1091486.5,514155937000000,2500,1200,0
22,10,12,2896,1104,1792,1440,436,1004,1091419.4,514127517000000,2000,1000,200
24,11,13,4117,2367,1750,2787,1747,1040,1091355.6,514095942000000,2300,1100,0
92,34,58,12139,6383,5756,7107,4503,2604,1091211.2,513991755000000,9100,5500,0
28,12,16,3896,1308,2588,2020,508,1512,1091063.8,513957060000000,2600,1400,200
26,12,14,3292,1320,1972,1560,520,1040,1090989.9,513922365000000,2500,1200,0
32,15,17,3736,1570,2166,1960,724,1236,1090906.4,513878174000000,3100,1800,0
26,12,14,3308,1336,1972,1576,536,1040,1090822.8,513843478000000,2500,1200,0
26,12,14,3308,1336,1972,1576,536,1040,1090749,513808783000000,2500,1200,0
85,31,54,11239,5847,5392,6615,4147,2468,1090611.5,513714193000000,8400,5200,0
3,2,1,178,120,58,0,0,0,1090507.6,513711039000000,100,0,100
14,7,7,2925,1619,1306,2135,1215,920,1090484.2,513692148000000,1300,600,0
23,10,13,3426,1104,2322,1904,436,1468,1090433.9,513663761000000,2100,1100,200
26,12,14,3308,1336,1972,1576,536,1040,1090366.9,513629099000000,2500,1200,0
24,11,13,4125,2371,1754,2787,1747,1040,1090296.5,513597592000000,2300,1200,0
91,33,58,11821,5997,5824,6855,4183,2672,1090155.9,513496794000000,9000,5600,0
26,12,14,3292,1320,1972,1560,520,1040,1090011.9,513462132000000,2500,1200,0
23,11,12,3541,1701,1840,2007,967,1040,1089941.6,513430658000000,2200,1000,0
23,11,12,3541,1701,1840,2007,967,1040,1089874.6,513399151000000,2200,1000,0
89,33,56,11747,6111,5636,6895,4291,2604,1089734,513298420000000,8800,5400,0
22,10,12,2896,1104,1792,1440,436,1004,1089596.9,513270100000000,2000,1000,200
26,12,14,3308,1336,1972,1576,536,1040,1089529.9,513235472000000,2500,1200,0
26,12,14,3891,1851,2040,2159,1051,1108,1089456.2,513200877000000,2500,1200,0
71,26,45,10479,4917,5562,6611,3487,3124,1089335.9,513122226000000,6900,4500,200
29,13,16,3538,1394,2144,1592,520,1072,1089212.2,513084511000000,2700,1300,0
26,12,14,3308,1336,1972,1576,536,1040,1089135.4,513049916000000,2500,1200,0
3,2,1,178,120,58,0,0,0,1089095.2,513046762000000,100,0,100
26,12,14,3308,1336,1972,1576,536,1040,1089055.1,513012167000000,2500,1200,0
41,20,21,5755,3345,2410,3483,2215,1268,1088954.8,512952440000000,4000,2200,0
81,31,50,10715,5719,4996,6307,4019,2288,1088791.1,512858186000000,8000,5200,0
49,23,26,8294,4794,3500,5574,3494,2080,1088617.9,512789064000000,4500,2200,300
98,44,54,11939,6547,5392,6535,4067,2468,1088401.4,512654041000000,9700,5200,0
23,11,12,3541,1701,1840,2007,967,1040,1088224.5,512622634000000,2200,1000,0
22,10,12,2896,1104,1792,1440,436,1004,1088161.1,512594381000000,2000,1000,200
26,12,14,3292,1320,1972,1560,520,1040,1088094.4,512559887000000,2500,1200,0
38,16,22,6493,3913,2580,4395,3023,1372,1088007.6,512512810000000,3700,2300,0
26,12,14,3308,1336,1972,1576,536,1040,1087920.9,512478283000000,2500,1200,0
108,53,55,12805,7359,5446,6807,4339,2468,1087710.9,512315208000000,10700,5300,0
26,12,14,3292,1320,1972,1560,520,1040,1087500.9,512280714000000,2500,1200,0
88,32,56,11645,6065,5580,6847,4311,2536,1087361,512183574000000,8700,5500,0
26,12,14,3292,1320,1972,1560,520,1040,1087221,512149080000000,2500,1200,0
22,10,12,2896,1104,1792,1440,436,1004,1087154.4,512120895000000,2000,1000,200
86,31,55,11393,5895,5498,6715,4195,2520,1087024.5,512026909000000,8500,5300,0
23,11,12,3541,1701,1840,2007,967,1040,1086891.4,511995602000000,2200,1000,0
24,11,13,4117,2367,1750,2787,1747,1040,1086824.8,511964296000000,2300,1100,0
26,12,14,3292,1320,1972,1560,520,1040,1086754.9,511929869000000,2500,1200,0
26,12,14,3292,1320,1972,1560,520,1040,1086681.6,511895442000000,2500,1200,0
47,22,25,8244,4798,3446,5638,3558,2080,1086577,511829709000000,4400,2200,200
26,12,14,3292,1320,1972,1560,520,1040,1086472.4,511795282000000,2500,1200,0
26,12,14,3012,1204,1808,1560,520,1040,1086399.1,511760855000000,2500,1200,0
24,11,13,4117,2367,1750,2787,1747,1040,1086329.2,511729583000000,2300,1100,0
3,2,1,178,120,58,0,0,0,1086292.6,511726462000000,100,0,100
91,32,59,13287,6929,6358,8303,5175,3128,1086186.4,511629490000000,9000,5700,0
23,11,12,3541,1701,1840,2007,967,1040,1086050.1,511598217000000,2200,1000,0
85,31,54,11159,5767,5392,6535,4067,2468,1085917.1,511504466000000,8400,5200,0
91,34,57,11963,6317,5646,6979,4443,2536,1085707.9,511401353000000,9000,5500,0
26,12,14,3292,1320,1972,1560,520,1040,1085561.8,511366960000000,2500,1200,0
26,12,14,3292,1320,1972,1560,520,1040,1085488.8,511332634000000,2500,1200,0
25,11,14,4603,2371,2232,3211,1747,1464,1085419,511301395000000,2400,1300,0
26,12,14,3292,1320,1972,1560,520,1040,1085349.2,511267035000000,2500,1200,0
26,12,14,3292,1320,1972,1560,520,1040,1085276.1,511232709000000,2500,1200,0
26,12,14,3012,1204,1808,1560,520,1040,1085203.1,511198349000000,2500,1200,0
65,26,39,9105,4999,4106,5555,3563,1992,1085083.6,511120335000000,6300,3900,200
23,11,12,2956,1164,1792,1440,436,1004,1084967.5,511089129000000,2000,1000,300
26,12,14,3292,1320,1972,1560,520,1040,1084897.9,511054803000000,2500,1200,0
13,7,6,2871,1619,1252,2135,1215,920,1084841.8,511036080000000,1200,500,100
26,12,14,3292,1320,1972,1560,520,1040,1084785.8,511001754000000,2500,1200,0
108,53,55,12533,7087,5446,6535,4067,2468,1084577.4,510839619000000,10700,5300,0
22,10,12,3475,1635,1840,2007,967,1040,1084375.8,510811567000000,2100,1000,0
24,11,13,4125,2371,1754,2787,1747,1040,1084312.8,510780395000000,2300,1100,0
3,2,1,178,120,58,0,0,0,1084276.2,510777274000000,100,0,100
26,12,14,3292,1320,1972,1560,520,1040,1084236.5,510743015000000,2500,1200,0
26,12,14,3292,1320,1972,1560,520,1040,1084163.6,510708723000000,2500,1200,0
37,17,20,5521,3165,2356,3483,2215,1268,1084074.1,510658894000000,3600,2100,0
90,33,57,11699,5997,5702,6787,4183,2604,1083915.2,510559238000000,8900,5500,0
24,11,13,4125,2371,1754,2787,1747,1040,1083776.2,510528099000000,2300,1100,0
27,12,15,3066,1204,1862,1560,520,1040,1083706.6,510493840000000,2600,1200,0
85,31,54,11159,5767,5392,6535,4067,2468,1083571,510400458000000,8400,5200,0
60,30,30,7845,4497,3348,4511,2791,1720,1083375.9,510310230000000,5900,3100,100
18,12,6,1068,720,348,0,0,0,1087744.4,513437537000000,600,0,600
24,11,13,4125,2371,1754,2787,1747,1040,1092175.2,513406264000000,2300,1100,0
3,2,1,178,120,58,0,0,0,1092138.6,513403110000000,100,0,100
27,12,15,3358,1320,2038,1560,520,1040,1092098.5,513368717000000,2600,1200,0
85,31,54,11159,5767,5392,6535,4067,2468,1091961.9,513274865000000,8400,5200,0
23,11,12,3541,1701,1840,2007,967,1040,1091828.6,513243592000000,2200,1000,0
26,12,14,3292,1320,1972,1560,520,1040,1091758.6,513209199000000,2500,1200,0
26,12,14,3292,1320,1972,1560,520,1040,1091685.4,513174806000000,2500,1200,0
26,12,14,3292,1320,1972,1560,520,1040,1091612,513140412000000,2500,1200,0
75,28,47,10241,5431,4810,6163,3899,2264,1091485.5,513056023000000,7400,4700,100
26,12,14,3292,1320,1972,1560,520,1040,1091359,513021663000000,2500,1200,0
4,2,2,246,122,124,0,0,0,1091319,513018543000000,200,0,100
26,12,14,3292,1320,1972,1560,520,1040,1091279.1,512984149000000,2500,1200,0
29,13,16,4050,1470,2580,2108,604,1504,1091202.5,512946669000000,2800,1400,0
26,12,14,3292,1320,1972,1560,520,1040,1091126,512912309000000,2500,1200,0
26,12,14,3308,1336,1972,1576,536,1040,1091052.8,512877983000000,2500,1200,0
85,31,54,11415,6023,5392,6791,4323,2468,1090916.4,512784299000000,8400,5200,0
23,11,12,2956,1164,1792,1440,436,1004,1090783.4,512753094000000,2000,1000,300
86,32,54,11475,6083,5392,6791,4323,2468,1090647.1,512656356000000,8500,5200,0
73,26,47,9965,5011,4954,5971,3587,2384,1090461.1,512578376000000,7200,4800,100
75,28,47,10305,5495,4810,6227,3963,2264,1090288.5,512494154000000,7400,4700,100
24,11,13,4117,2367,1750,2787,1747,1040,1090165.6,512462982000000,2300,1100,0
90,35,55,11521,6007,5514,6603,4067,2536,1090019.5,512357017000000,8900,5300,0
2,1,1,118,60,58,0,0,0,1089906.8,512357017000000,100,0,0
85,31,54,11159,5767,5392,6535,4067,2468,1089807.1,512263534000000,8400,5200,0
29,14,15,3836,1886,1950,2228,1100,1128,1089664.6,512223034000000,2800,1700,0
85,31,54,11419,6015,5404,6783,4315,2468,1089522.2,512129619000000,8400,5200,0
62,28,34,8297,4597,3700,4879,3023,1856,1089333.2,512045565000000,6000,3400,200
88,34,54,11483,6091,5392,6679,4211,2468,1089134.2,511942855000000,8700,5200,0
85,31,54,11287,5895,5392,6663,4195,2468,1088925.5,511849540000000,8400,5200,0
87,31,56,12105,6577,5528,7343,4875,2468,1088726.9,511756259000000,8500,5200,0
26,12,14,3292,1320,1972,1560,520,1040,1088591.1,511722033000000,2500,1200,0
23,11,12,3541,1701,1840,2007,967,1040,1088521.5,511690962000000,2200,1000,0
26,12,14,3292,1320,1972,1560,520,1040,1088451.9,511656770000000,2500,1200,0
98,44,54,11939,6547,5392,6535,4067,2468,1088273.4,511523156000000,9700,5200,0
68,26,42,9385,4981,4404,5679,3551,2128,1088048.6,511445511000000,6600,4200,200
26,12,14,3292,1320,1972,1560,520,1040,1087929.6,511411353000000,2500,1200,0
74,28,46,10093,5337,4756,6063,3799,2264,1087803.9,511327534000000,7300,4600,100
88,33,55,11349,5903,5446,6551,4083,2468,1087608.9,511228246000000,8700,5300,0
23,11,12,3541,1701,1840,2007,967,1040,1087470.1,511197208000000,2200,1000,0
28,13,15,3552,1502,2050,1676,636,1040,1087397.4,511159996000000,2700,1300,0
26,12,14,3292,1320,1972,1560,520,1040,1087321.2,511125871000000,2500,1200,0
23,11,12,3541,1701,1840,2007,967,1040,1087251.9,511094867000000,2200,1000,0
26,12,14,3308,1336,1972,1576,536,1040,1087182.5,511060742000000,2500,1200,0
22,10,12,2896,1104,1792,1440,436,1004,1087116.4,511032859000000,2000,1000,200
24,11,13,4117,2367,1750,2787,1747,1040,1087053.6,511001854000000,2300,1100,0
71,30,41,9663,5381,4282,5771,3711,2060,1086924.9,510911962000000,6900,4100,200
27,13,14,3731,1691,2040,1933,825,1108,1086789.5,510874784000000,2600,1300,0
86,31,55,11281,5767,5514,6603,4067,2536,1086650.9,510781838000000,8500,5300,0
20,10,10,2694,1054,1640,1358,386,972,1086522.2,510753988000000,1900,900,100
52,24,28,6584,2640,3944,3120,1040,2080,1086418,510682752000000,5000,2400,0
89,35,54,11543,6151,5392,6679,4211,2468,1086231.2,510577525000000,8800,5200,0
26,12,14,3012,1204,1808,1560,520,1040,1086082.9,510543467000000,2500,1200,0
3,2,1,178,120,58,0,0,0,1086043.2,510540380000000,100,0,100
26,12,14,3292,1320,1972,1560,520,1040,1086003.8,510506356000000,2500,1200,0
24,11,13,4117,2367,1750,2787,1747,1040,1085934.5,510475419000000,2300,1100,0
86,31,55,11409,5895,5514,6731,4195,2536,1085802.6,510382607000000,8500,5300,0
26,12,14,3891,1851,2040,2159,1051,1108,1085667.6,510348617000000,2500,1200,0
87,33,54,11535,6143,5392,6791,4323,2468,1085526,510249665000000,8600,5200,0
56,22,34,7937,4237,3700,4879,3023,1856,1085351.5,510184770000000,5500,3400,100
26,12,14,3292,1320,1972,1560,520,1040,1085246.2,510150780000000,2500,1200,0
24,11,13,4189,2435,1754,2851,1811,1040,1085177.1,510119910000000,2300,1100,0
24,11,13,4125,2371,1754,2787,1747,1040,1085111.2,510089006000000,2300,1100,0
87,32,55,11405,5891,5514,6667,4131,2536,1084976.4,509993275000000,8600,5300,0
87,32,55,11859,6401,5458,7115,4647,2468,1084772.5,509897578000000,8600,5300,0
26,12,14,3292,1320,1972,1560,520,1040,1084634.4,509863621000000,2500,1200,0
36,16,20,5461,3105,2356,3483,2215,1268,1084548.9,509817316000000,3500,2100,0
26,12,14,3292,1320,1972,1560,520,1040,1084463.4,509783392000000,2500,1200,0
22,10,12,2896,1104,1792,1440,436,1004,1084397.6,509755643000000,2000,1000,200
24,11,13,4937,3175,1762,3595,2555,1040,1084335.1,509724773000000,2300,1100,0
26,12,14,3292,1320,1972,1560,520,1040,1084266.1,509690849000000,2500,1200,0
87,32,55,11341,5827,5514,6603,4067,2536,1084128.2,509595252000000,8600,5300,0
26,12,14,3292,1320,1972,1560,520,1040,1083990.2,509561362000000,2500,1200,0
27,12,15,3370,1320,2050,1560,520,1040,1083918,509527439000000,2600,1200,0
38,16,22,4930,2210,2720,2826,1326,1500,1083832.6,509481234000000,3700,2400,0
24,11,13,4117,2367,1750,2787,1747,1040,1083750.6,509450398000000,2300,1100,0
32,15,17,4088,1722,2366,1960,724,1236,1083671.9,509407280000000,3100,1800,0
24,11,13,4125,2371,1754,2787,1747,1040,1083593.1,509376478000000,2300,1100,0
22,10,12,2896,1104,1792,1440,436,1004,1083530.8,509348762000000,2000,1000,200
9,4,5,626,272,354,0,0,0,1083491.4,509339501000000,800,0,0
7,4,3,504,266,238,32,0,32,1083471.8,509330273000000,500,100,100
86,31,55,11281,5767,5514,6603,4067,2536,1083363.5,509237898000000,8500,5300,0
26,12,14,3192,1252,1940,1440,436,1004,1083229.1,509204041000000,2200,1000,200
92,36,56,11757,6177,5580,6719,4183,2536,1083078.4,509096332000000,9100,5400,0
36,16,20,5461,3105,2356,3483,2215,1268,1082914.5,509050194000000,3500,2100,0
85,31,54,11287,5895,5392,6663,4195,2468,1082767,508957920000000,8400,5200,0
23,12,11,3288,1554,1734,2004,876,1128,1082632.6,508924097000000,2200,1400,0
24,11,13,3607,1701,1906,2007,967,1040,1082563.9,508893327000000,2300,1100,0
14,7,7,3103,1797,1306,2319,1399,920,1082512.1,508874906000000,1300,600,100
105,51,54,12375,6983,5392,6551,4083,2468,1082329.4,508721227000000,10400,5200,0
87,31,56,11791,5767,6024,7059,4067,2992,1082067.6,508629086000000,8600,5400,0
3,1,2,176,60,116,0,0,0,1081969.5,508629086000000,200,0,0
85,31,54,11287,5895,5392,6663,4195,2468,1081871.4,508536946000000,8400,5200,0
5,3,2,292,180,112,0,0,0,1081766.8,508530805000000,200,0,200
24,11,13,4117,2367,1750,2787,1747,1040,1081727.5,508500103000000,2300,1100,0
89,38,51,11257,6139,5118,6375,4019,2356,1081573.9,508386555000000,8800,5200,0
26,12,14,3292,1320,1972,1560,520,1040,1081417,508352832000000,2500,1200,0
74,28,46,10077,5321,4756,6047,3783,2264,1081292.9,508269987000000,7200,4600,200
23,11,12,3557,1717,1840,2023,983,1040,1081172,508239318000000,2200,1000,0
3,2,1,178,120,58,0,0,0,1081136,508236264000000,100,0,100
88,32,56,11565,6001,5564,6767,4247,2520,1081031.5,508141238000000,8700,5400,0
12,8,4,712,480,232,0,0,0,1081604.5,508260189000000,400,0,400
78,29,49,10523,5537,4986,6283,3951,2332,1082187.2,508174356000000,7700,4900,100
87,31,56,11919,5895,6024,7187,4195,2992,1081997.8,508082417000000,8600,5400,0
24,11,13,4117,2367,1750,2787,1747,1040,1081867.1,508051782000000,2300,1100,0
26,12,14,3891,1851,2040,2159,1051,1108,1081798.5,508018093000000,2500,1200,0
23,11,12,3557,1717,1840,2023,983,1040,1081729.9,507987458000000,2200,1000,0
26,12,14,3292,1320,1972,1560,520,1040,1081661.2,507953770000000,2500,1200,0
25,13,12,3673,1833,1840,2007,967,1040,1081586.1,507917028000000,2400,1000,0
26,12,14,3292,1320,1972,1560,520,1040,1081511,507883339000000,2500,1200,0
24,11,13,3446,1164,2282,1864,436,1428,1081442.4,507852737000000,2100,1100,300
36,16,20,5605,3169,2436,3627,2279,1348,1081360.8,507806835000000,3500,2100,0
85,31,54,11159,5767,5392,6535,4067,2468,1081213.9,507715030000000,8400,5200,0
86,31,55,11345,5831,5514,6667,4131,2536,1081018.2,507623258000000,8500,5300,0
23,10,13,2978,1104,1874,1456,436,1020,1080891,507595744000000,2100,1100,200
96,33,63,12613,6235,6378,7371,4427,2944,1080757.4,507497899000000,9500,6100,0
68,27,41,9387,5105,4282,5675,3615,2060,1080568.5,507418442000000,6600,4100,200
86,32,54,11597,6193,5404,6907,4439,2468,1080382.8,507323752000000,8500,5300,100
86,31,55,10410,4304,6106,4718,2250,2468,1080184.4,507232114000000,8500,5300,0
22,11,11,4009,2367,1642,2787,1747,1040,1080054.4,507201580000000,2000,1100,200
24,11,13,4133,2383,1750,2803,1763,1040,1079989.1,507171045000000,2300,1100,0
24,11,13,4185,2367,1818,2855,1747,1108,1079924,507140544000000,2300,1200,0
24,11,13,4181,2431,1750,2851,1811,1040,1079859,507110010000000,2300,1100,0
26,12,14,3308,1336,1972,1576,536,1040,1079790.6,507076455000000,2500,1200,0
99,45,54,12063,6671,5392,6599,4131,2468,1079611.9,506942204000000,9800,5200,0
28,13,15,3520,1470,2050,1644,604,1040,1079430,506905596000000,2700,1300,0
24,11,13,3056,1186,1870,1456,452,1004,1079358.4,506875129000000,2200,1100,200
26,12,14,3292,1320,1972,1560,520,1040,1079290.1,506841574000000,2500,1200,0
96,37,59,12635,6669,5966,7359,4619,2740,1079137.4,506731851000000,9300,5800,200
58,22,36,8051,4243,3808,4879,3023,1856,1078952.1,506667863000000,5700,3400,0
26,12,14,3292,1320,1972,1560,520,1040,1078848.2,506634342000000,2500,1200,0
86,30,56,11343,5707,5636,6671,4067,2604,1078718.4,506546027000000,8500,5400,0
36,16,20,5461,3105,2356,3483,2215,1268,1078575.5,506500326000000,3500,2100,0
26,12,14,3292,1320,1972,1560,520,1040,1078491,506466839000000,2500,1200,0
22,9,13,2904,1038,1866,1440,436,1004,1078429.4,506442512000000,2000,1000,100
26,12,14,3292,1320,1972,1560,520,1040,1078367.6,506409024000000,2500,1200,0
26,12,14,3292,1320,1972,1560,520,1040,1078296.2,506375537000000,2500,1200,0
85,31,54,11159,5767,5392,6535,4067,2468,1078163.1,506284269000000,8400,5200,0
36,16,20,5461,3105,2356,3483,2215,1268,1078017.2,506238635000000,3500,2200,0
88,34,54,10370,4186,6184,4498,1898,2600,1077861.8,506138274000000,8700,5200,0
101,37,64,12833,6457,6376,7291,4415,2876,1077638.2,506028853000000,10000,6200,0
26,12,14,3292,1320,1972,1560,520,1040,1077486,505995432000000,2500,1200,0
27,12,15,3410,1320,2090,1612,520,1092,1077414.8,505962012000000,2600,1300,0
29,14,15,3476,1442,2034,1560,520,1040,1077354.5,505922653000000,2600,1200,100
85,31,54,11255,5863,5392,6631,4163,2468,1077232.9,505831519000000,8400,5200,0
26,12,14,3012,1204,1808,1560,520,1040,1077100.1,505798132000000,2500,1200,0
26,12,14,3308,1336,1972,1576,536,1040,1077028.9,505764712000000,2500,1200,0
26,12,14,3308,1336,1972,1576,536,1040,1076957.6,505731325000000,2500,1200,0
26,12,14,3292,1320,1972,1560,520,1040,1076886.4,505697939000000,2500,1200,0
12,4,8,974,286,688,128,0,128,1076841.1,505688845000000,900,400,100
24,11,13,4117,2367,1750,2787,1747,1040,1076799.1,505658479000000,2300,1100,0
26,12,14,3292,1320,1972,1560,520,1040,1076731.1,505625126000000,2500,1200,0
38,17,21,5575,3165,2410,3483,2215,1268,1076643.8,505576572000000,3700,2200,0
26,12,14,3292,1320,1972,1560,520,1040,1076556.4,505543219000000,2500,1200,0
24,11,13,4185,2367,1818,2855,1747,1108,1076488.4,505512886000000,2300,1200,0
26,12,14,3292,1320,1972,1560,520,1040,1076420.4,505479533000000,2500,1200,0
26,12,14,3308,1336,1972,1576,536,1040,1076349.2,505446146000000,2500,1200,0
24,11,13,4117,2367,1750,2787,1747,1040,1076281.4,505415847000000,2300,1100,0
49,19,30,7185,3837,3348,4511,2791,1720,1076190.8,505361287000000,4800,3000,100
85,31,54,11159,5767,5392,6535,4067,2468,1076035.8,505270355000000,8400,5200,0
25,12,13,3242,1336,1906,1576,536,1040,1075903.2,505237035000000,2400,1200,0
32,15,17,4088,1722,2366,1960,724,1236,1075823.5,505194622000000,3100,1800,0
34,16,18,5289,2997,2292,3407,2095,1312,1075730.8,505149190000000,3200,1800,200
26,12,14,3012,1204,1808,1560,520,1040,1075646.8,505115870000000,2500,1200,0
85,31,54,11629,5773,5856,6999,4067,2932,1075514.4,505025072000000,8400,5200,0
95,34,61,12670,6092,6578,7482,4218,3264,1075311.1,504925180000000,9400,5900,0
26,12,14,3292,1320,1972,1560,520,1040,1075169.2,504891894000000,2500,1200,0
26,12,14,3292,1320,1972,1560,520,1040,1075098.2,504858642000000,2500,1200,0
23,11,12,3541,1701,1840,2007,967,1040,1075030.4,504828376000000,2200,1000,0
23,11,12,3541,1701,1840,2007,967,1040,1074965.9,504798143000000,2200,1000,0
93,38,55,11771,6313,5458,6667,4199,2468,1074814.4,504686273000000,9200,5400,0
24,11,13,4117,2367,1750,2787,1747,1040,1074662.9,504656040000000,2300,1100,0
6,3,3,420,206,214,0,0,0,1074624.2,504650000000000,500,0,0
85,31,54,11303,5911,5392,6679,4211,2468,1074521.1,504559336000000,8400,5200,0
3,2,1,178,120,58,0,0,0,1074421.2,504556316000000,100,0,100
42,17,25,6371,3497,2874,4075,2559,1516,1074366.5,504507964000000,4100,2500,100
87,33,54,11343,5951,5392,6599,4131,2468,1074211.9,504411328000000,8600,5200,0
33,17,16,4426,2198,2228,2596,1244,1352,1074057.4,504363009000000,3200,2100,0
25,11,14,3550,1190,2360,1884,456,1428,1073973.6,504332844000000,2300,1200,200
20,10,10,2692,1020,1672,1368,364,1004,1073912.4,504305665000000,1700,900,200
24,11,13,4117,2367,1750,2787,1747,1040,1073851.2,504275499000000,2300,1100,0
55,26,29,7483,4257,3226,4443,2791,1652,1073738.6,504200035000000,5400,2900,100
24,11,13,4125,2371,1754,2787,1747,1040,1073626,504169870000000,2300,1100,0
24,11,13,4189,2435,1754,2851,1811,1040,1073561.6,504139704000000,2300,1100,0
26,12,14,3292,1320,1972,1560,520,1040,1073494.1,504106519000000,2500,1200,0
26,12,14,3292,1320,1972,1560,520,1040,1073423.4,504073367000000,2500,1200,0
7,4,3,444,242,202,32,0,32,1073378.2,504064308000000,500,100,100
85,31,54,11223,5831,5392,6599,4131,2468,1073272.2,503973878000000,8400,5200,0
26,12,14,3292,1320,1972,1560,520,1040,1073140.4,503940693000000,2500,1200,0
110,39,71,13959,6913,7046,7895,4763,3132,1072983,503826205000000,10900,6800,0
26,12,14,3292,1320,1972,1560,520,1040,1072825.6,503793054000000,2500,1200,0
27,12,15,3822,1320,2502,2024,520,1504,1072755,503759935000000,2600,1300,0
26,12,14,3292,1320,1972,1560,520,1040,1072684.2,503726817000000,2500,1200,0
27,12,15,3358,1320,2038,1560,520,1040,1072613.6,503693665000000,2600,1200,0
26,12,14,3308,1336,1972,1576,536,1040,1072542.9,503660547000000,2500,1200,0
23,11,12,3541,1701,1840,2007,967,1040,1072475.5,503630449000000,2200,1000,0
106,49,57,12481,6847,5634,6603,4067,2536,1072289.5,503485997000000,10500,5400,0
27,12,15,3386,1336,2050,1576,536,1040,1072100.4,503452912000000,2600,1200,0
85,31,54,11223,5831,5392,6599,4131,2468,1071968.9,503362684000000,8400,5200,0
27,13,14,3358,1386,1972,1560,520,1040,1071834.2,503326613000000,2600,1200,0
4,2,2,236,120,116,0,0,0,1071792.5,503323594000000,200,0,100
18,12,6,1068,720,348,0,0,0,1074963.6,505945436000000,600,0,600
82,28,54,11113,5385,5728,6639,3847,2792,1078050.8,505863865000000,8000,5400,200
85,31,54,11159,5767,5392,6535,4067,2468,1077867.1,505773235000000,8400,5200,0
32,15,17,4088,1722,2366,1960,724,1236,1077726.5,505730956000000,3100,1800,0
24,11,13,4193,2431,1762,2851,1811,1040,1077650.4,505700757000000,2300,1100,0
26,12,14,3292,1320,1972,1560,520,1040,1077582.6,505667572000000,2500,1200,0
23,10,13,3426,1104,2322,1904,436,1468,1077518.2,505640393000000,2100,1100,200
26,12,14,3292,1320,1972,1560,520,1040,1077453.8,505607174000000,2500,1200,0
23,11,12,3541,1701,1840,2007,967,1040,1077386.1,505577009000000,2200,1000,0
26,12,14,3292,1320,1972,1560,520,1040,1077318.5,505543823000000,2500,1200,0
33,13,20,5315,2583,2732,3463,1847,1616,1077244.5,505507618000000,3100,1500,0
24,11,13,4185,2367,1818,2855,1747,1108,1077173.6,505477453000000,2300,1200,0
24,11,13,3044,1178,1866,1440,436,1004,1077109.2,505447287000000,2100,1000,200
24,11,13,3044,1178,1866,1440,436,1004,1077044.9,505417122000000,2100,1000,200
26,12,14,3292,1320,1972,1560,520,1040,1076977.2,505383970000000,2500,1200,0
92,34,58,11827,5947,5880,6807,4067,2740,1076835.8,505284481000000,9100,5700,0
86,32,54,11475,6083,5392,6791,4323,2468,1076630,505191065000000,8500,5300,0
90,33,57,11753,6107,5646,6835,4299,2536,1076427.5,505094664000000,8900,5500,0
24,11,13,4117,2367,1750,2787,1747,1040,1076292.5,505064532000000,2300,1100,0
26,12,14,3292,1320,1972,1560,520,1040,1076225,505031413000000,2500,1200,0
98,37,61,12467,6457,6010,7087,4415,2672,1076074,504923033000000,9700,5800,0
6,4,2,390,242,148,32,0,32,1075948.8,504914007000000,400,100,200
85,31,54,11351,5959,5392,6727,4259,2468,1075842.9,504823712000000,8400,5200,0
88,34,54,11339,5947,5392,6535,4067,2468,1075640.6,504724458000000,8700,5200,0
26,12,14,3308,1336,1972,1576,536,1040,1075499.4,504691373000000,2500,1200,0
26,12,14,3292,1320,1972,1560,520,1040,1075428.8,504658322000000,2500,1200,0
48,22,26,8234,4734,3500,5574,3494,2080,1075329.9,504595172000000,4600,2200,0
26,12,14,3292,1320,1972,1560,520,1040,1075231,504562121000000,2500,1200,0
26,12,14,3292,1320,1972,1560,520,1040,1075160.5,504529037000000,2500,1200,0
85,31,54,11159,5767,5392,6535,4067,2468,1075029,504438909000000,8400,5200,0
87,33,54,11295,5903,5392,6551,4083,2468,1074830.2,504342809000000,8600,5300,0
26,12,14,3292,1320,1972,1560,520,1040,1074692.5,504309758000000,2500,1200,0
26,12,14,3292,1320,1972,1560,520,1040,1074622,504276741000000,2500,1200,0
24,11,13,4133,2383,1750,2803,1763,1040,1074554.6,504246710000000,2300,1100,0
26,12,14,3308,1336,1972,1576,536,1040,1074487.4,504213692000000,2500,1200,0
85,31,54,11159,5767,5392,6535,4067,2468,1074356,504123665000000,8400,5300,0
52,24,28,6584,2640,3944,3120,1040,2080,1074187,504054678000000,5000,2400,0
85,31,54,11159,5767,5392,6535,4067,2468,1074018,503964718000000,8400,5200,0
91,36,55,12711,7241,5470,7715,5247,2468,1073810.1,503859793000000,9000,5300,0
29,13,16,4257,2017,2240,2327,1151,1176,1073659.9,503823823000000,2800,1400,0
85,31,54,11159,5767,5392,6535,4067,2468,1073525.5,503733931000000,8400,5200,0
49,21,28,6745,3737,3008,4035,2563,1472,1073365.8,503674036000000,4700,2700,0
55,25,30,7254,2742,4512,3580,1076,2504,1073228.6,503602162000000,5300,2600,0
87,33,54,11343,5951,5392,6599,4131,2468,1073053.4,503506365000000,8600,5200,0
26,12,14,3292,1320,1972,1560,520,1040,1072916,503473448000000,2500,1200,0
85,31,54,11159,5767,5392,6535,4067,2468,1072785.1,503383690000000,8400,5200,0
95,41,54,11823,6431,5392,6599,4131,2468,1072561.8,503264034000000,9400,5200,0
92,33,59,12295,5957,6338,7267,4131,3136,1072332.1,503168371000000,9100,5500,0
23,11,12,3541,1701,1840,2007,967,1040,1072198.2,503138507000000,2200,1000,0
26,12,14,3308,1336,1972,1576,536,1040,1072131.2,503105624000000,2500,1200,0
21,9,12,2868,980,1888,1472,384,1088,1072070.6,503081733000000,1900,1000,100
48,22,26,8234,4734,3500,5574,3494,2080,1071980.1,503018986000000,4600,2200,0
32,18,14,3766,1906,1860,1968,872,1096,1071861.9,502968185000000,3100,1500,0
24,11,13,4125,2371,1754,2787,1747,1040,1071776.8,502938322000000,2300,1100,0
26,12,14,3292,1320,1972,1560,520,1040,1071709.8,502905472000000,2500,1200,0
42,17,25,6229,3387,2842,3927,2443,1484,1071623.8,502857724000000,4100,2400,0
26,12,14,3292,1320,1972,1560,520,1040,1071537.6,502824874000000,2500,1200,0
24,11,13,4117,2367,1750,2787,1747,1040,1071470.8,502795044000000,2300,1100,0
85,31,54,11159,5767,5392,6535,4067,2468,1071343.4,502705521000000,8400,5200,0
26,12,14,3292,1320,1972,1560,520,1040,1071212.9,502672705000000,2500,1200,0
86,32,54,11347,5955,5392,6663,4195,2468,1071079.1,502580229000000,8500,5200,0
26,12,14,3308,1336,1972,1576,536,1040,1070945.5,502547446000000,2500,1200,0
38,13,25,6783,3625,3158,4691,2903,1788,1070873.1,502511677000000,3700,2500,100
26,12,14,3292,1320,1972,1560,520,1040,1070800.6,502478861000000,2500,1200,0
23,10,13,3386,1104,2282,1864,436,1428,1070737,502452051000000,2100,1100,200
97,40,57,12131,6441,5690,6799,4195,2604,1070584.5,502335852000000,9600,5400,0
50,19,31,7265,3727,3538,4531,2675,1856,1070403.4,502282232000000,4800,3100,200
26,12,14,3292,1320,1972,1560,520,1040,1070311.1,502249449000000,2500,1200,0
29,14,15,4767,2773,1994,3155,1979,1176,1070234.9,502210761000000,2700,1500,200
24,11,13,4125,2371,1754,2787,1747,1040,1070161.8,502180964000000,2300,1100,0
23,10,13,3426,1104,2322,1904,436,1468,1070101.4,502154188000000,2100,1100,200
23,12,11,3288,1554,1734,2004,876,1128,1070037.9,502121439000000,2200,1400,0
44,18,26,7372,4080,3292,4926,3082,1844,1069949,502070839000000,4300,2800,0
36,16,20,6437,3117,3320,4447,2215,2232,1069847.4,502026211000000,3500,2200,0
22,10,12,2896,1104,1792,1440,436,1004,1069771.1,501999435000000,2000,1000,200
24,11,13,4181,2431,1750,2851,1811,1040,1069710.9,501969672000000,2300,1100,0
24,11,13,4189,2435,1754,2851,1811,1040,1069647.2,501939943000000,2300,1100,0
26,12,14,3292,1320,1972,1560,520,1040,1069580.6,501907227000000,2500,1200,0
26,12,14,3308,1336,1972,1576,536,1040,1069510.8,501874512000000,2500,1200,0
22,10,12,2896,1104,1792,1440,436,1004,1069447.2,501847735000000,2000,1000,200
26,12,14,3292,1320,1972,1560,520,1040,1069383.8,501815053000000,2500,1200,0
25,12,13,4355,2537,1818,2971,1863,1108,1069314,501782338000000,2300,1300,200
26,12,14,3292,1320,1972,1560,520,1040,1069244.1,501749656000000,2500,1200,0
36,16,20,5461,3105,2356,3483,2215,1268,1069161.8,501705062000000,3500,2200,0
86,31,55,11473,5959,5514,6795,4259,2536,1069019,501615941000000,8500,5300,0
93,33,60,12827,6807,6020,7731,4991,2740,1068822.6,501520882000000,9100,5700,0
26,12,14,3292,1320,1972,1560,520,1040,1068686.4,501488233000000,2500,1200,0
30,13,17,4040,1402,2638,2032,536,1496,1068613.5,501452598000000,2900,1500,0
90,35,55,11453,6007,5446,6535,4067,2468,1068468.1,501351700000000,8900,5300,0
89,34,55,11393,5947,5446,6535,4067,2468,1068256.2,501253788000000,8800,5300,0
26,12,14,3292,1320,1972,1560,520,1040,1068117,501221173000000,2500,1200,0
85,31,54,11159,5767,5392,6535,4067,2468,1067987.2,501132221000000,8400,5200,0
26,12,14,3292,1320,1972,1560,520,1040,1067857.5,501099606000000,2500,1200,0
97,42,55,12539,6561,5978,7195,4195,3000,1067693.1,500978072000000,9600,5300,0
87,32,55,11533,6019,5514,6795,4259,2536,1067465.5,500886233000000,8600,5300,0
26,12,14,3292,1320,1972,1560,520,1040,1067332.8,500853652000000,2500,1200,0
26,12,14,3292,1320,1972,1560,520,1040,1067263.2,500821104000000,2500,1200,0
85,31,54,11175,5783,5392,6551,4083,2468,1067133.6,500732285000000,8400,5200,0
28,12,16,4272,1320,2952,2408,520,1888,1067004.1,500699704000000,2700,1400,0
23,11,12,3541,1701,1840,2007,967,1040,1066937.8,500670109000000,2200,1000,0
23,10,13,3386,1104,2282,1864,436,1428,1066877.8,500643500000000,2100,1100,200
10,6,4,1173,445,728,497,41,456,1066833.5,500628703000000,900,200,0
22,10,12,3475,1635,1840,2007,967,1040,1066789.4,500602061000000,2100,1000,0
56,22,34,7937,4237,3700,4879,3023,1856,1066694.6,500539951000000,5400,3400,200
28,13,15,4701,2707,1994,3155,1979,1176,1066590.5,500504451000000,2600,1500,200
56,21,35,7924,3814,4110,4842,2654,2188,1066489.5,500445328000000,5500,3500,0
26,12,14,3292,1320,1972,1560,520,1040,1066391.8,500412780000000,2500,1200,0
26,12,14,3292,1320,1972,1560,520,1040,1066322.4,500380266000000,2500,1200,0
97,37,60,12015,6131,5884,6671,4067,2604,1066174.1,500273898000000,9400,5400,0
28,13,15,3484,1414,2070,1608,536,1072,1066022.9,500238431000000,2700,1300,0
47,19,28,6975,3475,3500,4363,2415,1948,1065928.4,500185248000000,4500,2800,0
27,13,14,3358,1386,1972,1560,520,1040,1065833.9,500149814000000,2600,1200,0
51,19,32,7379,3731,3648,4583,2675,1908,1065739.4,500096664000000,5000,3300,100
57,22,35,8165,4411,3754,5059,3203,1856,1065616.5,500034655000000,5600,3500,100
122,50,72,15481,8233,7248,8675,5407,3268,1065396.2,499890069000000,11900,6700,0
39,18,21,5687,3225,2462,3535,2215,1320,1065188.8,499839939000000,3800,2200,0
26,12,14,3292,1320,1972,1560,520,1040,1065100.6,499807492000000,2500,1200,0
92,38,54,11707,6315,5392,6663,4195,2468,1064949.6,499698373000000,9100,5200,0
26,12,14,3292,1320,1972,1560,520,1040,1064798.6,499665959000000,2500,1200,0
85,31,54,11351,5959,5392,6727,4259,2468,1064669.6,499577543000000,8400,5200,0
28,13,15,3468,1398,2070,1592,520,1072,1064537.6,499542210000000,2700,1300,0
23,11,12,2956,1164,1792,1440,436,1004,1064468.4,499512750000000,2000,1000,300
26,12,14,3012,1204,1808,1560,520,1040,1064402.4,499480336000000,2500,1200,0
112,51,61,13933,7355,6578,7719,4455,3264,1064210.8,499333133000000,11100,5900,0
26,13,13,3456,1614,1842,2004,876,1128,1064016,499297800000000,2500,1500,0
24,11,13,4117,2367,1750,2787,1747,1040,1063946.9,499268373000000,2300,1100,0
26,12,14,3292,1320,1972,1560,520,1040,1063880.9,499235993000000,2500,1200,0
59,27,32,7867,4207,3660,4599,2675,1924,1063765,499159522000000,5700,3200,100
85,31,54,11223,5831,5392,6599,4131,2468,1063589.5,499071274000000,8400,5200,0
9,6,3,552,366,186,0,0,0,1064672.4,499975734000000,300,0,300
23,11,12,3557,1717,1840,2023,983,1040,1065817.9,499946306000000,2200,1000,0
3,2,1,184,122,62,0,0,0,1065783.2,499943354000000,100,0,100
36,16,20,5461,3105,2356,3483,2215,1268,1065733,499899162000000,3500,2100,0
39,16,23,6025,3327,2698,3891,2443,1448,1065638.6,499855005000000,3800,2300,100
103,40,63,12120,4958,7162,5246,2250,2996,1065469,499740215000000,10200,6100,0
88,33,55,11529,6015,5514,6731,4195,2536,1065246,499646061000000,8700,5400,0
24,11,13,4125,2371,1754,2787,1747,1040,1065114.1,499616634000000,2300,1100,0
27,12,15,3358,1320,2038,1560,520,1040,1065048.2,499584288000000,2600,1200,0
24,11,13,4117,2367,1750,2787,1747,1040,1064982.2,499554860000000,2300,1100,0
26,12,14,3308,1336,1972,1576,536,1040,1064916.2,499522514000000,2500,1200,0
24,11,13,4125,2371,1754,2787,1747,1040,1064850.4,499493120000000,2300,1100,0
85,31,54,11159,5767,5392,6535,4067,2468,1064724.9,499404939000000,8400,5200,0
26,12,14,3012,1204,1808,1560,520,1040,1064596.2,499372593000000,2500,1200,0
26,12,14,3292,1320,1972,1560,520,1040,1064527.1,499340280000000,2500,1200,0
87,33,54,11407,6015,5392,6663,4195,2468,1064392.4,499246294000000,8600,5200,0
27,12,15,3394,1348,2046,1576,536,1040,1064257.5,499213981000000,2600,1200,0
26,12,14,3292,1320,1972,1560,520,1040,1064188.5,499181668000000,2500,1200,0
26,12,14,3012,1204,1808,1560,520,1040,1064119.5,499149389000000,2500,1200,0
24,11,13,4125,2371,1754,2787,1747,1040,1064053.8,499120029000000,2300,1200,0
26,12,14,3292,1320,1972,1560,520,1040,1063987.9,499087716000000,2500,1200,0
86,31,55,11281,5767,5514,6603,4067,2536,1063859.5,498999669000000,8500,5300,0
31,13,18,3702,1386,2316,1628,520,1108,1063727.9,498964470000000,3000,1300,0
26,12,14,3292,1320,1972,1560,520,1040,1063655.9,498932224000000,2500,1200,0
27,11,16,6719,3451,3268,5173,2837,2336,1063590.4,498902864000000,2600,1600,100
26,12,14,3012,1204,1808,1560,520,1040,1063524.9,498870618000000,2500,1200,0
26,12,14,3308,1336,1972,1576,536,1040,1063456,498838339000000,2500,1200,0
26,12,14,3308,1336,1972,1576,536,1040,1063387.1,498806093000000,2500,1200,0
26,12,14,3292,1320,1972,1560,520,1040,1063318.2,498773847000000,2500,1200,0
85,31,54,11159,5767,5392,6535,4067,2468,1063189.9,498685935000000,8400,5200,0
24,11,13,4125,2371,1754,2787,1747,1040,1063064.8,498656608000000,2300,1100,0
24,11,13,4125,2371,1754,2787,1747,1040,1063002.2,498627315000000,2300,1100,0
85,31,54,11159,5767,5392,6535,4067,2468,1062877.1,498539436000000,8400,5200,0
26,12,14,3292,1320,1972,1560,520,1040,1062749,498507224000000,2500,1200,0
26,12,14,3292,1320,1972,1560,520,1040,1062680.1,498475012000000,2500,1200,0
28,13,15,3468,1398,2070,1592,520,1072,1062608.2,498439880000000,2700,1300,0
26,12,14,3292,1320,1972,1560,520,1040,1062536.4,498407668000000,2500,1200,0
26,12,14,3308,1336,1972,1576,536,1040,1062467.5,498375489000000,2500,1200,0
22,10,12,2896,1104,1792,1440,436,1004,1062405,498349149000000,2000,1000,200
119,49,70,15901,7629,8272,9303,4867,4436,1062227.4,498208690000000,11700,6800,100
89,35,54,11655,6263,5392,6791,4323,2468,1061971.8,498109268000000,8800,5200,0
26,12,14,3292,1320,1972,1560,520,1040,1061831.2,498077123000000,2500,1200,0
23,11,12,3557,1717,1840,2023,983,1040,1061765.6,498047897000000,2200,1000,0
110,54,56,12769,7257,5512,6651,4183,2468,1061569.1,497893010000000,10900,5400,0
6,4,2,356,240,116,0,0,0,1062301.1,498439511000000,200,0,200
33,14,19,5333,2987,2346,3523,2211,1312,1063157.8,498401494000000,3200,1900,100
29,13,16,3738,1554,2184,1796,688,1108,1063079.6,498366396000000,2800,1400,0
65,25,40,9051,4811,4240,5495,3435,2060,1062967.2,498296234000000,6400,4000,100
23,11,12,3541,1701,1840,2007,967,1040,1062861.1,498267008000000,2200,1000,0
89,32,57,11527,5829,5698,6671,4067,2604,1062733.1,498176444000000,8700,5400,0
26,12,14,3292,1320,1972,1560,520,1040,1062602.1,498144299000000,2500,1200,0
26,12,14,3308,1336,1972,1576,536,1040,1062533.5,498112188000000,2500,1200,0
26,12,14,3308,1336,1972,1576,536,1040,1062464.8,498080076000000,2500,1200,0
22,10,12,2896,1104,1792,1440,436,1004,1062402.4,498053769000000,2000,1000,200
26,12,14,3012,1204,1808,1560,520,1040,1062340,498021658000000,2500,1200,0
26,12,14,3292,1320,1972,1560,520,1040,1062271.4,497989546000000,2500,1200,0
26,12,14,3308,1336,1972,1576,536,1040,1062202.8,497957435000000,2500,1200,0
23,11,12,2956,1164,1792,1440,436,1004,1062137.2,497928276000000,2000,1000,300
90,33,57,11645,5887,5758,6739,4067,2672,1062006.4,497834894000000,8900,5500,0
91,35,56,11825,6245,5580,6847,4311,2536,1061800.8,497735740000000,9000,5400,0
23,11,12,3541,1701,1840,2007,967,1040,1061663.8,497706582000000,2200,1000,0
26,12,14,3292,1320,1972,1560,520,1040,1061598.2,497674504000000,2500,1200,0
85,31,54,11159,5767,5392,6535,4067,2468,1061470.6,497587061000000,8400,5200,0
24,11,13,4181,2431,1750,2851,1811,1040,1061346.1,497557902000000,2300,1100,0
59,23,36,8347,4471,3876,5127,3203,1924,1061246.5,497493813000000,5700,3600,200
37,14,23,5657,2879,2778,3595,2095,1500,1061137.8,497455930000000,3500,2100,100
24,11,13,5201,3359,1842,3847,2739,1108,1061066.2,497426805000000,2300,1200,0
26,12,14,3012,1204,1808,1560,520,1040,1061000.9,497394760000000,2500,1200,0
101,46,55,12181,6667,5514,6603,4067,2536,1060826.8,497263764000000,10000,5300,0
24,11,13,4117,2367,1750,2787,1747,1040,1060655.8,497234672000000,2300,1100,0
24,11,13,4125,2371,1754,2787,1747,1040,1060593.5,497205547000000,2300,1100,0
80,36,44,10271,5691,4580,5863,3667,2196,1060453.6,497103743000000,7800,4400,200
39,17,22,5807,3275,2532,3667,2331,1336,1060295.2,497057203000000,3800,2300,0
23,11,12,3541,1701,1840,2007,967,1040,1060214.4,497028111000000,2200,1000,0
26,12,14,4239,2431,1808,2787,1747,1040,1060149.1,496996134000000,2400,1100,100
24,11,13,4125,2371,1754,2787,1747,1040,1060083.9,496967075000000,2300,1100,0
25,11,14,4247,2431,1816,2851,1811,1040,1060021.8,496937984000000,2400,1100,0
89,33,56,11523,5887,5636,6671,4067,2604,1059891.4,496845004000000,8800,5500,0
23,11,12,3541,1701,1840,2007,967,1040,1059761.1,496815946000000,2200,1000,0
26,12,14,3292,1320,1972,1560,520,1040,1059695.9,496784003000000,2500,1200,0
48,22,26,8298,4798,3500,5638,3558,2080,1059599.6,496723001000000,4600,2200,0
26,12,14,3292,1320,1972,1560,520,1040,1059503.2,496691057000000,2500,1200,0
2,1,1,118,60,58,0,0,0,1059469.1,496691057000000,100,0,0
23,11,12,3541,1701,1840,2007,967,1040,1059438.1,496661999000000,2200,1000,0
26,12,14,3292,1320,1972,1560,520,1040,1059373,496630055000000,2500,1200,0
26,12,14,3292,1320,1972,1560,520,1040,1059304.8,496598145000000,2500,1200,0
24,11,13,4117,2367,1750,2787,1747,1040,1059239.6,496569120000000,2300,1100,0
26,12,14,3292,1320,1972,1560,520,1040,1059174.5,496537176000000,2500,1200,0
26,12,14,3012,1204,1808,1560,520,1040,1059106.2,496505266000000,2500,1200,0
26,12,14,3308,1336,1972,1576,536,1040,1059038,496473356000000,2500,1200,0
26,12,14,3292,1320,1972,1560,520,1040,1058969.8,496441445000000,2500,1200,0
26,12,14,3308,1336,1972,1576,536,1040,1058901.6,496409535000000,2500,1200,0
95,34,61,12355,6277,6078,7155,4415,2740,1058765.2,496313838000000,9400,5900,0
13,7,6,2871,1619,1252,2135,1215,920,1058644.8,496296423000000,1200,500,100
26,12,14,3292,1320,1972,1560,520,1040,1058592.2,496264546000000,2500,1200,0
13,8,5,770,480,290,0,0,0,1063811.4,503811173000000,500,0,400
84,30,54,11099,5707,5392,6535,4067,2468,1068973.8,503725844000000,8300,5200,0
74,30,44,9733,5265,4468,5691,3607,2084,1068792.5,503640549000000,7300,4600,0
22,10,12,2896,1104,1792,1440,436,1004,1068673.8,503614108000000,2000,1000,200
26,12,14,3292,1320,1972,1560,520,1040,1068611.1,503581761000000,2500,1200,0
26,12,14,3292,1320,1972,1560,520,1040,1068542.4,503549415000000,2500,1200,0
26,12,14,3891,1851,2040,2159,1051,1108,1068473.6,503517068000000,2500,1200,0
26,12,14,3292,1320,1972,1560,520,1040,1068404.9,503484755000000,2500,1200,0
26,12,14,3324,1352,1972,1592,552,1040,1068336.1,503452409000000,2500,1200,0
26,12,14,3012,1204,1808,1560,520,1040,1068267.5,503420096000000,2500,1200,0
26,12,14,3292,1320,1972,1560,520,1040,1068198.8,503387783000000,2500,1200,0
27,12,15,3358,1320,2038,1560,520,1040,1068130,503355470000000,2600,1200,0
26,12,14,3292,1320,1972,1560,520,1040,1068061.4,503323157000000,2500,1200,0
26,12,14,3292,1320,1972,1560,520,1040,1067992.6,503290844000000,2500,1200,0
26,12,14,3292,1320,1972,1560,520,1040,1067924,503258531000000,2500,1200,0
86,31,55,11245,5799,5446,6567,4099,2468,1067796,503170485000000,8500,5200,0
99,36,63,12729,6351,6378,7307,4363,2944,1067593.4,503067741000000,9800,6100,0
26,12,14,3308,1336,1972,1576,536,1040,1067450.1,503035495000000,2500,1200,0
25,11,14,3636,1264,2372,1964,536,1428,1067384.6,503006135000000,2300,1200,100
26,12,14,3292,1320,1972,1560,520,1040,1067319.1,502973889000000,2500,1200,0
26,12,14,3292,1320,1972,1560,520,1040,1067250.5,502941610000000,2500,1200,0
77,29,48,10487,5555,4932,6295,3963,2332,1067129,502859502000000,7600,4800,100
52,24,28,6600,2656,3944,3136,1056,2080,1066970.8,502792091000000,5000,2400,0
24,11,13,4185,2367,1818,2855,1747,1108,1066868.6,502762798000000,2300,1200,0
26,12,14,3292,1320,1972,1560,520,1040,1066803.2,502730553000000,2500,1200,0
90,34,56,11589,5953,5636,6671,4067,2604,1066666.2,502633882000000,8900,5500,0
22,10,12,2896,1104,1792,1440,436,1004,1066535.5,502607508000000,2000,1000,200
6,1,5,372,62,310,0,0,0,1066507.5,502607508000000,500,0,0
24,11,13,4125,2371,1754,2787,1747,1040,1066476.4,502578215000000,2300,1100,0
26,12,14,3292,1320,1972,1560,520,1040,1066411,502546003000000,2500,1200,0
95,35,60,12171,6227,5944,6971,4299,2672,1066271,502446481000000,9400,5700,0
23,10,13,2994,1104,1890,1472,436,1036,1066137.4,502420140000000,2100,1100,200
94,39,55,11825,6311,5514,6667,4131,2536,1065991.4,502308941000000,9300,5300,0
23,11,12,3557,1717,1840,2023,983,1040,1065842.2,502279715000000,2200,1000,0
88,33,55,11653,6207,5446,6855,4387,2468,1065711.8,502186132000000,8700,5300,0
26,12,14,3292,1320,1972,1560,520,1040,1065578.1,502153953000000,2500,1200,0
39,17,22,5641,3165,2476,3483,2215,1268,1065494.2,502107178000000,3800,2100,0
26,12,14,3308,1336,1972,1576,536,1040,1065410.4,502075033000000,2500,1200,0
26,12,14,3308,1336,1972,1576,536,1040,1065342,502042888000000,2500,1200,0
26,12,14,3308,1336,1972,1576,536,1040,1065273.6,502010743000000,2500,1200,0
24,11,13,4125,2371,1754,2787,1747,1040,1065208.4,501981550000000,2300,1100,0
29,14,15,3942,1480,2462,2000,536,1464,1065137,501943567000000,2800,1300,0
96,41,55,11813,6367,5446,6535,4067,2468,1064973,501826730000000,9500,5300,0
85,31,54,11159,5767,5392,6535,4067,2468,1064756.2,501739187000000,8400,5300,0
24,11,13,4117,2367,1750,2787,1747,1040,1064632.2,501709994000000,2300,1100,0
56,20,36,8307,4319,3988,5243,3219,2024,1064542.4,501654529000000,5500,3700,100
24,11,13,4125,2371,1754,2787,1747,1040,1064452.5,501625370000000,2300,1100,0
23,11,12,3541,1701,1840,2007,967,1040,1064390.5,501596211000000,2200,1000,0
32,14,18,3740,1404,2336,1556,436,1120,1064319.2,501558295000000,2700,1200,200
25,12,13,4185,2431,1754,2787,1747,1040,1064244.9,501526183000000,2200,1200,300
24,11,13,4117,2367,1750,2787,1747,1040,1064179.9,501497024000000,2300,1100,0
36,16,20,5461,3105,2356,3483,2215,1268,1064102.4,501453303000000,3500,2100,0
6,1,5,372,62,310,0,0,0,1064055.9,501453303000000,500,0,0
26,12,14,3292,1320,1972,1560,520,1040,1064021.8,501421225000000,2500,1200,0
24,11,13,3607,1701,1906,2007,967,1040,1063956.8,501392100000000,2300,1000,0
36,16,20,5461,3105,2356,3483,2215,1268,1063879.2,501348378000000,3500,2100,0
72,33,39,12415,7165,5250,8425,5305,3120,1063737,501255131000000,6900,3300,0
26,12,14,3292,1320,1972,1560,520,1040,1063607.1,501223086000000,2500,1200,0
85,31,54,11175,5783,5392,6551,4083,2468,1063480.2,501135744000000,8400,5300,0
24,11,13,4133,2383,1750,2803,1763,1040,1063356.5,501106619000000,2300,1100,0
90,36,54,11459,6067,5392,6535,4067,2468,1063217.4,501004747000000,8900,5200,0
24,11,13,4117,2367,1750,2787,1747,1040,1063078.2,500975656000000,2300,1100,0
22,10,12,2896,1104,1792,1440,436,1004,1063019.5,500949450000000,2000,1000,200
26,12,14,3292,1320,1972,1560,520,1040,1062957.6,500917439000000,2500,1200,0
85,31,54,11159,5767,5392,6535,4067,2468,1062830.9,500830197000000,8400,5200,0
3,2,1,184,122,62,0,0,0,1062735.1,500827278000000,100,0,100
27,12,15,3358,1320,2038,1560,520,1040,1062698,500795301000000,2600,1200,0
37,21,16,2188,1260,928,0,0,0,1067781.6,503250411000000,1600,0,1000
90,36,54,11587,6195,5392,6663,4195,2468,1072789.6,503148171000000,8900,5300,0
28,13,15,5163,2713,2450,3611,1979,1632,1072643,503113140000000,2600,1500,200
23,11,12,3541,1701,1840,2007,967,1040,1072574.5,503083948000000,2200,1000,0
86,31,55,11281,5767,5514,6603,4067,2536,1072449.8,502996371000000,8500,5400,0
24,11,13,4133,2383,1750,2803,1763,1040,1072325.1,502967178000000,2300,1100,0
41,18,23,6353,3655,2698,4099,2651,1448,1072241,502917585000000,3900,2300,200
103,46,57,12373,6683,5690,6687,4083,2604,1072048,502786320000000,10200,5500,0
28,14,14,3424,1452,1972,1560,520,1040,1071867.5,502748403000000,2700,1200,0
26,12,14,3292,1320,1972,1560,520,1040,1071792.8,502716325000000,2500,1200,0
23,11,12,3557,1717,1840,2023,983,1040,1071727.4,502687200000000,2200,1000,0
101,35,66,12721,6261,6460,7175,4331,2844,1071590.5,502588114000000,9900,6100,0
93,44,49,11551,6565,4986,6411,4079,2332,1071351.1,502462822000000,9200,4900,100
23,11,12,3541,1701,1840,2007,967,1040,1071186.2,502433730000000,2200,1000,0
26,12,14,3292,1320,1972,1560,520,1040,1071121,502401686000000,2500,1200,0
26,12,14,3292,1320,1972,1560,520,1040,1071052.5,502369675000000,2500,1200,0
3,2,1,184,122,62,0,0,0,1071015.2,502366755000000,100,0,100
26,12,14,3292,1320,1972,1560,520,1040,1070977.9,502334711000000,2500,1200,0
26,12,14,3292,1320,1972,1560,520,1040,1070909.5,502302700000000,2500,1200,0
26,12,14,3012,1204,1808,1560,520,1040,1070841.1,502270689000000,2500,1200,0
38,18,20,5581,3225,2356,3483,2215,1268,1070754.1,502221230000000,3700,2200,0
22,10,12,2896,1104,1792,1440,436,1004,1070673.4,502195057000000,2000,1000,200
24,11,13,4117,2367,1750,2787,1747,1040,1070614.4,502165966000000,2300,1100,0
26,12,14,3292,1320,1972,1560,520,1040,1070549.1,502133955000000,2500,1200,0
90,36,54,11667,6275,5392,6743,4275,2468,1070406.2,502032184000000,8900,5300,0
21,9,12,2822,986,1836,1420,384,1036,1070272.8,502008931000000,2000,1000,100
26,12,14,3308,1336,1972,1576,536,1040,1070213.9,501976954000000,2500,1200,0
64,23,41,10155,5325,4830,6647,4063,2584,1070111.5,501912999000000,6300,4100,100
85,31,54,11159,5767,5392,6535,4067,2468,1069950.2,501825824000000,8400,5200,0
41,19,22,6041,3397,2644,3775,2327,1448,1069801.4,501773547000000,4000,2200,100
105,49,56,12959,6859,6100,7135,4067,3068,1069597,501634195000000,10400,5400,0
84,30,54,11099,5707,5392,6535,4067,2468,1069358.6,501550007000000,8300,5200,0
24,11,13,4125,2371,1754,2787,1747,1040,1069237.8,501520982000000,2300,1100,0
26,12,14,3292,1320,1972,1560,520,1040,1069172.8,501489072000000,2500,1200,0
97,35,62,12415,6227,6188,7107,4299,2808,1069033.4,501390456000000,9600,6000,0
26,12,14,3340,1368,1972,1608,568,1040,1068894.1,501358579000000,2500,1200,0
26,12,14,3292,1320,1972,1560,520,1040,1068826,501326669000000,2500,1200,0
26,12,14,3292,1320,1972,1560,520,1040,1068757.9,501294792000000,2500,1200,0
27,12,15,3378,1332,2046,1560,520,1040,1068689.8,501262915000000,2600,1200,0
89,34,55,11477,5963,5514,6619,4083,2536,1068553.6,501167285000000,8800,5300,0
26,12,14,3292,1320,1972,1560,520,1040,1068417.5,501135408000000,2500,1200,0
86,31,55,11281,5767,5514,6603,4067,2536,1068290.8,501048502000000,8500,5300,0
26,12,14,3292,1320,1972,1560,520,1040,1068164,501016659000000,2500,1200,0
26,12,14,3292,1320,1972,1560,520,1040,1068096,500984816000000,2500,1200,0
26,12,14,3292,1320,1972,1560,520,1040,1068027.9,500952973000000,2500,1200,0
24,11,13,4189,2435,1754,2851,1811,1040,1067963,500924015000000,2300,1100,0
92,36,56,11567,6067,5500,6535,4067,2468,1067824,500822715000000,9100,5300,0
24,11,13,4117,2367,1750,2787,1747,1040,1067685,500793791000000,2300,1100,0
26,12,14,3292,1320,1972,1560,520,1040,1067620.1,500761981000000,2500,1200,0
22,10,12,2896,1104,1792,1440,436,1004,1067558.2,500735943000000,2000,1000,200
24,11,13,4117,2367,1750,2787,1747,1040,1067499.6,500707019000000,2300,1100,0
89,34,55,11409,5963,5446,6551,4083,2468,1067366.9,500611590000000,8800,5300,0
23,11,12,3541,1701,1840,2007,967,1040,1067234.1,500582700000000,2200,1000,0
27,13,14,3358,1386,1972,1560,520,1040,1067166.2,500548004000000,2600,1200,0
29,13,16,3638,1470,2168,1696,604,1092,1067092.1,500513309000000,2800,1400,0
26,12,14,3891,1851,2040,2159,1051,1108,1067021.1,500481533000000,2500,1200,0
26,12,14,3214,1246,1968,1488,452,1036,1066953.2,500449757000000,2300,1200,300
62,24,38,8651,4531,4120,5263,3203,2060,1066848.5,500383319000000,6100,3800,100
6,4,2,366,246,120,0,0,0,1066768.4,500374662000000,500,0,0
88,34,54,11467,6075,5392,6663,4195,2468,1066657.5,500279368000000,8700,5200,0
23,11,12,3541,1701,1840,2007,967,1040,1066524.9,500250477000000,2200,1000,0
95,40,55,11068,4882,6186,4770,2234,2536,1066373.9,500137936000000,9400,5400,0
26,12,14,3292,1320,1972,1560,520,1040,1066219.9,500106193000000,2500,1200,0
23,11,12,3541,1701,1840,2007,967,1040,1066155.1,500077336000000,2200,1000,0
32,15,17,4088,1722,2366,1960,724,1236,1066081.4,500036970000000,3100,1800,0
26,12,14,3292,1320,1972,1560,520,1040,1066004.6,500005228000000,2500,1200,0
90,31,59,12585,6655,5930,7679,4955,2724,1065878.4,499918725000000,8900,5600,0
24,11,13,4117,2367,1750,2787,1747,1040,1065755.4,499889901000000,2300,1100,0
26,12,14,3292,1320,1972,1560,520,1040,1065690.8,499858192000000,2500,1200,0
87,33,54,11535,6143,5392,6791,4323,2468,1065558.4,499765985000000,8600,5200,0
87,32,55,11395,5937,5458,6651,4183,2468,1065364.8,499676663000000,8600,5300,0
23,11,12,3541,1701,1840,2007,967,1040,1065238.6,499647873000000,2200,1000,0
79,30,49,10591,5585,5006,6263,3931,2332,1065118.8,499564390000000,7700,4800,100
24,11,13,4117,2367,1750,2787,1747,1040,1064998.9,499535600000000,2300,1100,0
24,11,13,4117,2367,1750,2787,1747,1040,1064937.5,499506810000000,2300,1100,0
85,31,54,11159,5767,5392,6535,4067,2468,1064814.6,499420475000000,8400,5200,0
95,38,57,11945,6187,5758,6739,4067,2672,1064608.9,499314040000000,9400,5500,0
24,11,13,4181,2431,1750,2851,1811,1040,1064464.5,499285284000000,2300,1100,0
88,33,55,11863,5893,5970,7059,4067,2992,1064335.6,499193278000000,8700,5300,0
26,12,14,3292,1320,1972,1560,520,1040,1064203.8,499161670000000,2500,1200,0
89,33,56,11651,6015,5636,6799,4195,2604,1064071.8,499069697000000,8800,5400,0
38,16,22,5861,3217,2644,3775,2327,1448,1063927.6,499026613000000,3600,2200,200
26,12,14,3308,1336,1972,1576,536,1040,1063847.9,498995005000000,2500,1200,0
13,8,5,770,480,290,0,0,0,1065955.6,501410890000000,500,0,400
27,13,14,3358,1386,1972,1560,520,1040,1068060.1,501376262000000,2600,1200,0
23,11,12,2940,1164,1776,1424,436,988,1067992.4,501347405000000,2000,1000,300
96,32,64,12493,5937,6556,7263,4183,3080,1067866.2,501257983000000,9500,6300,0
26,12,14,3292,1320,1972,1560,520,1040,1067737,501226240000000,2500,1200,0
26,12,14,3292,1320,1972,1560,520,1040,1067669.2,501194531000000,2500,1200,0
23,11,12,3541,1701,1840,2007,967,1040,1067604.6,501165708000000,2200,1000,0
37,17,20,5521,3165,2356,3483,2215,1268,1067524.8,501119571000000,3600,2100,0
26,12,14,3292,1320,1972,1560,520,1040,1067441.6,501087862000000,2500,1200,0
95,41,54,11759,6367,5392,6535,4067,2468,1067285.1,500972602000000,9400,5200,0
87,33,54,11279,5887,5392,6535,4067,2468,1067064.2,500880428000000,8600,5200,0
26,12,14,3308,1336,1972,1576,536,1040,1066932.1,500848719000000,2500,1200,0
94,35,59,12171,6337,5834,7019,4415,2604,1066793.9,500750841000000,9300,5700,0
26,12,14,3292,1320,1972,1560,520,1040,1066655.8,500719199000000,2500,1200,0
57,21,36,6936,2700,4236,3114,1294,1820,1066560.8,500661620000000,5600,3300,0
26,12,14,3292,1320,1972,1560,520,1040,1066465.9,500629978000000,2500,1200,0
85,31,54,11159,5767,5392,6535,4067,2468,1066340.1,500543676000000,8400,5200,0
35,16,19,4528,2138,2390,2596,1244,1352,1066202,500500559000000,3400,2200,0
26,12,14,3352,1404,1948,1608,604,1004,1066122.2,500468917000000,2400,1200,200
24,11,13,4117,2367,1750,2787,1747,1040,1066057.9,500440161000000,2300,1100,0
26,12,14,3308,1336,1972,1576,536,1040,1065993.4,500408552000000,2500,1200,0
26,12,14,3308,1336,1972,1576,536,1040,1065925.9,500376910000000,2500,1200,0
25,11,14,3330,1282,2048,1662,554,1108,1065861.5,500348188000000,2300,1300,100
90,36,54,11587,6195,5392,6663,4195,2468,1065723.6,500247625000000,8900,5200,0
26,12,14,3292,1320,1972,1560,520,1040,1065582.6,500216017000000,2500,1200,0
23,11,12,3557,1717,1840,2023,983,1040,1065518.2,500187294000000,2200,1000,0
22,10,12,2896,1104,1792,1440,436,1004,1065460,500161457000000,2000,1000,200
26,12,14,3292,1320,1972,1560,520,1040,1065398.8,500129883000000,2500,1200,0
85,31,54,11159,5767,5392,6535,4067,2468,1065273.2,500043748000000,8400,5200,0
30,15,15,3896,1946,1950,2228,1100,1128,1065138.8,500003550000000,2900,1700,0
85,31,54,11175,5783,5392,6551,4083,2468,1065004.2,499917483000000,8400,5200,0
24,11,13,4125,2371,1754,2787,1747,1040,1064881.8,499888794000000,2300,1100,0
85,31,54,11415,6023,5392,6791,4323,2468,1064759.4,499802761000000,8400,5200,0
71,28,43,9563,5037,4526,5683,3487,2196,1064585.1,499725350000000,6900,4300,200
27,12,15,3386,1336,2050,1576,536,1040,1064468.9,499693809000000,2600,1200,0
105,51,54,12423,7031,5392,6599,4131,2468,1064282.5,499550532000000,10400,5300,0
26,12,14,3340,1368,1972,1608,568,1040,1064096.1,499519024000000,2500,1200,0
26,12,14,3292,1320,1972,1560,520,1040,1064028.9,499487517000000,2500,1200,0
24,11,13,4117,2367,1750,2787,1747,1040,1063964.6,499458861000000,2300,1100,0
26,12,14,3891,1851,2040,2159,1051,1108,1063900.5,499427387000000,2500,1200,0
24,11,13,4185,2367,1818,2855,1747,1108,1063836.4,499398732000000,2300,1200,0
72,27,45,9981,5279,4702,6059,3795,2264,1063726.4,499324308000000,7000,4500,200
26,12,14,3292,1320,1972,1560,520,1040,1063613.5,499292834000000,2500,1200,0
88,32,56,11395,5827,5568,6603,4067,2536,1063485.2,499204149000000,8700,5300,0
22,10,12,2670,1006,1664,1440,436,1004,1063363.2,499178380000000,2000,1000,200
23,11,12,3541,1701,1840,2007,967,1040,1063305.2,499149791000000,2200,1000,0
52,24,28,6584,2640,3944,3120,1040,2080,1063205.2,499084025000000,5000,2400,0
89,35,54,11527,6135,5392,6663,4195,2468,1063032.1,498986817000000,8800,5200,0
23,11,12,3557,1717,1840,2023,983,1040,1062898,498958229000000,2200,1000,0
90,31,59,11785,5783,6002,6891,4083,2808,1062776.1,498872497000000,8900,5700,0
26,12,14,3292,1320,1972,1560,520,1040,1062651.1,498841091000000,2500,1200,0
8,4,4,1395,259,1136,935,23,912,1062608.5,498832534000000,700,300,100
25,11,14,3258,1322,1936,1592,588,1004,1062568.9,498803946000000,2300,1100,200
90,33,57,12041,5887,6154,7135,4067,3068,1062441,498712577000000,8900,5500,0
26,12,14,3292,1320,1972,1560,520,1040,1062310,498681170000000,2500,1200,0
22,10,12,2896,1104,1792,1440,436,1004,1062249.1,498655467000000,2000,1000,200
24,11,13,4181,2431,1750,2851,1811,1040,1062191.2,498626946000000,2300,1100,0
7,4,3,412,242,170,0,0,0,1062151.6,498618390000000,600,0,0
26,12,14,3292,1320,1972,1560,520,1040,1062109,498586983000000,2500,1200,0
27,12,15,3838,1336,2502,2040,536,1504,1062042,498555609000000,2600,1300,0
25,12,13,3530,1248,2282,1864,436,1428,1061975,498524202000000,2300,1100,200
24,11,13,4117,2367,1750,2787,1747,1040,1061911,498495681000000,2300,1100,0
86,32,54,11283,5891,5392,6599,4131,2468,1061786.4,498407265000000,8500,5200,0
21,14,7,1246,840,406,0,0,0,1067055.1,502956005000000,700,0,700
24,11,13,3607,1701,1906,2007,967,1040,1072387.1,502927215000000,2300,1100,0
26,12,14,3292,1320,1972,1560,520,1040,1072322.5,502895573000000,2500,1200,0
40,18,22,6213,3225,2988,4007,2215,1792,1072236.5,502846684000000,3900,2300,0
26,12,14,3292,1320,1972,1560,520,1040,1072150.5,502815043000000,2500,1200,0
15,8,7,886,480,406,0,0,0,1076618.1,507985982000000,700,0,400
26,12,14,3292,1320,1972,1560,520,1040,1081085.1,507954038000000,2500,1200,0
24,11,13,4185,2367,1818,2855,1747,1108,1081020.1,507924980000000,2300,1200,0
24,11,13,4117,2367,1750,2787,1747,1040,1080958.2,507895955000000,2300,1100,0
26,12,14,3292,1320,1972,1560,520,1040,1080893.1,507864012000000,2500,1200,0
28,12,16,4763,2647,2116,3223,1979,1244,1080825.1,507832068000000,2700,1600,100
26,12,14,3292,1320,1972,1560,520,1040,1080757,507800124000000,2500,1200,0
44,18,26,6553,3557,2996,4143,2559,1584,1080670.4,507750765000000,4300,2600,100
23,11,12,3541,1701,1840,2007,967,1040,1080586.8,507721741000000,2200,1000,0
85,31,54,11159,5767,5392,6535,4067,2468,1080463.1,507634701000000,8400,5200,0
26,12,14,3891,1851,2040,2159,1051,1108,1080336.4,507602790000000,2500,1200,0
99,34,65,13343,6781,6562,7915,4919,2996,1080200.4,507507093000000,9800,6300,0
25,12,13,3226,1320,1906,1560,520,1040,1080064.4,507475183000000,2400,1200,0
24,11,13,4125,2371,1754,2787,1747,1040,1079999.5,507446192000000,2300,1100,0
99,34,65,12907,6341,6566,7491,4479,3012,1079866.8,507350562000000,9800,6400,0
81,30,51,10913,5615,5298,6499,3963,2536,1079675.4,507266541000000,8000,5100,100
36,16,20,5461,3105,2356,3483,2215,1268,1079539.5,507223088000000,3500,2100,0
25,12,13,3132,1242,1890,1472,436,1036,1079459.2,507191212000000,2200,1100,300
17,8,9,3125,1679,1446,2167,1215,952,1079403.6,507170945000000,1600,700,0
26,12,14,3292,1320,1972,1560,520,1040,1079348.1,507139102000000,2500,1200,0
24,11,13,3192,1322,1870,1592,588,1004,1079283.2,507110144000000,2200,1100,200
96,42,54,11883,6491,5392,6599,4131,2468,1079126,506991462000000,9500,5200,0
26,12,14,3292,1320,1972,1560,520,1040,1078965.6,506959652000000,2500,1200,0
146,52,94,18049,9133,8916,10123,6295,3828,1078774.4,506812114000000,14400,9300,100
26,12,14,3292,1320,1972,1560,520,1040,1078583.2,506780304000000,2500,1200,0
94,39,55,11693,6247,5446,6535,4067,2468,1078432.4,506670480000000,9300,5300,0
26,12,14,3292,1320,1972,1560,520,1040,1078281.4,506638671000000,2500,1200,0
91,37,54,11775,6383,5392,6791,4323,2468,1078136.8,506534652000000,9000,5200,0
24,11,13,4117,2367,1750,2787,1747,1040,1077995.1,506505795000000,2300,1100,0
26,12,14,3292,1320,1972,1560,520,1040,1077930.4,506474019000000,2500,1200,0
26,12,14,3292,1320,1972,1560,520,1040,1077862.6,506442243000000,2500,1200,0
28,12,16,4427,2431,1996,2855,1747,1108,1077795,506410501000000,2700,1300,0
24,11,13,4117,2367,1750,2787,1747,1040,1077730.4,506381610000000,2300,1100,0
29,14,15,3926,1464,2462,1984,520,1464,1077659.5,506344096000000,2800,1300,0
99,40,59,12381,6527,5854,6935,4299,2636,1077499.6,506231555000000,9800,5800,0
14,7,7,2925,1619,1306,2135,1215,920,1077361.4,506214241000000,1300,500,0
26,12,14,3292,1320,1972,1560,520,1040,1077309.1,506182498000000,2500,1200,0
47,24,23,6569,3871,2698,3955,2507,1448,1077204.6,506116161000000,4500,2300,200
28,14,14,4597,2657,1940,3039,1863,1176,1077094,506078681000000,2700,1400,100
85,31,54,11223,5831,5392,6599,4131,2468,1076961.9,505992211000000,8400,5200,0
90,34,56,11765,6185,5580,6847,4311,2536,1076768.4,505897084000000,8900,5400,0
39,17,22,5641,3165,2476,3483,2215,1268,1076618,505851014000000,3800,2200,0
84,30,54,11227,5835,5392,6663,4195,2468,1076479.9,505767463000000,8300,5200,0
87,31,56,11999,5975,6024,7267,4275,2992,1076298.8,505681094000000,8600,5400,0
147,52,95,18135,9165,8970,10155,6327,3828,1076050.4,505534327000000,14400,9300,200
37,16,21,5567,3105,2462,3535,2215,1320,1075848,505491176000000,3600,2200,0
26,12,14,3292,1320,1972,1560,520,1040,1075768.2,505459534000000,2500,1200,0
26,12,14,3308,1336,1972,1576,536,1040,1075700.8,505427893000000,2500,1200,0
99,35,64,12619,6183,6436,7191,4247,2944,1075562.9,505330115000000,9700,6000,0
26,12,14,3292,1320,1972,1560,520,1040,1075425.1,505298507000000,2500,1200,0
85,31,54,11175,5783,5392,6551,4083,2468,1075299.5,505212272000000,8400,5300,0
26,12,14,3292,1320,1972,1560,520,1040,1075173.9,505180664000000,2500,1200,0
24,11,13,4185,2367,1818,2855,1747,1108,1075109.6,505151941000000,2300,1200,0
85,31,54,11159,5767,5392,6535,4067,2468,1074987.1,505065773000000,8400,5200,0
23,11,12,3541,1701,1840,2007,967,1040,1074864.8,505037051000000,2200,1000,0
85,31,54,11287,5895,5392,6663,4195,2468,1074742.4,504950916000000,8400,5200,0
85,31,54,11629,5773,5856,6999,4067,2932,1074558.9,504864816000000,8400,5200,0
30,13,17,4987,2817,2170,3339,2095,1244,1074430.5,504830389000000,2900,1700,100
24,11,13,4125,2371,1754,2787,1747,1040,1074363.1,504801700000000,2300,1100,0
85,31,54,11351,5959,5392,6727,4259,2468,1074240.9,504715666000000,8400,5200,0
26,12,14,3292,1320,1972,1560,520,1040,1074115.6,504684092000000,2500,1200,0
23,11,12,3541,1701,1840,2007,967,1040,1074051.4,504655436000000,2200,1000,0
97,35,62,12369,6077,6292,7059,4131,2928,1073917,504557960000000,9600,5900,0
24,11,13,4181,2431,1750,2851,1811,1040,1073782.6,504529305000000,2300,1100,0
85,31,54,11223,5831,5392,6599,4131,2468,1073660.5,504443338000000,8400,5200,0
24,11,13,4117,2367,1750,2787,1747,1040,1073538.4,504414717000000,2300,1100,0
10,6,4,1059,379,680,479,23,456,1073492.8,504400389000000,900,300,100
26,12,14,3292,1320,1972,1560,520,1040,1073444,504368881000000,2500,1200,0
24,11,13,4117,2367,1750,2787,1747,1040,1073379.9,504340226000000,2300,1100,0
26,12,14,3292,1320,1972,1560,520,1040,1073315.8,504308752000000,2500,1200,0
23,11,12,3541,1701,1840,2007,967,1040,1073251.8,504280096000000,2200,1000,0
26,12,14,3292,1320,1972,1560,520,1040,1073187.6,504248622000000,2500,1200,0
24,11,13,4945,3179,1766,3595,2555,1040,1073123.5,504220000000000,2300,1100,0
22,10,12,2896,1104,1792,1440,436,1004,1073065.5,504194230000000,2000,1000,200
26,12,14,3292,1320,1972,1560,520,1040,1073004.5,504162756000000,2500,1200,0
26,12,14,3292,1320,1972,1560,520,1040,1072937.4,504131282000000,2500,1200,0
23,10,13,2970,1104,1866,1440,436,1004,1072876.4,504105546000000,2100,1000,200
22,10,12,2896,1104,1792,1440,436,1004,1072821.5,504079776000000,2000,1000,200
24,11,13,3607,1701,1906,2007,967,1040,1072763.5,504051188000000,2300,1100,0
50,20,30,7309,3961,3348,4575,2855,1720,1072675.1,503996830000000,4800,3000,200
55,25,30,8119,3979,4140,5055,2559,2496,1072544.1,503928211000000,5300,2800,100
23,11,12,3541,1701,1840,2007,967,1040,1072440.5,503899622000000,2200,1000,0
26,12,14,3292,1320,1972,1560,520,1040,1072376.5,503868182000000,2500,1200,0
23,11,12,3541,1701,1840,2007,967,1040,1072312.5,503839594000000,2200,1000,0
85,31,54,11159,5767,5392,6535,4067,2468,1072190.8,503753896000000,8400,5200,0
26,12,14,3292,1320,1972,1560,520,1040,1072065.9,503722455000000,2500,1200,0
85,31,54,11367,5975,5392,6743,4275,2468,1071941.1,503636791000000,8400,5200,0
42,17,25,6229,3387,2842,3927,2443,1484,1071801.1,503591089000000,4100,2400,0
26,12,14,3292,1320,1972,1560,520,1040,1071719,503559683000000,2500,1200,0
61,24,37,8507,4577,3930,5179,3255,1924,1071615.5,503494050000000,5900,3700,200
3,2,1,178,120,58,0,0,0,1071542.5,503491198000000,100,0,100
3,2,1,184,122,62,0,0,0,1071536.4,503488346000000,100,0,100
24,11,13,4185,2367,1818,2855,1747,1108,1071503,503459791000000,2300,1200,0
25,11,14,3226,1254,1972,1560,520,1040,1071442.1,503431270000000,2400,1200,0
24,11,13,4125,2371,1754,2787,1747,1040,1071381.2,503402715000000,2300,1100,0
19,9,10,3725,2137,1588,2671,1631,1040,1071326.5,503379898000000,1800,1000,100
26,12,14,3292,1320,1972,1560,520,1040,1071268.8,503348524000000,2500,1200,0
24,11,13,4125,2371,1754,2787,1747,1040,1071204.9,503320003000000,2300,1100,0
24,11,13,4117,2367,1750,2787,1747,1040,1071144.1,503291482000000,2300,1100,0
26,12,14,3012,1204,1808,1560,520,1040,1071080.2,503260109000000,2500,1200,0
22,10,12,2896,1104,1792,1440,436,1004,1071019.4,503234473000000,2000,1000,200
13,7,6,2871,1619,1252,2135,1215,920,1070974.4,503217360000000,1200,500,100
24,11,13,4125,2371,1754,2787,1747,1040,1070926.2,503188839000000,2300,1100,0
87,32,55,11283,5829,5454,6535,4067,2468,1070801.8,503100490000000,8500,5200,0
27,13,14,3358,1386,1972,1560,520,1040,1070671.1,503066298000000,2600,1200,0
22,10,12,2896,1104,1792,1440,436,1004,1070607.4,503040663000000,2000,1000,200
23,11,12,3541,1701,1840,2007,967,1040,1070549.6,503012175000000,2200,1000,0
75,29,46,10745,6017,4728,6607,4411,2196,1070434.4,502932416000000,7300,4400,100
26,12,14,3292,1320,1972,1560,520,1040,1070316,502901110000000,2500,1200,0
86,31,55,11297,5783,5514,6619,4083,2536,1070191.6,502815714000000,8500,5300,0
24,11,13,4133,2383,1750,2803,1763,1040,1070070.2,502787259000000,2300,1100,0
85,31,54,11223,5831,5392,6599,4131,2468,1069949,502701863000000,8400,5200,0
29,14,15,3570,1480,2090,1628,536,1092,1069818.6,502664886000000,2800,1300,0
3,2,1,178,120,58,0,0,0,1069776.1,502662068000000,100,0,100
26,12,14,3308,1336,1972,1576,536,1040,1069739.8,502630762000000,2500,1200,0
24,11,13,4117,2367,1750,2787,1747,1040,1069676.1,502602307000000,2300,1100,0
24,11,13,4125,2371,1754,2787,1747,1040,1069615.5,502573887000000,2300,1100,0
36,15,21,4472,1726,2746,2034,722,1312,1069543,502534091000000,3400,1900,100
26,12,14,3012,1204,1808,1560,520,1040,1069467.5,502502819000000,2500,1200,0
26,12,14,3292,1320,1972,1560,520,1040,1069400.9,502471546000000,2500,1200,0
24,11,13,4117,2367,1750,2787,1747,1040,1069337.2,502443125000000,2300,1100,0
29,14,15,3914,1452,2462,1984,520,1464,1069267.5,502406182000000,2800,1300,0
26,12,14,3292,1320,1972,1560,520,1040,1069194.8,502374909000000,2500,1200,0
26,12,14,3308,1336,1972,1576,536,1040,1069128.1,502343670000000,2500,1200,0
27,12,15,3426,1320,2106,1628,520,1108,1069061.5,502312397000000,2600,1300,0
27,18,9,1602,1080,522,0,0,0,1073378.6,505812762000000,900,0,900
86,31,55,11213,5767,5446,6535,4067,2468,1077637.1,505726963000000,8500,5200,0
39,17,22,6529,3973,2556,4359,3023,1336,1077496.8,505681229000000,3800,2300,0
23,11,12,3541,1701,1840,2007,967,1040,1077417.4,505652640000000,2200,1000,0
23,11,12,3541,1701,1840,2007,967,1040,1077356.4,505624052000000,2200,1000,0
87,32,55,11523,6065,5458,6779,4311,2468,1077231.4,505535468000000,8600,5300,0
106,52,54,12419,7027,5392,6535,4067,2468,1076981.5,505389808000000,10500,5300,0
25,12,13,3396,1554,1842,2004,876,1128,1076792.6,505358401000000,2400,1500,0
88,34,54,11339,5947,5392,6535,4067,2468,1076658.8,505264214000000,8700,5300,0
87,32,55,11341,5827,5514,6603,4067,2536,1076464.2,505175765000000,8600,5300,0
84,30,54,11205,5597,5608,6623,3951,2672,1076281.6,505093053000000,8300,5400,100
38,16,22,5673,3105,2568,3587,2215,1372,1076147.8,505050271000000,3700,2400,0
100,45,55,12319,6861,5458,6795,4327,2468,1075968.2,504924845000000,9900,5400,0
72,27,45,9917,5215,4702,5995,3731,2264,1075755.5,504850756000000,7000,4500,200
22,10,12,2896,1104,1792,1440,436,1004,1075649.1,504825121000000,2000,1000,200
88,34,54,11403,6011,5392,6599,4131,2468,1075521.5,504731101000000,8700,5200,0
23,11,12,3541,1701,1840,2007,967,1040,1075390.9,504702647000000,2200,1000,0
22,10,12,2896,1104,1792,1440,436,1004,1075333,504677012000000,2000,1000,200
23,10,13,3426,1104,2322,1904,436,1468,1075278.4,504651376000000,2100,1100,200
24,11,13,4117,2367,1750,2787,1747,1040,1075220.6,504622922000000,2300,1100,0
24,11,13,3607,1701,1906,2007,967,1040,1075159.9,504594434000000,2300,1100,0
85,31,54,11159,5767,5392,6535,4067,2468,1075038.4,504509072000000,8400,5200,0
23,11,12,3541,1701,1840,2007,967,1040,1074917,504480617000000,2200,1000,0
26,12,14,3028,1220,1808,1576,536,1040,1074853.1,504449345000000,2500,1200,0
26,12,14,3292,1320,1972,1560,520,1040,1074786.4,504418038000000,2500,1200,0
22,10,12,2896,1104,1792,1440,436,1004,1074725.6,504392436000000,2000,1000,200
27,12,15,3822,1320,2502,2024,520,1504,1074664.9,504361164000000,2600,1300,0
26,12,14,3292,1320,1972,1560,520,1040,1074598.1,504329891000000,2500,1200,0
92,33,59,12199,6253,5946,7179,4439,2740,1074467.8,504238925000000,9100,5700,0
23,11,12,3541,1701,1840,2007,967,1040,1074340.4,504210504000000,2200,1000,0
25,11,14,3290,1322,1968,1624,588,1036,1074279.8,504182084000000,2300,1200,200
33,14,19,5397,3051,2346,3587,2275,1312,1074210,504145140000000,3200,1900,100
26,12,14,3292,1320,1972,1560,520,1040,1074137.2,504113868000000,2500,1200,0
26,12,14,3308,1336,1972,1576,536,1040,1074070.5,504082628000000,2500,1200,0
26,12,14,3308,1336,1972,1576,536,1040,1074003.8,504051389000000,2500,1200,0
91,35,56,11659,6023,5636,6687,4083,2604,1073867.5,503954853000000,9000,5400,0
98,43,55,12065,6551,5514,6667,4131,2536,1073637.8,503835634000000,9700,5300,0
96,36,60,12245,6177,6068,6991,4183,2808,1073405.1,503736313000000,9500,5800,0
18,8,10,3362,846,2516,2164,316,1848,1073278.1,503716482000000,1600,800,100
26,12,14,3292,1320,1972,1560,520,1040,1073223.6,503685277000000,2500,1200,0
24,11,13,3623,1717,1906,2023,983,1040,1073160.1,503656923000000,2300,1100,0
26,12,14,3292,1320,1972,1560,520,1040,1073096.5,503625718000000,2500,1200,0
85,31,54,11415,6023,5392,6791,4323,2468,1072972.5,503540657000000,8400,5200,0
24,11,13,4117,2367,1750,2787,1747,1040,1072851.5,503512337000000,2300,1100,0
10,6,4,1861,1181,680,1287,831,456,1072806.1,503498144000000,800,300,200
90,35,55,11453,6007,5446,6535,4067,2468,1072688.5,503401809000000,8900,5300,0
20,10,10,3785,2197,1588,2671,1631,1040,1072558.8,503376341000000,1800,1000,200
26,12,14,3308,1336,1972,1576,536,1040,1072498.2,503345169000000,2500,1200,0
26,12,14,3292,1320,1972,1560,520,1040,1072431.8,503314031000000,2500,1200,0
87,32,55,11357,5843,5514,6619,4083,2536,1072304.9,503226252000000,8600,5300,0
106,52,54,12435,7043,5392,6551,4083,2468,1072057.2,503081901000000,10500,5300,0
24,11,13,4185,2367,1818,2855,1747,1108,1071873.2,503053615000000,2300,1200,0
85,31,54,11159,5767,5392,6535,4067,2468,1071752.5,502968755000000,8400,5200,0
26,12,14,3292,1320,1972,1560,520,1040,1071628.8,502937650000000,2500,1200,0
6,1,5,350,60,290,0,0,0,1071595.6,502937650000000,500,0,0
